3.000000e+02 1.518620e+00 5.785897e-03
3.000000e+02 1.524350e+00 5.894159e-03
3.000000e+02 1.527130e+00 6.012350e-03
3.000000e+02 1.531562e+00 5.892108e-03
3.000000e+02 1.523002e+00 5.820655e-03
3.050000e+02 1.980779e+00 7.532855e-03
3.050000e+02 1.986851e+00 7.539666e-03
3.050000e+02 1.984672e+00 7.724606e-03
3.050000e+02 1.989286e+00 7.527505e-03
3.050000e+02 1.978884e+00 7.598090e-03
3.100000e+02 2.542814e+00 9.866420e-03
3.100000e+02 2.545990e+00 9.801494e-03
3.100000e+02 2.533582e+00 9.893276e-03
3.100000e+02 2.523386e+00 9.918005e-03
3.100000e+02 2.531587e+00 9.746455e-03
3.150000e+02 3.264341e+00 1.284985e-02
3.150000e+02 3.266037e+00 1.274504e-02
3.150000e+02 3.263919e+00 1.286045e-02
3.150000e+02 3.265734e+00 1.291786e-02
3.150000e+02 3.268576e+00 1.251381e-02
3.200000e+02 4.234708e+00 1.683681e-02
3.200000e+02 4.218004e+00 1.666067e-02
3.200000e+02 4.241977e+00 1.684223e-02
3.200000e+02 4.249543e+00 1.687160e-02
3.200000e+02 4.216739e+00 1.686514e-02
3.250000e+02 5.643461e+00 2.249255e-02
3.250000e+02 5.601891e+00 2.234393e-02
3.250000e+02 5.543318e+00 2.240124e-02
3.250000e+02 5.564214e+00 2.193857e-02
3.250000e+02 5.587193e+00 2.212408e-02
3.300000e+02 7.664550e+00 3.112136e-02
3.300000e+02 7.649657e+00 3.093310e-02
3.300000e+02 7.677309e+00 3.112305e-02
3.300000e+02 7.666522e+00 3.075832e-02
3.300000e+02 7.670319e+00 3.118901e-02
3.310000e+02 8.201244e+00 3.346512e-02
3.310000e+02 8.174839e+00 3.283091e-02
3.310000e+02 8.190981e+00 3.448325e-02
3.310000e+02 8.195068e+00 3.366766e-02
3.310000e+02 8.202627e+00 3.494184e-02
3.320000e+02 8.837266e+00 3.749898e-02
3.320000e+02 8.850936e+00 3.676949e-02
3.320000e+02 8.894868e+00 3.657582e-02
3.320000e+02 8.911299e+00 3.752890e-02
3.320000e+02 8.831263e+00 3.706727e-02
3.330000e+02 9.678070e+00 4.094760e-02
3.330000e+02 9.632424e+00 3.918006e-02
3.330000e+02 9.578786e+00 4.021057e-02
3.330000e+02 9.602153e+00 4.135871e-02
3.330000e+02 9.606452e+00 4.073823e-02
3.340000e+02 1.044411e+01 4.402720e-02
3.340000e+02 1.041098e+01 4.464663e-02
3.340000e+02 1.038871e+01 4.428410e-02
3.340000e+02 1.040805e+01 4.536089e-02
3.340000e+02 1.036355e+01 4.349026e-02
3.350000e+02 1.137805e+01 4.723839e-02
3.350000e+02 1.134742e+01 4.870481e-02
3.350000e+02 1.137007e+01 4.867012e-02
3.350000e+02 1.144724e+01 4.895495e-02
3.350000e+02 1.138551e+01 4.800669e-02
3.360000e+02 1.252691e+01 5.306105e-02
3.360000e+02 1.252840e+01 5.357960e-02
3.360000e+02 1.252636e+01 5.410501e-02
3.360000e+02 1.247905e+01 5.503669e-02
3.360000e+02 1.253090e+01 5.579662e-02
3.370000e+02 1.399280e+01 6.278276e-02
3.370000e+02 1.397029e+01 6.153367e-02
3.370000e+02 1.394038e+01 6.183458e-02
3.370000e+02 1.378221e+01 5.965716e-02
3.370000e+02 1.392666e+01 5.909544e-02
3.380000e+02 1.561466e+01 7.001878e-02
3.380000e+02 1.560196e+01 6.982904e-02
3.380000e+02 1.575938e+01 6.842599e-02
3.380000e+02 1.568433e+01 6.989360e-02
3.380000e+02 1.566897e+01 6.935631e-02
3.390000e+02 1.777063e+01 8.245905e-02
3.390000e+02 1.781554e+01 8.359192e-02
3.390000e+02 1.799968e+01 8.346306e-02
3.390000e+02 1.798586e+01 7.849888e-02
3.390000e+02 1.800148e+01 8.010507e-02
3.400000e+02 2.078305e+01 9.717634e-02
3.400000e+02 2.103009e+01 9.694919e-02
3.400000e+02 2.101502e+01 9.695364e-02
3.400000e+02 2.091033e+01 9.670700e-02
3.400000e+02 2.094223e+01 9.688687e-02
3.402000e+02 2.187788e+01 1.002352e-01
3.402000e+02 2.145023e+01 9.756829e-02
3.402000e+02 2.167022e+01 1.029345e-01
3.402000e+02 2.167227e+01 9.841319e-02
3.402000e+02 2.174198e+01 1.019658e-01
3.404000e+02 2.237228e+01 1.038531e-01
3.404000e+02 2.234945e+01 1.032865e-01
3.404000e+02 2.232508e+01 1.026567e-01
3.404000e+02 2.242262e+01 1.079398e-01
3.404000e+02 2.261229e+01 1.016502e-01
3.406000e+02 2.318274e+01 1.055656e-01
3.406000e+02 2.329057e+01 1.060801e-01
3.406000e+02 2.341292e+01 1.070242e-01
3.406000e+02 2.331281e+01 1.105431e-01
3.406000e+02 2.320233e+01 1.080964e-01
3.408000e+02 2.419386e+01 1.079215e-01
3.408000e+02 2.419545e+01 1.168592e-01
3.408000e+02 2.427504e+01 1.173604e-01
3.408000e+02 2.414568e+01 1.135360e-01
3.408000e+02 2.431641e+01 1.138727e-01
3.410000e+02 2.514363e+01 1.179836e-01
3.410000e+02 2.514450e+01 1.175518e-01
3.410000e+02 2.506925e+01 1.250386e-01
3.410000e+02 2.522603e+01 1.164606e-01
3.410000e+02 2.506873e+01 1.165025e-01
3.412000e+02 2.629324e+01 1.261771e-01
3.412000e+02 2.613886e+01 1.215464e-01
3.412000e+02 2.633342e+01 1.256847e-01
3.412000e+02 2.634451e+01 1.240926e-01
3.412000e+02 2.647746e+01 1.187766e-01
3.414000e+02 2.739801e+01 1.290427e-01
3.414000e+02 2.760436e+01 1.293849e-01
3.414000e+02 2.755372e+01 1.293961e-01
3.414000e+02 2.728397e+01 1.261977e-01
3.414000e+02 2.743306e+01 1.274855e-01
3.416000e+02 2.851898e+01 1.354568e-01
3.416000e+02 2.828187e+01 1.373629e-01
3.416000e+02 2.871165e+01 1.359623e-01
3.416000e+02 2.874863e+01 1.405523e-01
3.416000e+02 2.863493e+01 1.346173e-01
3.418000e+02 3.008159e+01 1.426116e-01
3.418000e+02 3.020532e+01 1.416397e-01
3.418000e+02 3.022913e+01 1.427537e-01
3.418000e+02 3.022333e+01 1.406726e-01
3.418000e+02 3.006623e+01 1.464585e-01
3.420000e+02 3.182766e+01 1.543139e-01
3.420000e+02 3.206146e+01 1.568354e-01
3.420000e+02 3.127971e+01 1.517432e-01
3.420000e+02 3.164561e+01 1.572241e-01
3.420000e+02 3.188235e+01 1.561888e-01
3.422000e+02 3.328752e+01 1.558724e-01
3.422000e+02 3.350762e+01 1.598771e-01
3.422000e+02 3.335558e+01 1.622334e-01
3.422000e+02 3.318615e+01 1.581477e-01
3.422000e+02 3.336583e+01 1.545971e-01
3.424000e+02 3.525053e+01 1.745509e-01
3.424000e+02 3.539767e+01 1.717171e-01
3.424000e+02 3.544314e+01 1.774509e-01
3.424000e+02 3.574682e+01 1.751465e-01
3.424000e+02 3.558351e+01 1.826432e-01
3.426000e+02 3.772292e+01 1.809097e-01
3.426000e+02 3.766825e+01 1.934996e-01
3.426000e+02 3.777752e+01 1.872206e-01
3.426000e+02 3.814483e+01 1.972263e-01
3.426000e+02 3.784447e+01 1.929237e-01
3.428000e+02 3.993783e+01 1.914168e-01
3.428000e+02 4.042610e+01 2.029386e-01
3.428000e+02 4.037797e+01 1.918540e-01
3.428000e+02 3.988102e+01 1.965493e-01
3.428000e+02 3.967335e+01 1.969056e-01
3.430000e+02 4.299882e+01 2.089382e-01
3.430000e+02 4.287160e+01 2.189270e-01
3.430000e+02 4.301191e+01 2.145826e-01
3.430000e+02 4.278729e+01 2.085262e-01
3.430000e+02 4.314061e+01 2.250492e-01
3.432000e+02 4.596191e+01 2.372233e-01
3.432000e+02 4.609721e+01 2.282222e-01
3.432000e+02 4.619166e+01 2.345141e-01
3.432000e+02 4.628384e+01 2.267381e-01
3.432000e+02 4.638439e+01 2.355689e-01
3.434000e+02 5.023159e+01 2.562644e-01
3.434000e+02 4.967206e+01 2.420835e-01
3.434000e+02 4.958242e+01 2.454469e-01
3.434000e+02 4.980605e+01 2.447960e-01
3.434000e+02 5.006932e+01 2.497260e-01
3.436000e+02 5.327994e+01 2.713764e-01
3.436000e+02 5.369841e+01 2.753041e-01
3.436000e+02 5.368734e+01 2.558950e-01
3.436000e+02 5.389929e+01 2.792723e-01
3.436000e+02 5.388995e+01 2.717718e-01
3.438000e+02 5.801063e+01 2.927566e-01
3.438000e+02 5.880754e+01 2.976219e-01
3.438000e+02 5.854209e+01 2.897737e-01
3.438000e+02 5.839224e+01 3.051898e-01
3.438000e+02 5.827501e+01 2.763592e-01
3.440000e+02 6.341457e+01 3.056612e-01
3.440000e+02 6.323134e+01 3.177164e-01
3.440000e+02 6.358717e+01 3.250562e-01
3.440000e+02 6.326419e+01 3.179028e-01
3.440000e+02 6.298815e+01 3.133943e-01
3.442000e+02 6.831876e+01 2.821999e-01
3.442000e+02 6.822195e+01 2.832555e-01
3.442000e+02 6.801533e+01 2.859717e-01
3.442000e+02 6.772612e+01 2.834034e-01
3.442000e+02 6.793471e+01 2.742591e-01
3.444000e+02 7.373939e+01 3.029571e-01
3.444000e+02 7.317011e+01 2.909735e-01
3.444000e+02 7.334200e+01 2.993214e-01
3.444000e+02 7.400177e+01 2.938064e-01
3.444000e+02 7.345688e+01 2.946086e-01
3.446000e+02 7.898142e+01 3.107021e-01
3.446000e+02 7.922954e+01 3.219348e-01
3.446000e+02 7.859040e+01 3.121167e-01
3.446000e+02 7.953874e+01 3.131572e-01
3.446000e+02 7.944560e+01 3.210849e-01
3.448000e+02 8.404524e+01 3.333963e-01
3.448000e+02 8.423026e+01 3.445922e-01
3.448000e+02 8.466351e+01 3.307641e-01
3.448000e+02 8.472477e+01 3.357232e-01
3.448000e+02 8.449360e+01 3.324589e-01
3.450000e+02 9.045134e+01 3.484217e-01
3.450000e+02 9.064818e+01 3.606751e-01
3.450000e+02 9.057116e+01 3.472063e-01
3.450000e+02 9.043575e+01 3.569305e-01
3.450000e+02 9.041332e+01 3.406672e-01
3.452000e+02 9.538691e+01 3.680657e-01
3.452000e+02 9.652464e+01 3.720250e-01
3.452000e+02 9.587200e+01 3.619914e-01
3.452000e+02 9.527047e+01 3.738948e-01
3.452000e+02 9.538153e+01 3.768276e-01
3.454000e+02 1.014846e+02 3.941226e-01
3.454000e+02 1.016511e+02 3.795476e-01
3.454000e+02 1.009437e+02 3.838681e-01
3.454000e+02 1.010739e+02 3.874520e-01
3.454000e+02 1.014963e+02 3.840668e-01
3.456000e+02 1.061434e+02 3.951194e-01
3.456000e+02 1.066555e+02 4.019134e-01
3.456000e+02 1.061489e+02 3.939735e-01
3.456000e+02 1.065566e+02 4.093653e-01
3.456000e+02 1.060450e+02 4.056367e-01
3.458000e+02 1.117480e+02 4.018508e-01
3.458000e+02 1.115504e+02 4.258794e-01
3.458000e+02 1.119954e+02 4.137311e-01
3.458000e+02 1.120949e+02 4.104320e-01
3.458000e+02 1.109464e+02 4.171010e-01
3.460000e+02 1.168206e+02 4.382380e-01
3.460000e+02 1.170329e+02 4.445675e-01
3.460000e+02 1.168448e+02 4.488151e-01
3.460000e+02 1.166287e+02 4.301764e-01
3.460000e+02 1.163657e+02 4.415430e-01
3.462000e+02 1.214330e+02 4.568296e-01
3.462000e+02 1.206548e+02 4.551414e-01
3.462000e+02 1.219939e+02 4.609939e-01
3.462000e+02 1.202352e+02 4.419818e-01
3.462000e+02 1.214836e+02 4.472512e-01
3.464000e+02 1.261272e+02 4.536727e-01
3.464000e+02 1.265822e+02 4.786570e-01
3.464000e+02 1.260218e+02 4.770524e-01
3.464000e+02 1.269129e+02 4.637214e-01
3.464000e+02 1.260581e+02 4.751979e-01
3.466000e+02 1.303287e+02 4.761655e-01
3.466000e+02 1.303373e+02 4.699667e-01
3.466000e+02 1.315596e+02 4.992325e-01
3.466000e+02 1.307173e+02 4.917412e-01
3.466000e+02 1.302604e+02 4.841377e-01
3.468000e+02 1.353407e+02 5.284700e-01
3.468000e+02 1.340833e+02 5.069958e-01
3.468000e+02 1.346569e+02 5.119903e-01
3.468000e+02 1.348565e+02 4.983311e-01
3.468000e+02 1.341375e+02 5.122547e-01
3.470000e+02 1.397013e+02 5.214546e-01
3.470000e+02 1.393199e+02 5.243015e-01
3.470000e+02 1.391756e+02 5.230783e-01
3.470000e+02 1.396717e+02 5.190995e-01
3.470000e+02 1.392805e+02 5.312657e-01
3.472000e+02 1.433449e+02 5.370639e-01
3.472000e+02 1.428748e+02 5.500133e-01
3.472000e+02 1.439864e+02 5.592627e-01
3.472000e+02 1.434935e+02 5.496502e-01
3.472000e+02 1.425183e+02 5.384272e-01
3.474000e+02 1.479724e+02 5.778502e-01
3.474000e+02 1.471086e+02 5.508949e-01
3.474000e+02 1.470770e+02 5.601518e-01
3.474000e+02 1.468584e+02 5.457943e-01
3.474000e+02 1.476329e+02 5.401518e-01
3.476000e+02 1.520901e+02 5.775844e-01
3.476000e+02 1.521612e+02 5.559267e-01
3.476000e+02 1.507703e+02 5.660154e-01
3.476000e+02 1.519635e+02 5.613676e-01
3.476000e+02 1.509005e+02 5.629537e-01
3.478000e+02 1.559672e+02 5.979031e-01
3.478000e+02 1.543316e+02 5.791182e-01
3.478000e+02 1.548548e+02 5.638170e-01
3.478000e+02 1.559464e+02 5.754428e-01
3.478000e+02 1.532701e+02 5.951729e-01
3.480000e+02 1.585563e+02 6.016762e-01
3.480000e+02 1.577622e+02 5.983218e-01
3.480000e+02 1.583712e+02 5.818426e-01
3.480000e+02 1.582628e+02 6.060809e-01
3.480000e+02 1.595067e+02 5.806403e-01
3.482000e+02 1.616104e+02 6.183402e-01
3.482000e+02 1.610054e+02 5.850715e-01
3.482000e+02 1.616535e+02 6.284811e-01
3.482000e+02 1.624782e+02 6.052812e-01
3.482000e+02 1.611113e+02 6.168414e-01
3.484000e+02 1.650269e+02 6.248595e-01
3.484000e+02 1.649731e+02 6.009582e-01
3.484000e+02 1.642848e+02 6.006568e-01
3.484000e+02 1.657073e+02 6.084950e-01
3.484000e+02 1.654058e+02 6.156124e-01
3.486000e+02 1.688579e+02 6.344492e-01
3.486000e+02 1.684424e+02 6.359331e-01
3.486000e+02 1.681793e+02 6.333466e-01
3.486000e+02 1.694445e+02 6.540944e-01
3.486000e+02 1.689212e+02 6.520502e-01
3.488000e+02 1.723930e+02 6.423381e-01
3.488000e+02 1.710482e+02 6.596044e-01
3.488000e+02 1.725603e+02 6.619301e-01
3.488000e+02 1.712061e+02 6.468945e-01
3.488000e+02 1.720395e+02 6.547429e-01
3.490000e+02 1.747784e+02 6.661367e-01
3.490000e+02 1.753688e+02 6.588035e-01
3.490000e+02 1.740495e+02 6.506495e-01
3.490000e+02 1.747588e+02 6.682923e-01
3.490000e+02 1.747459e+02 6.657942e-01
3.492000e+02 1.774102e+02 6.755456e-01
3.492000e+02 1.774574e+02 6.692639e-01
3.492000e+02 1.780960e+02 6.739367e-01
3.492000e+02 1.781063e+02 7.058072e-01
3.492000e+02 1.781688e+02 6.844185e-01
3.494000e+02 1.805137e+02 6.947548e-01
3.494000e+02 1.803507e+02 6.903253e-01
3.494000e+02 1.815020e+02 6.608247e-01
3.494000e+02 1.829717e+02 6.843434e-01
3.494000e+02 1.816012e+02 6.745399e-01
3.496000e+02 1.848152e+02 7.275643e-01
3.496000e+02 1.843521e+02 6.958274e-01
3.496000e+02 1.842350e+02 7.047449e-01
3.496000e+02 1.837514e+02 7.111082e-01
3.496000e+02 1.854704e+02 7.034228e-01
3.498000e+02 1.867594e+02 7.319946e-01
3.498000e+02 1.879341e+02 6.887614e-01
3.498000e+02 1.868799e+02 7.096938e-01
3.498000e+02 1.875849e+02 7.001865e-01
3.498000e+02 1.868686e+02 7.236093e-01
3.500000e+02 1.902254e+02 7.092382e-01
3.500000e+02 1.891576e+02 7.195792e-01
3.500000e+02 1.890933e+02 7.319177e-01
3.500000e+02 1.897790e+02 7.384373e-01
3.500000e+02 1.899648e+02 7.367052e-01
3.510000e+02 2.028514e+02 7.651987e-01
3.510000e+02 2.029544e+02 7.572794e-01
3.510000e+02 2.048420e+02 7.833022e-01
3.510000e+02 2.019835e+02 7.754278e-01
3.510000e+02 2.040129e+02 7.826539e-01
3.520000e+02 2.150869e+02 8.308033e-01
3.520000e+02 2.145832e+02 8.311416e-01
3.520000e+02 2.140309e+02 8.346804e-01
3.520000e+02 2.142471e+02 8.190930e-01
3.520000e+02 2.148763e+02 8.189438e-01
3.530000e+02 2.248250e+02 8.723154e-01
3.530000e+02 2.248091e+02 8.937125e-01
3.530000e+02 2.241339e+02 8.928882e-01
3.530000e+02 2.248746e+02 8.605499e-01
3.530000e+02 2.251912e+02 8.668468e-01
3.540000e+02 2.348570e+02 9.228279e-01
3.540000e+02 2.347788e+02 8.827649e-01
3.540000e+02 2.326938e+02 9.187544e-01
3.540000e+02 2.344871e+02 9.303980e-01
3.540000e+02 2.340003e+02 9.055683e-01
3.550000e+02 2.431043e+02 9.620516e-01
3.550000e+02 2.436689e+02 9.701506e-01
3.550000e+02 2.431984e+02 9.334578e-01
3.550000e+02 2.439343e+02 9.191279e-01
3.550000e+02 2.432278e+02 9.434287e-01
3.560000e+02 2.494194e+02 9.664086e-01
3.560000e+02 2.482729e+02 9.735590e-01
3.560000e+02 2.509295e+02 9.892750e-01
3.560000e+02 2.512088e+02 1.005286e+00
3.560000e+02 2.502945e+02 1.029086e+00
3.570000e+02 2.571610e+02 1.032631e+00
3.570000e+02 2.585157e+02 1.010840e+00
3.570000e+02 2.590934e+02 1.021006e+00
3.570000e+02 2.580103e+02 1.010621e+00
3.570000e+02 2.586718e+02 1.008951e+00
3.580000e+02 2.645759e+02 1.045936e+00
3.580000e+02 2.655996e+02 1.054681e+00
3.580000e+02 2.660976e+02 1.080309e+00
3.580000e+02 2.630311e+02 1.031317e+00
3.580000e+02 2.663054e+02 1.058965e+00
3.590000e+02 2.708979e+02 1.066299e+00
3.590000e+02 2.717192e+02 1.079829e+00
3.590000e+02 2.718562e+02 1.065992e+00
3.590000e+02 2.714851e+02 1.024747e+00
3.590000e+02 2.697791e+02 1.074746e+00
3.600000e+02 2.748893e+02 1.100647e+00
3.600000e+02 2.769072e+02 1.087564e+00
3.600000e+02 2.754067e+02 1.068066e+00
3.600000e+02 2.767974e+02 1.060094e+00
3.600000e+02 2.754123e+02 1.090851e+00
3.650000e+02 3.002498e+02 1.192117e+00
3.650000e+02 2.976938e+02 1.200354e+00
3.650000e+02 2.989762e+02 1.202381e+00
3.650000e+02 2.978281e+02 1.171771e+00
3.650000e+02 2.979672e+02 1.156385e+00
3.700000e+02 3.121205e+02 1.255559e+00
3.700000e+02 3.122638e+02 1.245474e+00
3.700000e+02 3.127702e+02 1.236152e+00
3.700000e+02 3.109117e+02 1.255805e+00
3.700000e+02 3.138672e+02 1.220506e+00
3.750000e+02 3.201351e+02 1.325852e+00
3.750000e+02 3.177194e+02 1.326276e+00
3.750000e+02 3.194492e+02 1.298166e+00
3.750000e+02 3.199465e+02 1.255237e+00
3.750000e+02 3.207581e+02 1.287946e+00
3.800000e+02 3.219315e+02 1.352189e+00
3.800000e+02 3.239406e+02 1.311326e+00
3.800000e+02 3.243000e+02 1.356895e+00
3.800000e+02 3.210953e+02 1.318804e+00
3.800000e+02 3.220462e+02 1.337205e+00
3.850000e+02 3.248104e+02 1.292070e+00
3.850000e+02 3.252894e+02 1.338327e+00
3.850000e+02 3.241928e+02 1.334511e+00
3.850000e+02 3.239109e+02 1.302806e+00
3.850000e+02 3.256765e+02 1.295567e+00
3.900000e+02 3.221123e+02 1.292209e+00
3.900000e+02 3.245416e+02 1.327564e+00
3.900000e+02 3.233068e+02 1.309370e+00
3.900000e+02 3.280932e+02 1.334652e+00
3.900000e+02 3.238774e+02 1.368824e+00
3.950000e+02 3.213695e+02 1.303330e+00
3.950000e+02 3.234929e+02 1.313347e+00
3.950000e+02 3.215053e+02 1.303961e+00
3.950000e+02 3.240239e+02 1.337868e+00
3.950000e+02 3.229357e+02 1.324004e+00
