3.000000e+02 5.863431e-02 1.962111e-04
3.000000e+02 5.845885e-02 1.952504e-04
3.000000e+02 5.817181e-02 2.005970e-04
3.000000e+02 5.837357e-02 2.007494e-04
3.000000e+02 5.859644e-02 1.974509e-04
3.050000e+02 1.147968e-01 4.010579e-04
3.050000e+02 1.148406e-01 3.951248e-04
3.050000e+02 1.152404e-01 3.971454e-04
3.050000e+02 1.140793e-01 3.894106e-04
3.050000e+02 1.148772e-01 3.933808e-04
3.100000e+02 1.958724e-01 6.898695e-04
3.100000e+02 1.977923e-01 6.822409e-04
3.100000e+02 1.970916e-01 6.834765e-04
3.100000e+02 1.969595e-01 6.680510e-04
3.100000e+02 1.983378e-01 6.854586e-04
3.150000e+02 3.161302e-01 1.120144e-03
3.150000e+02 3.161654e-01 1.097116e-03
3.150000e+02 3.172134e-01 1.131368e-03
3.150000e+02 3.155065e-01 1.089000e-03
3.150000e+02 3.159289e-01 1.099646e-03
3.200000e+02 4.894770e-01 1.707951e-03
3.200000e+02 4.892610e-01 1.705775e-03
3.200000e+02 4.872337e-01 1.720553e-03
3.200000e+02 4.874117e-01 1.716341e-03
3.200000e+02 4.893850e-01 1.722409e-03
3.250000e+02 7.478249e-01 2.698243e-03
3.250000e+02 7.434859e-01 2.619512e-03
3.250000e+02 7.456116e-01 2.639594e-03
3.250000e+02 7.451915e-01 2.683429e-03
3.250000e+02 7.435361e-01 2.688215e-03
3.300000e+02 1.154358e+00 4.342326e-03
3.300000e+02 1.161495e+00 4.365744e-03
3.300000e+02 1.154825e+00 4.309842e-03
3.300000e+02 1.160537e+00 4.289082e-03
3.300000e+02 1.162144e+00 4.271392e-03
3.310000e+02 1.267726e+00 4.671471e-03
3.310000e+02 1.271785e+00 4.636994e-03
3.310000e+02 1.260590e+00 4.734884e-03
3.310000e+02 1.271154e+00 4.709084e-03
3.310000e+02 1.268155e+00 4.712182e-03
3.320000e+02 1.401509e+00 5.246397e-03
3.320000e+02 1.394868e+00 5.267487e-03
3.320000e+02 1.399525e+00 5.225929e-03
3.320000e+02 1.400860e+00 5.297033e-03
3.320000e+02 1.390347e+00 5.227054e-03
3.330000e+02 1.541015e+00 5.802413e-03
3.330000e+02 1.549852e+00 5.868042e-03
3.330000e+02 1.528359e+00 5.786811e-03
3.330000e+02 1.524987e+00 5.765018e-03
3.330000e+02 1.540387e+00 5.844525e-03
3.340000e+02 1.707316e+00 6.577872e-03
3.340000e+02 1.694705e+00 6.587739e-03
3.340000e+02 1.709401e+00 6.538308e-03
3.340000e+02 1.710200e+00 6.546904e-03
3.340000e+02 1.720819e+00 6.543127e-03
3.350000e+02 1.903593e+00 7.147420e-03
3.350000e+02 1.901874e+00 7.363441e-03
3.350000e+02 1.905387e+00 7.423010e-03
3.350000e+02 1.912399e+00 7.433039e-03
3.350000e+02 1.905956e+00 7.359900e-03
3.360000e+02 2.140341e+00 8.262215e-03
3.360000e+02 2.147887e+00 8.372089e-03
3.360000e+02 2.133615e+00 8.058797e-03
3.360000e+02 2.126314e+00 8.516085e-03
3.360000e+02 2.136678e+00 8.447007e-03
3.370000e+02 2.415736e+00 9.373196e-03
3.370000e+02 2.412137e+00 9.622928e-03
3.370000e+02 2.411524e+00 9.498346e-03
3.370000e+02 2.411548e+00 9.977393e-03
3.370000e+02 2.410309e+00 9.515779e-03
3.380000e+02 2.773298e+00 1.126342e-02
3.380000e+02 2.769944e+00 1.142269e-02
3.380000e+02 2.759991e+00 1.131991e-02
3.380000e+02 2.758064e+00 1.093266e-02
3.380000e+02 2.775463e+00 1.112409e-02
3.390000e+02 3.207085e+00 1.313570e-02
3.390000e+02 3.199112e+00 1.278498e-02
3.390000e+02 3.214681e+00 1.330760e-02
3.390000e+02 3.192934e+00 1.376481e-02
3.390000e+02 3.211886e+00 1.339163e-02
3.400000e+02 3.778941e+00 1.644068e-02
3.400000e+02 3.794370e+00 1.617467e-02
3.400000e+02 3.785317e+00 1.595178e-02
3.400000e+02 3.797037e+00 1.569780e-02
3.400000e+02 3.783191e+00 1.621845e-02
3.402000e+02 3.937690e+00 1.672123e-02
3.402000e+02 3.915336e+00 1.662851e-02
3.402000e+02 3.928305e+00 1.678058e-02
3.402000e+02 3.964005e+00 1.757371e-02
3.402000e+02 3.938492e+00 1.702025e-02
3.404000e+02 4.064344e+00 1.831468e-02
3.404000e+02 4.072471e+00 1.808889e-02
3.404000e+02 4.052749e+00 1.765010e-02
3.404000e+02 4.067401e+00 1.788151e-02
3.404000e+02 4.100642e+00 1.779219e-02
3.406000e+02 4.244705e+00 1.792015e-02
3.406000e+02 4.230815e+00 1.796344e-02
3.406000e+02 4.238061e+00 1.844970e-02
3.406000e+02 4.246045e+00 1.898193e-02
3.406000e+02 4.246143e+00 1.882211e-02
3.408000e+02 4.431978e+00 1.945623e-02
3.408000e+02 4.435683e+00 2.011903e-02
3.408000e+02 4.408056e+00 1.922607e-02
3.408000e+02 4.424006e+00 1.985632e-02
3.408000e+02 4.439800e+00 1.945146e-02
3.410000e+02 4.623645e+00 2.030606e-02
3.410000e+02 4.587872e+00 1.997023e-02
3.410000e+02 4.634534e+00 2.014905e-02
3.410000e+02 4.621223e+00 2.067247e-02
3.410000e+02 4.639440e+00 2.063404e-02
3.412000e+02 4.810697e+00 2.243324e-02
3.412000e+02 4.823439e+00 2.214645e-02
3.412000e+02 4.804034e+00 2.198388e-02
3.412000e+02 4.808952e+00 2.134914e-02
3.412000e+02 4.834955e+00 2.227904e-02
3.414000e+02 5.060431e+00 2.252621e-02
3.414000e+02 5.081339e+00 2.334878e-02
3.414000e+02 5.072992e+00 2.254896e-02
3.414000e+02 5.077726e+00 2.294875e-02
3.414000e+02 5.098634e+00 2.274223e-02
3.416000e+02 5.306451e+00 2.359671e-02
3.416000e+02 5.345304e+00 2.312394e-02
3.416000e+02 5.286920e+00 2.317665e-02
3.416000e+02 5.296295e+00 2.451265e-02
3.416000e+02 5.363383e+00 2.501410e-02
3.418000e+02 5.601229e+00 2.716933e-02
3.418000e+02 5.599594e+00 2.511799e-02
3.418000e+02 5.574703e+00 2.542148e-02
3.418000e+02 5.556899e+00 2.529642e-02
3.418000e+02 5.596294e+00 2.599059e-02
3.420000e+02 5.890082e+00 2.819142e-02
3.420000e+02 5.968945e+00 2.825171e-02
3.420000e+02 5.911496e+00 2.787539e-02
3.420000e+02 5.916599e+00 2.701972e-02
3.420000e+02 5.900202e+00 2.748791e-02
3.422000e+02 6.274698e+00 2.968587e-02
3.422000e+02 6.265332e+00 2.991245e-02
3.422000e+02 6.270998e+00 3.047389e-02
3.422000e+02 6.232676e+00 2.896322e-02
3.422000e+02 6.255838e+00 2.966686e-02
3.424000e+02 6.618790e+00 3.238835e-02
3.424000e+02 6.607986e+00 3.132989e-02
3.424000e+02 6.689634e+00 3.236470e-02
3.424000e+02 6.681461e+00 3.085340e-02
3.424000e+02 6.616089e+00 2.991621e-02
3.426000e+02 7.097942e+00 3.355173e-02
3.426000e+02 7.087298e+00 3.540315e-02
3.426000e+02 7.085978e+00 3.370646e-02
3.426000e+02 7.044554e+00 3.349586e-02
3.426000e+02 7.113119e+00 3.395759e-02
3.428000e+02 7.536903e+00 3.547649e-02
3.428000e+02 7.578033e+00 3.555752e-02
3.428000e+02 7.576590e+00 3.772758e-02
3.428000e+02 7.646496e+00 3.651409e-02
3.428000e+02 7.572373e+00 3.658068e-02
3.430000e+02 8.233893e+00 3.955631e-02
3.430000e+02 8.188904e+00 4.025082e-02
3.430000e+02 8.217454e+00 4.208734e-02
3.430000e+02 8.134409e+00 3.801179e-02
3.430000e+02 8.152466e+00 4.012305e-02
3.432000e+02 8.861269e+00 4.500419e-02
3.432000e+02 8.787767e+00 4.418533e-02
3.432000e+02 8.836097e+00 4.243623e-02
3.432000e+02 8.819077e+00 4.420826e-02
3.432000e+02 8.730017e+00 4.181136e-02
3.434000e+02 9.500453e+00 4.854194e-02
3.434000e+02 9.538292e+00 4.738917e-02
3.434000e+02 9.537879e+00 4.755935e-02
3.434000e+02 9.650855e+00 4.466533e-02
3.434000e+02 9.620052e+00 4.616238e-02
3.436000e+02 1.034839e+01 5.262478e-02
3.436000e+02 1.035760e+01 5.311445e-02
3.436000e+02 1.047753e+01 5.550832e-02
3.436000e+02 1.033500e+01 5.446092e-02
3.436000e+02 1.038983e+01 5.045949e-02
3.438000e+02 1.120495e+01 5.883215e-02
3.438000e+02 1.125795e+01 5.482930e-02
3.438000e+02 1.125888e+01 5.679835e-02
3.438000e+02 1.126748e+01 5.837739e-02
3.438000e+02 1.143557e+01 6.240380e-02
3.440000e+02 1.229568e+01 6.566280e-02
3.440000e+02 1.231525e+01 6.504688e-02
3.440000e+02 1.241421e+01 6.453949e-02
3.440000e+02 1.228117e+01 6.510117e-02
3.440000e+02 1.239792e+01 6.315367e-02
3.442000e+02 1.293642e+01 5.057565e-02
3.442000e+02 1.291838e+01 5.028848e-02
3.442000e+02 1.293231e+01 5.080057e-02
3.442000e+02 1.297834e+01 5.050941e-02
3.442000e+02 1.288224e+01 5.111227e-02
3.444000e+02 1.395545e+01 5.270722e-02
3.444000e+02 1.388655e+01 5.337191e-02
3.444000e+02 1.392023e+01 5.260713e-02
3.444000e+02 1.389824e+01 5.417193e-02
3.444000e+02 1.393610e+01 5.491200e-02
3.446000e+02 1.483568e+01 5.537787e-02
3.446000e+02 1.489805e+01 5.790961e-02
3.446000e+02 1.490935e+01 5.691683e-02
3.446000e+02 1.487369e+01 5.694128e-02
3.446000e+02 1.483306e+01 5.705357e-02
3.448000e+02 1.578377e+01 5.845704e-02
3.448000e+02 1.593281e+01 5.985269e-02
3.448000e+02 1.601677e+01 6.025651e-02
3.448000e+02 1.589266e+01 5.844108e-02
3.448000e+02 1.588852e+01 5.937889e-02
3.450000e+02 1.704779e+01 6.396355e-02
3.450000e+02 1.689894e+01 6.064427e-02
3.450000e+02 1.695727e+01 6.048467e-02
3.450000e+02 1.693739e+01 6.008654e-02
3.450000e+02 1.689750e+01 6.647272e-02
3.452000e+02 1.800624e+01 6.803547e-02
3.452000e+02 1.804194e+01 6.643637e-02
3.452000e+02 1.803216e+01 6.719347e-02
3.452000e+02 1.802803e+01 6.850889e-02
3.452000e+02 1.808030e+01 6.772297e-02
3.454000e+02 1.898565e+01 6.728373e-02
3.454000e+02 1.912773e+01 6.648180e-02
3.454000e+02 1.892041e+01 7.029206e-02
3.454000e+02 1.907566e+01 6.712878e-02
3.454000e+02 1.905815e+01 6.960038e-02
3.456000e+02 1.993253e+01 7.212274e-02
3.456000e+02 1.985998e+01 7.140798e-02
3.456000e+02 1.997439e+01 7.406805e-02
3.456000e+02 2.001352e+01 7.551154e-02
3.456000e+02 2.009098e+01 7.253883e-02
3.458000e+02 2.092930e+01 7.716763e-02
3.458000e+02 2.103561e+01 7.552312e-02
3.458000e+02 2.107715e+01 7.526766e-02
3.458000e+02 2.113942e+01 7.451109e-02
3.458000e+02 2.082651e+01 7.517726e-02
3.460000e+02 2.183345e+01 8.037046e-02
3.460000e+02 2.195020e+01 7.692844e-02
3.460000e+02 2.188891e+01 7.844789e-02
3.460000e+02 2.173757e+01 8.179976e-02
3.460000e+02 2.187202e+01 7.938339e-02
3.462000e+02 2.302751e+01 8.302620e-02
3.462000e+02 2.285970e+01 8.105858e-02
3.462000e+02 2.291639e+01 8.126549e-02
3.462000e+02 2.279732e+01 8.118021e-02
3.462000e+02 2.296749e+01 8.016384e-02
3.464000e+02 2.378712e+01 8.450928e-02
3.464000e+02 2.387797e+01 8.568691e-02
3.464000e+02 2.377372e+01 8.628684e-02
3.464000e+02 2.368149e+01 8.521978e-02
3.464000e+02 2.370489e+01 8.490963e-02
3.466000e+02 2.459189e+01 8.872246e-02
3.466000e+02 2.460167e+01 8.961166e-02
3.466000e+02 2.470516e+01 9.145161e-02
3.466000e+02 2.472963e+01 8.947402e-02
3.466000e+02 2.461568e+01 8.688871e-02
3.468000e+02 2.544800e+01 8.770654e-02
3.468000e+02 2.553301e+01 9.154731e-02
3.468000e+02 2.552748e+01 9.271499e-02
3.468000e+02 2.546230e+01 8.876452e-02
3.468000e+02 2.547238e+01 9.432483e-02
3.470000e+02 2.630423e+01 9.397451e-02
3.470000e+02 2.645248e+01 9.505221e-02
3.470000e+02 2.619255e+01 9.243565e-02
3.470000e+02 2.633494e+01 9.262372e-02
3.470000e+02 2.650984e+01 9.572756e-02
3.472000e+02 2.709970e+01 9.557269e-02
3.472000e+02 2.705927e+01 9.732837e-02
3.472000e+02 2.703246e+01 9.532104e-02
3.472000e+02 2.696628e+01 9.930452e-02
3.472000e+02 2.717999e+01 1.009059e-01
3.474000e+02 2.781498e+01 1.001246e-01
3.474000e+02 2.790531e+01 1.013241e-01
3.474000e+02 2.772541e+01 9.948117e-02
3.474000e+02 2.786043e+01 9.958984e-02
3.474000e+02 2.786723e+01 9.934182e-02
3.476000e+02 2.862439e+01 9.936617e-02
3.476000e+02 2.862814e+01 1.038724e-01
3.476000e+02 2.859908e+01 1.082103e-01
3.476000e+02 2.870670e+01 1.035202e-01
3.476000e+02 2.859313e+01 1.053007e-01
3.478000e+02 2.930064e+01 1.070066e-01
3.478000e+02 2.930679e+01 1.119152e-01
3.478000e+02 2.943270e+01 1.095563e-01
3.478000e+02 2.939979e+01 1.062897e-01
3.478000e+02 2.949377e+01 1.066283e-01
3.480000e+02 3.001950e+01 1.081481e-01
3.480000e+02 3.012090e+01 1.087298e-01
3.480000e+02 3.012060e+01 1.091435e-01
3.480000e+02 3.013719e+01 1.138435e-01
3.480000e+02 2.999744e+01 1.071067e-01
3.482000e+02 3.076073e+01 1.144592e-01
3.482000e+02 3.089722e+01 1.092110e-01
3.482000e+02 3.081171e+01 1.111594e-01
3.482000e+02 3.073966e+01 1.078107e-01
3.482000e+02 3.084173e+01 1.144968e-01
3.484000e+02 3.130208e+01 1.134533e-01
3.484000e+02 3.146312e+01 1.158924e-01
3.484000e+02 3.156963e+01 1.181309e-01
3.484000e+02 3.164147e+01 1.154603e-01
3.484000e+02 3.128873e+01 1.206485e-01
3.486000e+02 3.222271e+01 1.155162e-01
3.486000e+02 3.224565e+01 1.150432e-01
3.486000e+02 3.224915e+01 1.180508e-01
3.486000e+02 3.220559e+01 1.185771e-01
3.486000e+02 3.214179e+01 1.203418e-01
3.488000e+02 3.285434e+01 1.160498e-01
3.488000e+02 3.269032e+01 1.208239e-01
3.488000e+02 3.283913e+01 1.230582e-01
3.488000e+02 3.287448e+01 1.208362e-01
3.488000e+02 3.280025e+01 1.138221e-01
3.490000e+02 3.347571e+01 1.244509e-01
3.490000e+02 3.348860e+01 1.222920e-01
3.490000e+02 3.346431e+01 1.237466e-01
3.490000e+02 3.346536e+01 1.242325e-01
3.490000e+02 3.330443e+01 1.223286e-01
3.492000e+02 3.407906e+01 1.283106e-01
3.492000e+02 3.401942e+01 1.278913e-01
3.492000e+02 3.394793e+01 1.283658e-01
3.492000e+02 3.418195e+01 1.243873e-01
3.492000e+02 3.412286e+01 1.261660e-01
3.494000e+02 3.475321e+01 1.318549e-01
3.494000e+02 3.499146e+01 1.287963e-01
3.494000e+02 3.466847e+01 1.309071e-01
3.494000e+02 3.453693e+01 1.234637e-01
3.494000e+02 3.480966e+01 1.275055e-01
3.496000e+02 3.526654e+01 1.344120e-01
3.496000e+02 3.514160e+01 1.323141e-01
3.496000e+02 3.527019e+01 1.305608e-01
3.496000e+02 3.522256e+01 1.292870e-01
3.496000e+02 3.517330e+01 1.256104e-01
3.498000e+02 3.587653e+01 1.332224e-01
3.498000e+02 3.601391e+01 1.347760e-01
3.498000e+02 3.605117e+01 1.348382e-01
3.498000e+02 3.601107e+01 1.312218e-01
3.498000e+02 3.579728e+01 1.336496e-01
3.500000e+02 3.657373e+01 1.369054e-01
3.500000e+02 3.666026e+01 1.354106e-01
3.500000e+02 3.650694e+01 1.314032e-01
3.500000e+02 3.673334e+01 1.393703e-01
3.500000e+02 3.645774e+01 1.343305e-01
3.510000e+02 3.913624e+01 1.522410e-01
3.510000e+02 3.941507e+01 1.452657e-01
3.510000e+02 3.940914e+01 1.564384e-01
3.510000e+02 3.924305e+01 1.470814e-01
3.510000e+02 3.908024e+01 1.478956e-01
3.520000e+02 4.188426e+01 1.628788e-01
3.520000e+02 4.185009e+01 1.640661e-01
3.520000e+02 4.203384e+01 1.597683e-01
3.520000e+02 4.183063e+01 1.634339e-01
3.520000e+02 4.206740e+01 1.614282e-01
3.530000e+02 4.450352e+01 1.688295e-01
3.530000e+02 4.430519e+01 1.662265e-01
3.530000e+02 4.438896e+01 1.724469e-01
3.530000e+02 4.429701e+01 1.741266e-01
3.530000e+02 4.435737e+01 1.734260e-01
3.540000e+02 4.632747e+01 1.772482e-01
3.540000e+02 4.708742e+01 1.863732e-01
3.540000e+02 4.659491e+01 1.767895e-01
3.540000e+02 4.676853e+01 1.764208e-01
3.540000e+02 4.696342e+01 1.826131e-01
3.550000e+02 4.866391e+01 1.954424e-01
3.550000e+02 4.881866e+01 1.933753e-01
3.550000e+02 4.881699e+01 1.931452e-01
3.550000e+02 4.856495e+01 1.903495e-01
3.550000e+02 4.873889e+01 2.024390e-01
3.560000e+02 5.072234e+01 2.033794e-01
3.560000e+02 5.059018e+01 2.090207e-01
3.560000e+02 5.053328e+01 2.024678e-01
3.560000e+02 5.074299e+01 2.034897e-01
3.560000e+02 5.056384e+01 2.018896e-01
3.570000e+02 5.233145e+01 2.122609e-01
3.570000e+02 5.255961e+01 2.073295e-01
3.570000e+02 5.248818e+01 2.188658e-01
3.570000e+02 5.242843e+01 2.126993e-01
3.570000e+02 5.254945e+01 2.142867e-01
3.580000e+02 5.451078e+01 2.227864e-01
3.580000e+02 5.454852e+01 2.298173e-01
3.580000e+02 5.427208e+01 2.256394e-01
3.580000e+02 5.481962e+01 2.259468e-01
3.580000e+02 5.458395e+01 2.141131e-01
3.590000e+02 5.624772e+01 2.420640e-01
3.590000e+02 5.642259e+01 2.371679e-01
3.590000e+02 5.597203e+01 2.368694e-01
3.590000e+02 5.622775e+01 2.367430e-01
3.590000e+02 5.624736e+01 2.425872e-01
3.600000e+02 5.731710e+01 2.527869e-01
3.600000e+02 5.762961e+01 2.548491e-01
3.600000e+02 5.854853e+01 2.548711e-01
3.600000e+02 5.796019e+01 2.468617e-01
3.600000e+02 5.797440e+01 2.525738e-01
3.650000e+02 6.466533e+01 3.092036e-01
3.650000e+02 6.505289e+01 2.970770e-01
3.650000e+02 6.523468e+01 2.925886e-01
3.650000e+02 6.515395e+01 3.056230e-01
3.650000e+02 6.554645e+01 3.013503e-01
3.700000e+02 7.169252e+01 3.570879e-01
3.700000e+02 7.177387e+01 3.664987e-01
3.700000e+02 7.117576e+01 3.610147e-01
3.700000e+02 7.161285e+01 3.673753e-01
3.700000e+02 7.107400e+01 3.606486e-01
3.750000e+02 7.743673e+01 4.097656e-01
3.750000e+02 7.694087e+01 4.155909e-01
3.750000e+02 7.671118e+01 4.249674e-01
3.750000e+02 7.662338e+01 4.225030e-01
3.750000e+02 7.737918e+01 4.180899e-01
3.800000e+02 8.152736e+01 4.757261e-01
3.800000e+02 8.131923e+01 4.659916e-01
3.800000e+02 8.133604e+01 4.604191e-01
3.800000e+02 8.137894e+01 4.614931e-01
3.800000e+02 8.090084e+01 4.712341e-01
3.850000e+02 8.496137e+01 5.104283e-01
3.850000e+02 8.529773e+01 5.346273e-01
3.850000e+02 8.605046e+01 5.201639e-01
3.850000e+02 8.594988e+01 5.104816e-01
3.850000e+02 8.593590e+01 5.188871e-01
3.900000e+02 8.828717e+01 5.646266e-01
3.900000e+02 8.985563e+01 5.629456e-01
3.900000e+02 8.983229e+01 5.614961e-01
3.900000e+02 8.898635e+01 5.838012e-01
3.900000e+02 9.001578e+01 5.657698e-01
3.950000e+02 9.285636e+01 6.067567e-01
3.950000e+02 9.236701e+01 6.080143e-01
3.950000e+02 9.325358e+01 5.933051e-01
3.950000e+02 9.290576e+01 6.098864e-01
3.950000e+02 9.353545e+01 6.001362e-01
