3.000000e+02 2.764234e-02 1.090709e-04
3.000000e+02 2.763326e-02 1.070898e-04
3.000000e+02 2.778886e-02 1.062328e-04
3.000000e+02 2.754986e-02 1.068125e-04
3.000000e+02 2.801237e-02 1.089540e-04
3.050000e+02 5.206329e-02 2.030851e-04
3.050000e+02 5.188461e-02 1.996197e-04
3.050000e+02 5.187997e-02 2.047854e-04
3.050000e+02 5.210625e-02 1.998922e-04
3.050000e+02 5.211125e-02 2.029443e-04
3.100000e+02 8.781417e-02 3.405348e-04
3.100000e+02 8.763806e-02 3.460321e-04
3.100000e+02 8.762075e-02 3.387191e-04
3.100000e+02 8.744720e-02 3.415692e-04
3.100000e+02 8.748530e-02 3.388622e-04
3.150000e+02 1.389684e-01 5.497217e-04
3.150000e+02 1.381178e-01 5.439318e-04
3.150000e+02 1.386727e-01 5.409375e-04
3.150000e+02 1.379463e-01 5.248742e-04
3.150000e+02 1.387458e-01 5.495465e-04
3.200000e+02 2.128477e-01 8.334706e-04
3.200000e+02 2.116063e-01 8.363686e-04
3.200000e+02 2.119830e-01 8.515537e-04
3.200000e+02 2.117011e-01 8.104742e-04
3.200000e+02 2.122482e-01 8.377362e-04
3.250000e+02 3.217563e-01 1.281765e-03
3.250000e+02 3.223141e-01 1.297894e-03
3.250000e+02 3.248737e-01 1.313663e-03
3.250000e+02 3.254569e-01 1.284914e-03
3.250000e+02 3.230452e-01 1.294431e-03
3.300000e+02 5.026873e-01 2.078117e-03
3.300000e+02 4.979984e-01 2.086982e-03
3.300000e+02 5.046379e-01 2.149371e-03
3.300000e+02 4.991599e-01 2.101282e-03
3.300000e+02 5.013317e-01 2.076631e-03
3.310000e+02 5.463156e-01 2.274711e-03
3.310000e+02 5.467702e-01 2.337106e-03
3.310000e+02 5.548637e-01 2.290749e-03
3.310000e+02 5.501866e-01 2.322468e-03
3.310000e+02 5.464088e-01 2.236395e-03
3.320000e+02 6.074961e-01 2.494523e-03
3.320000e+02 6.030482e-01 2.517952e-03
3.320000e+02 6.041620e-01 2.615485e-03
3.320000e+02 6.053416e-01 2.499636e-03
3.320000e+02 6.065282e-01 2.603492e-03
3.330000e+02 6.698968e-01 2.873799e-03
3.330000e+02 6.654759e-01 2.913720e-03
3.330000e+02 6.759438e-01 2.900276e-03
3.330000e+02 6.719603e-01 2.850673e-03
3.330000e+02 6.704462e-01 2.837099e-03
3.340000e+02 7.403770e-01 3.250537e-03
3.340000e+02 7.458680e-01 3.351685e-03
3.340000e+02 7.456890e-01 3.233397e-03
3.340000e+02 7.460058e-01 3.135376e-03
3.340000e+02 7.511718e-01 3.179638e-03
3.350000e+02 8.332470e-01 3.668511e-03
3.350000e+02 8.220391e-01 3.613417e-03
3.350000e+02 8.303876e-01 3.645683e-03
3.350000e+02 8.300307e-01 3.659665e-03
3.350000e+02 8.360042e-01 3.652618e-03
3.360000e+02 9.324202e-01 4.189680e-03
3.360000e+02 9.322696e-01 4.127433e-03
3.360000e+02 9.315644e-01 4.169780e-03
3.360000e+02 9.305234e-01 3.951880e-03
3.360000e+02 9.317637e-01 4.033295e-03
3.370000e+02 1.061768e+00 4.889363e-03
3.370000e+02 1.059935e+00 4.705193e-03
3.370000e+02 1.064598e+00 4.767602e-03
3.370000e+02 1.063632e+00 4.765950e-03
3.370000e+02 1.057242e+00 4.724537e-03
3.380000e+02 1.207128e+00 5.382299e-03
3.380000e+02 1.212488e+00 5.569538e-03
3.380000e+02 1.218964e+00 5.533161e-03
3.380000e+02 1.212393e+00 5.571424e-03
3.380000e+02 1.219188e+00 5.663677e-03
3.390000e+02 1.402371e+00 6.634621e-03
3.390000e+02 1.410240e+00 6.714256e-03
3.390000e+02 1.419516e+00 6.320749e-03
3.390000e+02 1.413764e+00 6.705677e-03
3.390000e+02 1.411797e+00 6.599204e-03
3.400000e+02 1.679079e+00 7.980123e-03
3.400000e+02 1.675202e+00 8.133565e-03
3.400000e+02 1.677991e+00 8.351243e-03
3.400000e+02 1.667268e+00 7.944724e-03
3.400000e+02 1.687551e+00 8.038414e-03
3.402000e+02 1.701936e+00 8.304994e-03
3.402000e+02 1.749483e+00 8.424339e-03
3.402000e+02 1.753331e+00 8.846509e-03
3.402000e+02 1.754666e+00 8.364023e-03
3.402000e+02 1.750816e+00 8.358061e-03
3.404000e+02 1.804740e+00 8.566246e-03
3.404000e+02 1.811729e+00 8.589421e-03
3.404000e+02 1.799564e+00 8.560751e-03
3.404000e+02 1.821145e+00 8.586336e-03
3.404000e+02 1.821726e+00 8.683362e-03
3.406000e+02 1.907038e+00 9.163933e-03
3.406000e+02 1.896912e+00 9.071003e-03
3.406000e+02 1.908339e+00 9.455307e-03
3.406000e+02 1.881064e+00 9.068820e-03
3.406000e+02 1.890278e+00 9.626233e-03
3.408000e+02 1.979159e+00 9.988745e-03
3.408000e+02 1.998905e+00 1.000721e-02
3.408000e+02 1.980024e+00 9.637817e-03
3.408000e+02 1.980488e+00 9.665035e-03
3.408000e+02 1.998186e+00 9.696834e-03
3.410000e+02 2.062629e+00 1.025233e-02
3.410000e+02 2.067675e+00 1.004778e-02
3.410000e+02 2.061881e+00 1.006312e-02
3.410000e+02 2.063860e+00 1.070613e-02
3.410000e+02 2.060704e+00 9.985667e-03
3.412000e+02 2.154204e+00 1.105584e-02
3.412000e+02 2.174650e+00 1.116656e-02
3.412000e+02 2.179564e+00 1.071678e-02
3.412000e+02 2.156595e+00 1.024565e-02
3.412000e+02 2.173923e+00 1.089704e-02
3.414000e+02 2.267729e+00 1.122715e-02
3.414000e+02 2.278331e+00 1.141354e-02
3.414000e+02 2.266412e+00 1.160526e-02
3.414000e+02 2.282878e+00 1.142183e-02
3.414000e+02 2.249842e+00 1.109297e-02
3.416000e+02 2.390731e+00 1.228811e-02
3.416000e+02 2.360074e+00 1.205152e-02
3.416000e+02 2.396104e+00 1.212706e-02
3.416000e+02 2.389202e+00 1.189972e-02
3.416000e+02 2.396644e+00 1.256709e-02
3.418000e+02 2.529568e+00 1.278795e-02
3.418000e+02 2.525106e+00 1.263160e-02
3.418000e+02 2.520862e+00 1.293104e-02
3.418000e+02 2.522363e+00 1.259475e-02
3.418000e+02 2.537176e+00 1.298880e-02
3.420000e+02 2.637945e+00 1.359495e-02
3.420000e+02 2.659495e+00 1.360183e-02
3.420000e+02 2.674946e+00 1.427031e-02
3.420000e+02 2.685463e+00 1.327012e-02
3.420000e+02 2.640261e+00 1.365927e-02
3.422000e+02 2.840953e+00 1.420257e-02
3.422000e+02 2.805888e+00 1.458248e-02
3.422000e+02 2.839936e+00 1.481038e-02
3.422000e+02 2.833160e+00 1.430732e-02
3.422000e+02 2.803807e+00 1.507397e-02
3.424000e+02 3.003873e+00 1.572920e-02
3.424000e+02 3.016391e+00 1.490100e-02
3.424000e+02 2.998395e+00 1.469329e-02
3.424000e+02 3.000048e+00 1.585302e-02
3.424000e+02 2.993132e+00 1.541489e-02
3.426000e+02 3.220240e+00 1.638394e-02
3.426000e+02 3.217041e+00 1.632538e-02
3.426000e+02 3.233871e+00 1.696406e-02
3.426000e+02 3.232335e+00 1.675228e-02
3.426000e+02 3.204743e+00 1.742978e-02
3.428000e+02 3.486459e+00 1.790082e-02
3.428000e+02 3.474726e+00 1.830529e-02
3.428000e+02 3.446706e+00 1.905829e-02
3.428000e+02 3.424204e+00 1.818577e-02
3.428000e+02 3.445641e+00 1.850898e-02
3.430000e+02 3.724398e+00 2.059714e-02
3.430000e+02 3.714212e+00 2.058087e-02
3.430000e+02 3.705784e+00 2.029105e-02
3.430000e+02 3.736360e+00 2.017700e-02
3.430000e+02 3.718033e+00 1.874057e-02
3.432000e+02 4.055235e+00 2.191334e-02
3.432000e+02 4.003785e+00 2.302987e-02
3.432000e+02 3.998344e+00 2.100180e-02
3.432000e+02 4.005299e+00 2.065620e-02
3.432000e+02 4.011073e+00 2.129141e-02
3.434000e+02 4.395667e+00 2.477451e-02
3.434000e+02 4.345072e+00 2.322317e-02
3.434000e+02 4.352793e+00 2.357661e-02
3.434000e+02 4.326899e+00 2.394406e-02
3.434000e+02 4.411352e+00 2.385784e-02
3.436000e+02 4.728769e+00 2.652371e-02
3.436000e+02 4.775723e+00 2.762135e-02
3.436000e+02 4.760969e+00 2.768009e-02
3.436000e+02 4.807210e+00 2.672588e-02
3.436000e+02 4.758739e+00 2.631522e-02
3.438000e+02 5.230783e+00 2.827580e-02
3.438000e+02 5.268846e+00 2.978642e-02
3.438000e+02 5.228179e+00 2.853417e-02
3.438000e+02 5.173939e+00 2.836032e-02
3.438000e+02 5.205478e+00 2.875996e-02
3.440000e+02 5.707140e+00 2.945064e-02
3.440000e+02 5.656766e+00 3.211156e-02
3.440000e+02 5.700380e+00 2.997294e-02
3.440000e+02 5.701781e+00 2.954699e-02
3.440000e+02 5.666461e+00 3.104650e-02
3.442000e+02 6.136801e+00 2.643643e-02
3.442000e+02 6.153292e+00 2.704837e-02
3.442000e+02 6.074521e+00 2.614635e-02
3.442000e+02 6.126808e+00 2.630544e-02
3.442000e+02 6.124943e+00 2.641031e-02
3.444000e+02 6.671928e+00 2.791590e-02
3.444000e+02 6.657763e+00 2.830685e-02
3.444000e+02 6.640950e+00 2.794910e-02
3.444000e+02 6.678508e+00 2.775432e-02
3.444000e+02 6.634827e+00 2.900761e-02
3.446000e+02 7.185813e+00 3.031855e-02
3.446000e+02 7.117218e+00 2.920916e-02
3.446000e+02 7.153851e+00 2.946914e-02
3.446000e+02 7.180386e+00 2.862349e-02
3.446000e+02 7.150495e+00 3.041797e-02
3.448000e+02 7.762854e+00 3.162399e-02
3.448000e+02 7.677841e+00 3.192835e-02
3.448000e+02 7.715252e+00 3.064737e-02
3.448000e+02 7.711547e+00 3.119664e-02
3.448000e+02 7.730505e+00 3.274810e-02
3.450000e+02 8.258852e+00 3.328420e-02
3.450000e+02 8.268985e+00 3.300533e-02
3.450000e+02 8.270035e+00 3.464389e-02
3.450000e+02 8.249836e+00 3.293401e-02
3.450000e+02 8.312656e+00 3.423352e-02
3.452000e+02 8.817281e+00 3.676004e-02
3.452000e+02 8.797691e+00 3.464488e-02
3.452000e+02 8.811236e+00 3.485704e-02
3.452000e+02 8.880674e+00 3.570215e-02
3.452000e+02 8.832804e+00 3.517967e-02
3.454000e+02 9.341218e+00 3.655810e-02
3.454000e+02 9.323577e+00 3.561227e-02
3.454000e+02 9.417611e+00 3.758631e-02
3.454000e+02 9.315257e+00 3.647552e-02
3.454000e+02 9.348658e+00 3.832518e-02
3.456000e+02 9.839202e+00 3.796687e-02
3.456000e+02 9.837245e+00 3.979093e-02
3.456000e+02 9.762782e+00 3.913277e-02
3.456000e+02 9.905107e+00 3.804880e-02
3.456000e+02 9.811990e+00 3.928674e-02
3.458000e+02 1.040724e+01 4.032383e-02
3.458000e+02 1.033293e+01 4.293319e-02
3.458000e+02 1.043651e+01 3.949896e-02
3.458000e+02 1.034283e+01 4.031864e-02
3.458000e+02 1.039021e+01 4.124259e-02
3.460000e+02 1.083130e+01 4.300049e-02
3.460000e+02 1.085987e+01 4.071908e-02
3.460000e+02 1.089576e+01 4.253785e-02
3.460000e+02 1.085015e+01 4.112190e-02
3.460000e+02 1.082470e+01 4.271603e-02
3.462000e+02 1.138648e+01 4.513642e-02
3.462000e+02 1.137754e+01 4.395479e-02
3.462000e+02 1.126823e+01 4.552362e-02
3.462000e+02 1.122753e+01 4.518116e-02
3.462000e+02 1.134216e+01 4.403148e-02
3.464000e+02 1.175959e+01 4.543049e-02
3.464000e+02 1.180837e+01 4.718619e-02
3.464000e+02 1.175484e+01 4.562280e-02
3.464000e+02 1.179759e+01 4.477051e-02
3.464000e+02 1.181422e+01 4.607430e-02
3.466000e+02 1.220260e+01 4.777392e-02
3.466000e+02 1.218768e+01 4.609435e-02
3.466000e+02 1.230580e+01 4.924961e-02
3.466000e+02 1.225136e+01 4.668706e-02
3.466000e+02 1.221926e+01 4.763786e-02
3.468000e+02 1.259966e+01 4.946894e-02
3.468000e+02 1.266446e+01 4.901239e-02
3.468000e+02 1.262160e+01 5.047286e-02
3.468000e+02 1.265067e+01 4.980065e-02
3.468000e+02 1.268207e+01 5.037034e-02
3.470000e+02 1.313561e+01 5.243379e-02
3.470000e+02 1.313606e+01 5.247261e-02
3.470000e+02 1.310008e+01 5.053674e-02
3.470000e+02 1.318641e+01 5.124850e-02
3.470000e+02 1.311698e+01 5.150824e-02
3.472000e+02 1.348923e+01 5.232892e-02
3.472000e+02 1.346690e+01 5.033841e-02
3.472000e+02 1.354934e+01 5.384960e-02
3.472000e+02 1.343824e+01 5.201305e-02
3.472000e+02 1.355266e+01 5.248563e-02
3.474000e+02 1.385459e+01 5.546295e-02
3.474000e+02 1.388931e+01 5.336867e-02
3.474000e+02 1.383623e+01 5.497286e-02
3.474000e+02 1.389827e+01 5.115620e-02
3.474000e+02 1.384710e+01 5.428484e-02
3.476000e+02 1.428905e+01 5.548962e-02
3.476000e+02 1.428292e+01 5.565862e-02
3.476000e+02 1.427468e+01 5.538769e-02
3.476000e+02 1.437923e+01 5.522242e-02
3.476000e+02 1.419345e+01 5.772891e-02
3.478000e+02 1.468553e+01 5.733088e-02
3.478000e+02 1.461058e+01 5.676813e-02
3.478000e+02 1.459464e+01 5.999037e-02
3.478000e+02 1.462712e+01 5.795307e-02
3.478000e+02 1.459141e+01 5.682105e-02
3.480000e+02 1.502019e+01 5.727305e-02
3.480000e+02 1.497650e+01 5.857801e-02
3.480000e+02 1.513563e+01 5.734775e-02
3.480000e+02 1.495308e+01 5.848778e-02
3.480000e+02 1.498471e+01 6.073192e-02
3.482000e+02 1.538094e+01 5.696815e-02
3.482000e+02 1.534320e+01 6.117879e-02
3.482000e+02 1.524523e+01 5.932901e-02
3.482000e+02 1.540430e+01 5.989728e-02
3.482000e+02 1.528998e+01 6.020697e-02
3.484000e+02 1.571117e+01 5.979927e-02
3.484000e+02 1.563418e+01 6.254655e-02
3.484000e+02 1.571430e+01 6.182034e-02
3.484000e+02 1.572960e+01 6.214340e-02
3.484000e+02 1.568808e+01 6.111735e-02
3.486000e+02 1.597528e+01 6.264586e-02
3.486000e+02 1.608062e+01 6.060305e-02
3.486000e+02 1.603824e+01 6.302485e-02
3.486000e+02 1.613603e+01 6.183046e-02
3.486000e+02 1.599829e+01 6.280750e-02
3.488000e+02 1.639972e+01 6.170447e-02
3.488000e+02 1.640259e+01 6.502836e-02
3.488000e+02 1.625724e+01 6.551988e-02
3.488000e+02 1.636730e+01 6.709200e-02
3.488000e+02 1.639546e+01 6.340045e-02
3.490000e+02 1.663143e+01 6.438126e-02
3.490000e+02 1.675980e+01 6.320964e-02
3.490000e+02 1.670185e+01 6.875082e-02
3.490000e+02 1.667811e+01 6.658214e-02
3.490000e+02 1.670463e+01 6.470401e-02
3.492000e+02 1.709447e+01 6.584575e-02
3.492000e+02 1.705811e+01 6.797717e-02
3.492000e+02 1.695454e+01 6.766434e-02
3.492000e+02 1.702186e+01 6.736885e-02
3.492000e+02 1.694209e+01 6.523645e-02
3.494000e+02 1.736829e+01 6.708718e-02
3.494000e+02 1.731714e+01 6.961605e-02
3.494000e+02 1.727968e+01 6.966480e-02
3.494000e+02 1.730031e+01 7.070762e-02
3.494000e+02 1.729466e+01 6.639366e-02
3.496000e+02 1.758442e+01 7.066272e-02
3.496000e+02 1.750193e+01 7.165446e-02
3.496000e+02 1.762360e+01 6.847111e-02
3.496000e+02 1.771595e+01 6.936052e-02
3.496000e+02 1.760090e+01 6.761717e-02
3.498000e+02 1.793673e+01 7.314034e-02
3.498000e+02 1.785420e+01 7.087892e-02
3.498000e+02 1.793341e+01 7.026225e-02
3.498000e+02 1.803006e+01 7.099361e-02
3.498000e+02 1.796584e+01 7.019552e-02
3.500000e+02 1.810833e+01 6.956899e-02
3.500000e+02 1.832875e+01 7.051788e-02
3.500000e+02 1.825532e+01 7.261645e-02
3.500000e+02 1.825945e+01 7.533189e-02
3.500000e+02 1.820192e+01 7.315721e-02
3.510000e+02 1.951741e+01 7.935397e-02
3.510000e+02 1.954383e+01 7.543842e-02
3.510000e+02 1.964320e+01 8.029322e-02
3.510000e+02 1.954372e+01 7.761803e-02
3.510000e+02 1.959978e+01 7.706567e-02
3.520000e+02 2.097602e+01 8.771250e-02
3.520000e+02 2.091275e+01 8.327700e-02
3.520000e+02 2.080058e+01 8.221056e-02
3.520000e+02 2.079703e+01 8.415621e-02
3.520000e+02 2.086617e+01 8.448768e-02
3.530000e+02 2.181495e+01 8.810310e-02
3.530000e+02 2.194622e+01 8.869153e-02
3.530000e+02 2.179766e+01 8.748764e-02
3.530000e+02 2.196722e+01 8.995129e-02
3.530000e+02 2.215599e+01 8.779450e-02
3.540000e+02 2.307789e+01 9.748973e-02
3.540000e+02 2.295067e+01 9.476711e-02
3.540000e+02 2.308872e+01 9.379894e-02
3.540000e+02 2.307889e+01 9.326950e-02
3.540000e+02 2.295422e+01 9.292550e-02
3.550000e+02 2.417030e+01 1.002684e-01
3.550000e+02 2.391332e+01 9.629212e-02
3.550000e+02 2.408520e+01 9.695813e-02
3.550000e+02 2.417182e+01 9.619618e-02
3.550000e+02 2.398714e+01 9.730772e-02
3.560000e+02 2.487595e+01 1.029376e-01
3.560000e+02 2.489805e+01 1.050272e-01
3.560000e+02 2.465129e+01 1.008687e-01
3.560000e+02 2.466128e+01 1.055402e-01
3.560000e+02 2.481749e+01 1.027263e-01
3.570000e+02 2.574106e+01 1.084302e-01
3.570000e+02 2.582026e+01 1.046647e-01
3.570000e+02 2.564009e+01 1.046583e-01
3.570000e+02 2.571351e+01 1.095974e-01
3.570000e+02 2.575981e+01 1.098855e-01
3.580000e+02 2.654771e+01 1.131315e-01
3.580000e+02 2.647264e+01 1.092418e-01
3.580000e+02 2.651302e+01 1.153894e-01
3.580000e+02 2.637726e+01 1.113147e-01
3.580000e+02 2.660953e+01 1.146872e-01
3.590000e+02 2.731828e+01 1.135789e-01
3.590000e+02 2.719956e+01 1.164837e-01
3.590000e+02 2.713731e+01 1.182672e-01
3.590000e+02 2.734908e+01 1.161431e-01
3.590000e+02 2.719050e+01 1.148776e-01
3.600000e+02 2.802435e+01 1.179615e-01
3.600000e+02 2.790062e+01 1.186055e-01
3.600000e+02 2.785129e+01 1.186768e-01
3.600000e+02 2.787583e+01 1.164021e-01
3.600000e+02 2.786503e+01 1.171404e-01
3.650000e+02 3.061845e+01 1.355112e-01
3.650000e+02 3.079300e+01 1.342896e-01
3.650000e+02 3.079517e+01 1.365818e-01
3.650000e+02 3.100620e+01 1.341324e-01
3.650000e+02 3.071775e+01 1.338357e-01
3.700000e+02 3.289694e+01 1.488142e-01
3.700000e+02 3.313673e+01 1.464490e-01
3.700000e+02 3.329942e+01 1.515617e-01
3.700000e+02 3.308514e+01 1.504173e-01
3.700000e+02 3.316461e+01 1.489019e-01
3.750000e+02 3.452303e+01 1.646109e-01
3.750000e+02 3.454487e+01 1.606247e-01
3.750000e+02 3.466977e+01 1.635740e-01
3.750000e+02 3.472202e+01 1.584977e-01
3.750000e+02 3.471481e+01 1.630636e-01
3.800000e+02 3.580225e+01 1.760478e-01
3.800000e+02 3.586393e+01 1.726604e-01
3.800000e+02 3.561742e+01 1.736224e-01
3.800000e+02 3.581787e+01 1.791074e-01
3.800000e+02 3.590080e+01 1.669337e-01
3.850000e+02 3.701731e+01 1.779669e-01
3.850000e+02 3.655832e+01 1.802643e-01
3.850000e+02 3.675860e+01 1.841988e-01
3.850000e+02 3.661211e+01 1.808039e-01
3.850000e+02 3.658094e+01 1.836939e-01
3.900000e+02 3.744533e+01 1.830017e-01
3.900000e+02 3.715792e+01 1.860295e-01
3.900000e+02 3.723810e+01 1.938633e-01
3.900000e+02 3.729158e+01 1.929932e-01
3.900000e+02 3.741870e+01 1.884703e-01
3.950000e+02 3.773601e+01 1.924103e-01
3.950000e+02 3.771444e+01 1.890520e-01
3.950000e+02 3.753681e+01 1.880873e-01
3.950000e+02 3.749631e+01 1.990592e-01
3.950000e+02 3.759699e+01 1.902956e-01
