3.250000e+02 1.369611e-03 2.683187e-06
3.250000e+02 1.370651e-03 2.712339e-06
3.250000e+02 1.369485e-03 2.705554e-06
3.250000e+02 1.365786e-03 2.732430e-06
3.250000e+02 1.371228e-03 2.705488e-06
3.250000e+02 1.369915e-03 2.700393e-06
3.250000e+02 1.371925e-03 2.721047e-06
3.250000e+02 1.365745e-03 2.710921e-06
3.250000e+02 1.367702e-03 2.681408e-06
3.250000e+02 1.367981e-03 2.724075e-06
3.260000e+02 2.428853e-03 4.815578e-06
3.260000e+02 2.433747e-03 4.817979e-06
3.260000e+02 2.442581e-03 4.847677e-06
3.260000e+02 2.437892e-03 4.898353e-06
3.260000e+02 2.435707e-03 4.804117e-06
3.260000e+02 2.429137e-03 4.804352e-06
3.260000e+02 2.432672e-03 4.848313e-06
3.260000e+02 2.441140e-03 4.848824e-06
3.260000e+02 2.432479e-03 4.841601e-06
3.260000e+02 2.427219e-03 4.858340e-06
3.270000e+02 4.149395e-03 8.261599e-06
3.270000e+02 4.154136e-03 8.391151e-06
3.270000e+02 4.158573e-03 8.317014e-06
3.270000e+02 4.168082e-03 8.331293e-06
3.270000e+02 4.148512e-03 8.399990e-06
3.270000e+02 4.152215e-03 8.225908e-06
3.270000e+02 4.168674e-03 8.245916e-06
3.270000e+02 4.184403e-03 8.330906e-06
3.270000e+02 4.167239e-03 8.265215e-06
3.270000e+02 4.160937e-03 8.293470e-06
3.280000e+02 6.933368e-03 1.389668e-05
3.280000e+02 6.962301e-03 1.381342e-05
3.280000e+02 6.905921e-03 1.373867e-05
3.280000e+02 6.929114e-03 1.388892e-05
3.280000e+02 6.908158e-03 1.399796e-05
3.280000e+02 6.933713e-03 1.389321e-05
3.280000e+02 6.934792e-03 1.393889e-05
3.280000e+02 6.901412e-03 1.403528e-05
3.280000e+02 6.920443e-03 1.388118e-05
3.280000e+02 6.935556e-03 1.366739e-05
3.290000e+02 1.123959e-02 2.295496e-05
3.290000e+02 1.127645e-02 2.240207e-05
3.290000e+02 1.128602e-02 2.275925e-05
3.290000e+02 1.129376e-02 2.263236e-05
3.290000e+02 1.127089e-02 2.267259e-05
3.290000e+02 1.125329e-02 2.273848e-05
3.290000e+02 1.126899e-02 2.260870e-05
3.290000e+02 1.125063e-02 2.267826e-05
3.290000e+02 1.127056e-02 2.255408e-05
3.290000e+02 1.126531e-02 2.278143e-05
3.300000e+02 1.808464e-02 3.675884e-05
3.300000e+02 1.804017e-02 3.661029e-05
3.300000e+02 1.805632e-02 3.669407e-05
3.300000e+02 1.802757e-02 3.641743e-05
3.300000e+02 1.804380e-02 3.619006e-05
3.300000e+02 1.806859e-02 3.639211e-05
3.300000e+02 1.803600e-02 3.654388e-05
3.300000e+02 1.806466e-02 3.635199e-05
3.300000e+02 1.806924e-02 3.675223e-05
3.300000e+02 1.804017e-02 3.690685e-05
3.310000e+02 2.857892e-02 5.873274e-05
3.310000e+02 2.865922e-02 5.845430e-05
3.310000e+02 2.861505e-02 5.837252e-05
3.310000e+02 2.857477e-02 5.863015e-05
3.310000e+02 2.868382e-02 5.828206e-05
3.310000e+02 2.862121e-02 5.855485e-05
3.310000e+02 2.863239e-02 5.839874e-05
3.310000e+02 2.863622e-02 5.824598e-05
3.310000e+02 2.863451e-02 5.796963e-05
3.310000e+02 2.861766e-02 5.824196e-05
3.320000e+02 4.502303e-02 9.217618e-05
3.320000e+02 4.501333e-02 9.237358e-05
3.320000e+02 4.519735e-02 9.317671e-05
3.320000e+02 4.513299e-02 9.204256e-05
3.320000e+02 4.505041e-02 9.291033e-05
3.320000e+02 4.507632e-02 9.194385e-05
3.320000e+02 4.478438e-02 9.322024e-05
3.320000e+02 4.528602e-02 9.282213e-05
3.320000e+02 4.514325e-02 9.310875e-05
3.320000e+02 4.489266e-02 9.345592e-05
3.330000e+02 7.106118e-02 1.485212e-04
3.330000e+02 7.101169e-02 1.473762e-04
3.330000e+02 7.073051e-02 1.454861e-04
3.330000e+02 7.081588e-02 1.447793e-04
3.330000e+02 7.079314e-02 1.476540e-04
3.330000e+02 7.080546e-02 1.440821e-04
3.330000e+02 7.077728e-02 1.477671e-04
3.330000e+02 7.078739e-02 1.465692e-04
3.330000e+02 7.075172e-02 1.465890e-04
3.330000e+02 7.110506e-02 1.488111e-04
3.340000e+02 1.120362e-01 2.305110e-04
3.340000e+02 1.120627e-01 2.366243e-04
3.340000e+02 1.117588e-01 2.331143e-04
3.340000e+02 1.119363e-01 2.368278e-04
3.340000e+02 1.117104e-01 2.354298e-04
3.340000e+02 1.123527e-01 2.343595e-04
3.340000e+02 1.118773e-01 2.349146e-04
3.340000e+02 1.121923e-01 2.345533e-04
3.340000e+02 1.120386e-01 2.347517e-04
3.340000e+02 1.118331e-01 2.336261e-04
3.350000e+02 1.782807e-01 3.739169e-04
3.350000e+02 1.781714e-01 3.800591e-04
3.350000e+02 1.786591e-01 3.720955e-04
3.350000e+02 1.779289e-01 3.756469e-04
3.350000e+02 1.784465e-01 3.767910e-04
3.350000e+02 1.781813e-01 3.803730e-04
3.350000e+02 1.782329e-01 3.731631e-04
3.350000e+02 1.782640e-01 3.756672e-04
3.350000e+02 1.782494e-01 3.759263e-04
3.350000e+02 1.776599e-01 3.756062e-04
3.360000e+02 2.880471e-01 6.174403e-04
3.360000e+02 2.887488e-01 6.238747e-04
3.360000e+02 2.878436e-01 6.119145e-04
3.360000e+02 2.889835e-01 6.162951e-04
3.360000e+02 2.879809e-01 6.064243e-04
3.360000e+02 2.880972e-01 6.162986e-04
3.360000e+02 2.888547e-01 6.152908e-04
3.360000e+02 2.872766e-01 6.115049e-04
3.360000e+02 2.874137e-01 6.070624e-04
3.360000e+02 2.885475e-01 6.103479e-04
3.370000e+02 4.779128e-01 1.022957e-03
3.370000e+02 4.774642e-01 1.036578e-03
3.370000e+02 4.777095e-01 1.038943e-03
3.370000e+02 4.774749e-01 1.033950e-03
3.370000e+02 4.783996e-01 1.035803e-03
3.370000e+02 4.795765e-01 1.038061e-03
3.370000e+02 4.787194e-01 1.024484e-03
3.370000e+02 4.782121e-01 1.029799e-03
3.370000e+02 4.767900e-01 1.038548e-03
3.370000e+02 4.762721e-01 1.031858e-03
3.380000e+02 8.172188e-01 1.765869e-03
3.380000e+02 8.191749e-01 1.798556e-03
3.380000e+02 8.175728e-01 1.805518e-03
3.380000e+02 8.150594e-01 1.803954e-03
3.380000e+02 8.193474e-01 1.778510e-03
3.380000e+02 8.162231e-01 1.781635e-03
3.380000e+02 8.151814e-01 1.816246e-03
3.380000e+02 8.154419e-01 1.776724e-03
3.380000e+02 8.186331e-01 1.805995e-03
3.380000e+02 8.160633e-01 1.775338e-03
3.390000e+02 1.465622e+00 3.251368e-03
3.390000e+02 1.464530e+00 3.203098e-03
3.390000e+02 1.465786e+00 3.348305e-03
3.390000e+02 1.463690e+00 3.269286e-03
3.390000e+02 1.462554e+00 3.293322e-03
3.390000e+02 1.462793e+00 3.264524e-03
3.390000e+02 1.464890e+00 3.230721e-03
3.390000e+02 1.465941e+00 3.266531e-03
3.390000e+02 1.465002e+00 3.248106e-03
3.390000e+02 1.462111e+00 3.241639e-03
3.400000e+02 2.801331e+00 6.269687e-03
3.400000e+02 2.793521e+00 6.463731e-03
3.400000e+02 2.815179e+00 6.447663e-03
3.400000e+02 2.806281e+00 6.430385e-03
3.400000e+02 2.803522e+00 6.336826e-03
3.400000e+02 2.802580e+00 6.490767e-03
3.400000e+02 2.811851e+00 6.435448e-03
3.400000e+02 2.809660e+00 6.389131e-03
3.400000e+02 2.809947e+00 6.410352e-03
3.400000e+02 2.806531e+00 6.474168e-03
3.402000e+02 3.220745e+00 7.360967e-03
3.402000e+02 3.224202e+00 7.353499e-03
3.402000e+02 3.218713e+00 7.394540e-03
3.402000e+02 3.231354e+00 7.418601e-03
3.402000e+02 3.214201e+00 7.372351e-03
3.402000e+02 3.226393e+00 7.333315e-03
3.402000e+02 3.219657e+00 7.231753e-03
3.402000e+02 3.225435e+00 7.322160e-03
3.402000e+02 3.219182e+00 7.275097e-03
3.402000e+02 3.228128e+00 7.563318e-03
3.404000e+02 3.707591e+00 8.386880e-03
3.404000e+02 3.727055e+00 8.593248e-03
3.404000e+02 3.705928e+00 8.543715e-03
3.404000e+02 3.742308e+00 8.664371e-03
3.404000e+02 3.731521e+00 8.518738e-03
3.404000e+02 3.736044e+00 8.415551e-03
3.404000e+02 3.728073e+00 8.517149e-03
3.404000e+02 3.718046e+00 8.420893e-03
3.404000e+02 3.724058e+00 8.347858e-03
3.404000e+02 3.712715e+00 8.550260e-03
3.406000e+02 4.313635e+00 9.826523e-03
3.406000e+02 4.322040e+00 9.876382e-03
3.406000e+02 4.328769e+00 9.764752e-03
3.406000e+02 4.315028e+00 9.723998e-03
3.406000e+02 4.318272e+00 1.008860e-02
3.406000e+02 4.315914e+00 1.005876e-02
3.406000e+02 4.311346e+00 9.941920e-03
3.406000e+02 4.313703e+00 9.866394e-03
3.406000e+02 4.298126e+00 9.902101e-03
3.406000e+02 4.332163e+00 9.917066e-03
3.408000e+02 5.016128e+00 1.179598e-02
3.408000e+02 5.009762e+00 1.147315e-02
3.408000e+02 5.016275e+00 1.160332e-02
3.408000e+02 5.024735e+00 1.136183e-02
3.408000e+02 5.009751e+00 1.143337e-02
3.408000e+02 5.011253e+00 1.168239e-02
3.408000e+02 5.023021e+00 1.149050e-02
3.408000e+02 5.008061e+00 1.150275e-02
3.408000e+02 5.007367e+00 1.142208e-02
3.408000e+02 5.019790e+00 1.143747e-02
3.410000e+02 5.887312e+00 1.334122e-02
3.410000e+02 5.882474e+00 1.356455e-02
3.410000e+02 5.903578e+00 1.335947e-02
3.410000e+02 5.880195e+00 1.358668e-02
3.410000e+02 5.870014e+00 1.365213e-02
3.410000e+02 5.870958e+00 1.357517e-02
3.410000e+02 5.868706e+00 1.351136e-02
3.410000e+02 5.870820e+00 1.339274e-02
3.410000e+02 5.855075e+00 1.339462e-02
3.410000e+02 5.873702e+00 1.346665e-02
3.412000e+02 6.880302e+00 1.575222e-02
3.412000e+02 6.883652e+00 1.590626e-02
3.412000e+02 6.888034e+00 1.591225e-02
3.412000e+02 6.905661e+00 1.612245e-02
3.412000e+02 6.900086e+00 1.569108e-02
3.412000e+02 6.904527e+00 1.611740e-02
3.412000e+02 6.888088e+00 1.587038e-02
3.412000e+02 6.854007e+00 1.611731e-02
3.412000e+02 6.880554e+00 1.591890e-02
3.412000e+02 6.911995e+00 1.620304e-02
3.414000e+02 8.117269e+00 1.878357e-02
3.414000e+02 8.109063e+00 1.903287e-02
3.414000e+02 8.141320e+00 1.876917e-02
3.414000e+02 8.124308e+00 1.879871e-02
3.414000e+02 8.100629e+00 1.901672e-02
3.414000e+02 8.147758e+00 1.864859e-02
3.414000e+02 8.109510e+00 1.925300e-02
3.414000e+02 8.156762e+00 1.902749e-02
3.414000e+02 8.119387e+00 1.890717e-02
3.414000e+02 8.104649e+00 1.852319e-02
3.416000e+02 9.635507e+00 2.263026e-02
3.416000e+02 9.611983e+00 2.238361e-02
3.416000e+02 9.633490e+00 2.282701e-02
3.416000e+02 9.593633e+00 2.227849e-02
3.416000e+02 9.587671e+00 2.256345e-02
3.416000e+02 9.578216e+00 2.277823e-02
3.416000e+02 9.595685e+00 2.235729e-02
3.416000e+02 9.579773e+00 2.258310e-02
3.416000e+02 9.605541e+00 2.246155e-02
3.416000e+02 9.585672e+00 2.205797e-02
3.418000e+02 1.148393e+01 2.692308e-02
3.418000e+02 1.137919e+01 2.638684e-02
3.418000e+02 1.138858e+01 2.726359e-02
3.418000e+02 1.141405e+01 2.656931e-02
3.418000e+02 1.143280e+01 2.701493e-02
3.418000e+02 1.142649e+01 2.695702e-02
3.418000e+02 1.137945e+01 2.649296e-02
3.418000e+02 1.141308e+01 2.666297e-02
3.418000e+02 1.138826e+01 2.603856e-02
3.418000e+02 1.140945e+01 2.654463e-02
3.420000e+02 1.360234e+01 3.257742e-02
3.420000e+02 1.353811e+01 3.187384e-02
3.420000e+02 1.359870e+01 3.211878e-02
3.420000e+02 1.363733e+01 3.285805e-02
3.420000e+02 1.360593e+01 3.156265e-02
3.420000e+02 1.368871e+01 3.236579e-02
3.420000e+02 1.361628e+01 3.185793e-02
3.420000e+02 1.359823e+01 3.191455e-02
3.420000e+02 1.353146e+01 3.209574e-02
3.420000e+02 1.354179e+01 3.237581e-02
3.422000e+02 1.628558e+01 3.825746e-02
3.422000e+02 1.615870e+01 3.951946e-02
3.422000e+02 1.622989e+01 3.909746e-02
3.422000e+02 1.625134e+01 3.860044e-02
3.422000e+02 1.627124e+01 3.904852e-02
3.422000e+02 1.626958e+01 3.804358e-02
3.422000e+02 1.622604e+01 3.849311e-02
3.422000e+02 1.622841e+01 3.810058e-02
3.422000e+02 1.632214e+01 3.828604e-02
3.422000e+02 1.629943e+01 3.973086e-02
3.424000e+02 1.938159e+01 4.601336e-02
3.424000e+02 1.943761e+01 4.605627e-02
3.424000e+02 1.937325e+01 4.620816e-02
3.424000e+02 1.936481e+01 4.492318e-02
3.424000e+02 1.943124e+01 4.600972e-02
3.424000e+02 1.942400e+01 4.727646e-02
3.424000e+02 1.939415e+01 4.591198e-02
3.424000e+02 1.936666e+01 4.597479e-02
3.424000e+02 1.951426e+01 4.666544e-02
3.424000e+02 1.941385e+01 4.730388e-02
3.426000e+02 2.317296e+01 5.546740e-02
3.426000e+02 2.323419e+01 5.479160e-02
3.426000e+02 2.326399e+01 5.649069e-02
3.426000e+02 2.323941e+01 5.675922e-02
3.426000e+02 2.320728e+01 5.689156e-02
3.426000e+02 2.316916e+01 5.556687e-02
3.426000e+02 2.328773e+01 5.507167e-02
3.426000e+02 2.324091e+01 5.622611e-02
3.426000e+02 2.326675e+01 5.602397e-02
3.426000e+02 2.318612e+01 5.434360e-02
3.428000e+02 2.763304e+01 6.585790e-02
3.428000e+02 2.755715e+01 6.633324e-02
3.428000e+02 2.756587e+01 6.567422e-02
3.428000e+02 2.761977e+01 6.718978e-02
3.428000e+02 2.759530e+01 6.593567e-02
3.428000e+02 2.771466e+01 6.667889e-02
3.428000e+02 2.767588e+01 6.661619e-02
3.428000e+02 2.766932e+01 6.611140e-02
3.428000e+02 2.759082e+01 6.629753e-02
3.428000e+02 2.754122e+01 6.508319e-02
3.430000e+02 3.269013e+01 7.915844e-02
3.430000e+02 3.275157e+01 7.972950e-02
3.430000e+02 3.282604e+01 7.870479e-02
3.430000e+02 3.271446e+01 8.160372e-02
3.430000e+02 3.258543e+01 7.714819e-02
3.430000e+02 3.270718e+01 8.011757e-02
3.430000e+02 3.279452e+01 7.803886e-02
3.430000e+02 3.275849e+01 7.907488e-02
3.430000e+02 3.277603e+01 7.887470e-02
3.430000e+02 3.275491e+01 7.848619e-02
3.432000e+02 3.838622e+01 9.161110e-02
3.432000e+02 3.840911e+01 9.220903e-02
3.432000e+02 3.849680e+01 9.279246e-02
3.432000e+02 3.844915e+01 9.115385e-02
3.432000e+02 3.851600e+01 9.275406e-02
3.432000e+02 3.860792e+01 9.387815e-02
3.432000e+02 3.842332e+01 9.047184e-02
3.432000e+02 3.851694e+01 9.431402e-02
3.432000e+02 3.844473e+01 9.196395e-02
3.432000e+02 3.853294e+01 9.260883e-02
3.434000e+02 4.469721e+01 1.101946e-01
3.434000e+02 4.490890e+01 1.066372e-01
3.434000e+02 4.490350e+01 1.088887e-01
3.434000e+02 4.477514e+01 1.061140e-01
3.434000e+02 4.470552e+01 1.087314e-01
3.434000e+02 4.495453e+01 1.096004e-01
3.434000e+02 4.485336e+01 1.075673e-01
3.434000e+02 4.471515e+01 1.073908e-01
3.434000e+02 4.484632e+01 1.066515e-01
3.434000e+02 4.499617e+01 1.093101e-01
3.436000e+02 5.117760e+01 1.230817e-01
3.436000e+02 5.114579e+01 1.230231e-01
3.436000e+02 5.115249e+01 1.242095e-01
3.436000e+02 5.145876e+01 1.226180e-01
3.436000e+02 5.125091e+01 1.255411e-01
3.436000e+02 5.127374e+01 1.242122e-01
3.436000e+02 5.117898e+01 1.267636e-01
3.436000e+02 5.119268e+01 1.268045e-01
3.436000e+02 5.104978e+01 1.275864e-01
3.436000e+02 5.101553e+01 1.260366e-01
3.438000e+02 5.713993e+01 1.416310e-01
3.438000e+02 5.680721e+01 1.396786e-01
3.438000e+02 5.680967e+01 1.372618e-01
3.438000e+02 5.695820e+01 1.386554e-01
3.438000e+02 5.711011e+01 1.383227e-01
3.438000e+02 5.695818e+01 1.420105e-01
3.438000e+02 5.719942e+01 1.408145e-01
3.438000e+02 5.711382e+01 1.368223e-01
3.438000e+02 5.720466e+01 1.392598e-01
3.440000e+02 6.160417e+01 1.514937e-01
3.440000e+02 6.165066e+01 1.489895e-01
3.440000e+02 6.177072e+01 1.510627e-01
3.440000e+02 6.185690e+01 1.503753e-01
3.440000e+02 6.156949e+01 1.448212e-01
3.440000e+02 6.137413e+01 1.561471e-01
3.440000e+02 6.189569e+01 1.510472e-01
3.440000e+02 6.140965e+01 1.578609e-01
3.440000e+02 6.175909e+01 1.476402e-01
3.442000e+02 6.452645e+01 1.563306e-01
3.442000e+02 6.457630e+01 1.529476e-01
3.442000e+02 6.454632e+01 1.555429e-01
3.442000e+02 6.453038e+01 1.544659e-01
3.442000e+02 6.439092e+01 1.525753e-01
3.442000e+02 6.454525e+01 1.567511e-01
3.442000e+02 6.446631e+01 1.546577e-01
3.442000e+02 6.442580e+01 1.573637e-01
3.442000e+02 6.455024e+01 1.560602e-01
3.444000e+02 6.565106e+01 1.588507e-01
3.444000e+02 6.578551e+01 1.597297e-01
3.444000e+02 6.570118e+01 1.582017e-01
3.444000e+02 6.588690e+01 1.616324e-01
3.444000e+02 6.582329e+01 1.657139e-01
3.444000e+02 6.583776e+01 1.562198e-01
3.444000e+02 6.588619e+01 1.599088e-01
3.444000e+02 6.564198e+01 1.603434e-01
3.444000e+02 6.607806e+01 1.587190e-01
3.444000e+02 6.593657e+01 1.584142e-01
3.446000e+02 6.573973e+01 1.595111e-01
3.446000e+02 6.598667e+01 1.572152e-01
3.446000e+02 6.609289e+01 1.633279e-01
3.446000e+02 6.609328e+01 1.596718e-01
3.446000e+02 6.595150e+01 1.592350e-01
3.446000e+02 6.584281e+01 1.589416e-01
3.446000e+02 6.604349e+01 1.605463e-01
3.446000e+02 6.576674e+01 1.583961e-01
3.446000e+02 6.581256e+01 1.599944e-01
3.446000e+02 6.581747e+01 1.631541e-01
3.448000e+02 6.559994e+01 1.588671e-01
3.448000e+02 6.570760e+01 1.606245e-01
3.448000e+02 6.573640e+01 1.629035e-01
3.448000e+02 6.543211e+01 1.612835e-01
3.448000e+02 6.597316e+01 1.596314e-01
3.448000e+02 6.535329e+01 1.590062e-01
3.448000e+02 6.584509e+01 1.572580e-01
3.448000e+02 6.555293e+01 1.602235e-01
3.448000e+02 6.542371e+01 1.609707e-01
3.448000e+02 6.551072e+01 1.642160e-01
3.450000e+02 6.515006e+01 1.630637e-01
3.450000e+02 6.564210e+01 1.583179e-01
3.450000e+02 6.524879e+01 1.540792e-01
3.450000e+02 6.529225e+01 1.567765e-01
3.450000e+02 6.537259e+01 1.595849e-01
3.450000e+02 6.549048e+01 1.572475e-01
3.450000e+02 6.519267e+01 1.583427e-01
3.450000e+02 6.525810e+01 1.593165e-01
3.450000e+02 6.519352e+01 1.564390e-01
3.450000e+02 6.525305e+01 1.616441e-01
3.452000e+02 6.538293e+01 1.596493e-01
3.452000e+02 6.535312e+01 1.534517e-01
3.452000e+02 6.541739e+01 1.625618e-01
3.452000e+02 6.524162e+01 1.572249e-01
3.452000e+02 6.527423e+01 1.594447e-01
3.452000e+02 6.541777e+01 1.568373e-01
3.452000e+02 6.526335e+01 1.619784e-01
3.452000e+02 6.542020e+01 1.546561e-01
3.452000e+02 6.547808e+01 1.568900e-01
3.454000e+02 6.563121e+01 1.595644e-01
3.454000e+02 6.576558e+01 1.588258e-01
3.454000e+02 6.543220e+01 1.580864e-01
3.454000e+02 6.564266e+01 1.574244e-01
3.454000e+02 6.581669e+01 1.576925e-01
3.454000e+02 6.551114e+01 1.552928e-01
3.454000e+02 6.565141e+01 1.594682e-01
3.454000e+02 6.560710e+01 1.581698e-01
3.454000e+02 6.577627e+01 1.549297e-01
3.456000e+02 6.621813e+01 1.648170e-01
3.456000e+02 6.633280e+01 1.583650e-01
3.456000e+02 6.658984e+01 1.604166e-01
3.456000e+02 6.640406e+01 1.611061e-01
3.456000e+02 6.641864e+01 1.653439e-01
3.456000e+02 6.618459e+01 1.584462e-01
3.456000e+02 6.645364e+01 1.566003e-01
3.456000e+02 6.637031e+01 1.606640e-01
3.456000e+02 6.640162e+01 1.610362e-01
3.456000e+02 6.625791e+01 1.624302e-01
3.458000e+02 6.706789e+01 1.608296e-01
3.458000e+02 6.723458e+01 1.574357e-01
3.458000e+02 6.724919e+01 1.622388e-01
3.458000e+02 6.696736e+01 1.651315e-01
3.458000e+02 6.741161e+01 1.632739e-01
3.458000e+02 6.736502e+01 1.618698e-01
3.458000e+02 6.714525e+01 1.625634e-01
3.458000e+02 6.712962e+01 1.615684e-01
3.458000e+02 6.728770e+01 1.611881e-01
3.458000e+02 6.711255e+01 1.634049e-01
3.460000e+02 6.790570e+01 1.617253e-01
3.460000e+02 6.793971e+01 1.620117e-01
3.460000e+02 6.828453e+01 1.638636e-01
3.460000e+02 6.808225e+01 1.627801e-01
3.460000e+02 6.802477e+01 1.665586e-01
3.460000e+02 6.812725e+01 1.630988e-01
3.460000e+02 6.780488e+01 1.636129e-01
3.460000e+02 6.804021e+01 1.650292e-01
3.460000e+02 6.795678e+01 1.658722e-01
3.460000e+02 6.835086e+01 1.642482e-01
3.462000e+02 6.873714e+01 1.660605e-01
3.462000e+02 6.861261e+01 1.646532e-01
3.462000e+02 6.876866e+01 1.700128e-01
3.462000e+02 6.857356e+01 1.674839e-01
3.462000e+02 6.873506e+01 1.715967e-01
3.462000e+02 6.840206e+01 1.682406e-01
3.462000e+02 6.863609e+01 1.680667e-01
3.462000e+02 6.853535e+01 1.655578e-01
3.462000e+02 6.843140e+01 1.667335e-01
3.462000e+02 6.877766e+01 1.665857e-01
3.464000e+02 6.904962e+01 1.617784e-01
3.464000e+02 6.892535e+01 1.536282e-01
3.464000e+02 6.880530e+01 1.576949e-01
3.464000e+02 6.874634e+01 1.543916e-01
3.464000e+02 6.912111e+01 1.570195e-01
3.464000e+02 6.887444e+01 1.551152e-01
3.464000e+02 6.920575e+01 1.573898e-01
3.464000e+02 6.882276e+01 1.526515e-01
3.464000e+02 6.908247e+01 1.579600e-01
3.466000e+02 6.953214e+01 1.556279e-01
3.466000e+02 6.947752e+01 1.582653e-01
3.466000e+02 6.971365e+01 1.554823e-01
3.466000e+02 6.941641e+01 1.604759e-01
3.466000e+02 6.941498e+01 1.560756e-01
3.466000e+02 6.938795e+01 1.591022e-01
3.466000e+02 6.957241e+01 1.585794e-01
3.468000e+02 6.956496e+01 1.550393e-01
3.468000e+02 6.997253e+01 1.581783e-01
3.468000e+02 6.973809e+01 1.560124e-01
3.468000e+02 6.969362e+01 1.563719e-01
3.468000e+02 6.946747e+01 1.598416e-01
3.468000e+02 6.995289e+01 1.586705e-01
3.468000e+02 6.966960e+01 1.605191e-01
3.468000e+02 6.954076e+01 1.547623e-01
3.468000e+02 6.976645e+01 1.613306e-01
3.470000e+02 6.967402e+01 1.584974e-01
3.470000e+02 6.972849e+01 1.570914e-01
3.470000e+02 6.972718e+01 1.609222e-01
3.470000e+02 6.976528e+01 1.597454e-01
3.470000e+02 6.972110e+01 1.610386e-01
3.470000e+02 7.000511e+01 1.625928e-01
3.470000e+02 7.016013e+01 1.562744e-01
3.470000e+02 6.957587e+01 1.589059e-01
3.470000e+02 7.004194e+01 1.600874e-01
3.470000e+02 6.996361e+01 1.567578e-01
3.472000e+02 6.958588e+01 1.578169e-01
3.472000e+02 6.973433e+01 1.595943e-01
3.472000e+02 6.987759e+01 1.610389e-01
3.472000e+02 6.956796e+01 1.585564e-01
3.472000e+02 6.969101e+01 1.591411e-01
3.472000e+02 6.960452e+01 1.558627e-01
3.472000e+02 6.952368e+01 1.567778e-01
3.472000e+02 7.001754e+01 1.533212e-01
3.472000e+02 6.986353e+01 1.626550e-01
3.472000e+02 7.032120e+01 1.612253e-01
3.474000e+02 6.938178e+01 1.561517e-01
3.474000e+02 6.925660e+01 1.579168e-01
3.474000e+02 6.936248e+01 1.549221e-01
3.474000e+02 6.952192e+01 1.607628e-01
3.474000e+02 6.955852e+01 1.560028e-01
3.474000e+02 6.912682e+01 1.591985e-01
3.474000e+02 6.953009e+01 1.556996e-01
3.474000e+02 6.962978e+01 1.531863e-01
3.474000e+02 6.937670e+01 1.588648e-01
3.474000e+02 6.967699e+01 1.601598e-01
3.476000e+02 6.873527e+01 1.559177e-01
3.476000e+02 6.916587e+01 1.593816e-01
3.476000e+02 6.906654e+01 1.581962e-01
3.476000e+02 6.897913e+01 1.535036e-01
3.476000e+02 6.884544e+01 1.552433e-01
3.476000e+02 6.870570e+01 1.554226e-01
3.476000e+02 6.893433e+01 1.593279e-01
3.476000e+02 6.886947e+01 1.573997e-01
3.476000e+02 6.879115e+01 1.576244e-01
3.476000e+02 6.887140e+01 1.577689e-01
3.478000e+02 6.797550e+01 1.530053e-01
3.478000e+02 6.814723e+01 1.554027e-01
3.478000e+02 6.807863e+01 1.553226e-01
3.478000e+02 6.803374e+01 1.544248e-01
3.478000e+02 6.806171e+01 1.573833e-01
3.478000e+02 6.820711e+01 1.533108e-01
3.478000e+02 6.822574e+01 1.543935e-01
3.478000e+02 6.810839e+01 1.523662e-01
3.478000e+02 6.850506e+01 1.570705e-01
3.480000e+02 6.731009e+01 1.579584e-01
3.480000e+02 6.714384e+01 1.538935e-01
3.480000e+02 6.726451e+01 1.499358e-01
3.480000e+02 6.708486e+01 1.562389e-01
3.480000e+02 6.685430e+01 1.565232e-01
3.480000e+02 6.742819e+01 1.544138e-01
3.480000e+02 6.756517e+01 1.529001e-01
3.480000e+02 6.743544e+01 1.535653e-01
3.480000e+02 6.721824e+01 1.556649e-01
3.480000e+02 6.735524e+01 1.515776e-01
3.482000e+02 6.629328e+01 1.527084e-01
3.482000e+02 6.619220e+01 1.537968e-01
3.482000e+02 6.609173e+01 1.500001e-01
3.482000e+02 6.637478e+01 1.538133e-01
3.482000e+02 6.594148e+01 1.511022e-01
3.482000e+02 6.615656e+01 1.549797e-01
3.482000e+02 6.595966e+01 1.535248e-01
3.482000e+02 6.609315e+01 1.553893e-01
3.482000e+02 6.608884e+01 1.530719e-01
3.482000e+02 6.628982e+01 1.538715e-01
3.484000e+02 6.480770e+01 1.475458e-01
3.484000e+02 6.494667e+01 1.506737e-01
3.484000e+02 6.491327e+01 1.487739e-01
3.484000e+02 6.524153e+01 1.511858e-01
3.484000e+02 6.478916e+01 1.482179e-01
3.484000e+02 6.491586e+01 1.499416e-01
3.484000e+02 6.481574e+01 1.482133e-01
3.484000e+02 6.494916e+01 1.534062e-01
3.484000e+02 6.488245e+01 1.514381e-01
3.484000e+02 6.501679e+01 1.495311e-01
3.486000e+02 6.359117e+01 1.506473e-01
3.486000e+02 6.355205e+01 1.451693e-01
3.486000e+02 6.358308e+01 1.519276e-01
3.486000e+02 6.341341e+01 1.469969e-01
3.486000e+02 6.351637e+01 1.473295e-01
3.486000e+02 6.348500e+01 1.479836e-01
3.486000e+02 6.351473e+01 1.463442e-01
3.486000e+02 6.346900e+01 1.505017e-01
3.486000e+02 6.354231e+01 1.466969e-01
3.486000e+02 6.345587e+01 1.454342e-01
3.488000e+02 6.195142e+01 1.443821e-01
3.488000e+02 6.209399e+01 1.446489e-01
3.488000e+02 6.198567e+01 1.425748e-01
3.488000e+02 6.212196e+01 1.458974e-01
3.488000e+02 6.215039e+01 1.454132e-01
3.488000e+02 6.198517e+01 1.466217e-01
3.488000e+02 6.203253e+01 1.440577e-01
3.488000e+02 6.208278e+01 1.430100e-01
3.488000e+02 6.214676e+01 1.470624e-01
3.488000e+02 6.186034e+01 1.480336e-01
3.490000e+02 6.055164e+01 1.447072e-01
3.490000e+02 6.049028e+01 1.413818e-01
3.490000e+02 6.059994e+01 1.434006e-01
3.490000e+02 6.054675e+01 1.429105e-01
3.490000e+02 6.048602e+01 1.408223e-01
3.490000e+02 6.056878e+01 1.396866e-01
3.490000e+02 6.064620e+01 1.449301e-01
3.490000e+02 6.055121e+01 1.382343e-01
3.490000e+02 6.063345e+01 1.442593e-01
3.492000e+02 5.901705e+01 1.367400e-01
3.492000e+02 5.904217e+01 1.360770e-01
3.492000e+02 5.902181e+01 1.391516e-01
3.492000e+02 5.889692e+01 1.393688e-01
3.492000e+02 5.894279e+01 1.359216e-01
3.492000e+02 5.908321e+01 1.390651e-01
3.492000e+02 5.894965e+01 1.408276e-01
3.494000e+02 5.716824e+01 1.345478e-01
3.494000e+02 5.728692e+01 1.383082e-01
3.494000e+02 5.721601e+01 1.359158e-01
3.494000e+02 5.720295e+01 1.342371e-01
3.494000e+02 5.743276e+01 1.348882e-01
3.494000e+02 5.738625e+01 1.374969e-01
3.494000e+02 5.738597e+01 1.367072e-01
3.494000e+02 5.722074e+01 1.356302e-01
3.494000e+02 5.731074e+01 1.337116e-01
3.494000e+02 5.731613e+01 1.373393e-01
3.496000e+02 5.537038e+01 1.317206e-01
3.496000e+02 5.547620e+01 1.312531e-01
3.496000e+02 5.556665e+01 1.325032e-01
3.496000e+02 5.546034e+01 1.309961e-01
3.496000e+02 5.569555e+01 1.309536e-01
3.496000e+02 5.530429e+01 1.302720e-01
3.496000e+02 5.557052e+01 1.290657e-01
3.496000e+02 5.563447e+01 1.313335e-01
3.496000e+02 5.567080e+01 1.327014e-01
3.496000e+02 5.541738e+01 1.300171e-01
3.498000e+02 5.368604e+01 1.268988e-01
3.498000e+02 5.405075e+01 1.297462e-01
3.498000e+02 5.366775e+01 1.300512e-01
3.498000e+02 5.378394e+01 1.249161e-01
3.498000e+02 5.376753e+01 1.281874e-01
3.498000e+02 5.380649e+01 1.249078e-01
3.498000e+02 5.386982e+01 1.276413e-01
3.498000e+02 5.388577e+01 1.277909e-01
3.498000e+02 5.384608e+01 1.282119e-01
3.498000e+02 5.416801e+01 1.254812e-01
3.500000e+02 5.198165e+01 1.246245e-01
3.500000e+02 5.220063e+01 1.239477e-01
3.500000e+02 5.199741e+01 1.247209e-01
3.500000e+02 5.187498e+01 1.287424e-01
3.500000e+02 5.199245e+01 1.239375e-01
3.500000e+02 5.210370e+01 1.214969e-01
3.500000e+02 5.207692e+01 1.222223e-01
3.500000e+02 5.220842e+01 1.254498e-01
3.500000e+02 5.214532e+01 1.259695e-01
3.500000e+02 5.200468e+01 1.210709e-01
3.510000e+02 4.319569e+01 1.010864e-01
3.510000e+02 4.332385e+01 1.036664e-01
3.510000e+02 4.328046e+01 1.052707e-01
3.510000e+02 4.317093e+01 1.023444e-01
3.510000e+02 4.309504e+01 1.044458e-01
3.510000e+02 4.332970e+01 1.020450e-01
3.510000e+02 4.335841e+01 1.053455e-01
3.510000e+02 4.313103e+01 1.050288e-01
3.510000e+02 4.311540e+01 1.046688e-01
3.510000e+02 4.325385e+01 1.058389e-01
3.520000e+02 3.492951e+01 8.415536e-02
3.520000e+02 3.479131e+01 8.293487e-02
3.520000e+02 3.479676e+01 8.194701e-02
3.520000e+02 3.483450e+01 8.504529e-02
3.520000e+02 3.461909e+01 8.507133e-02
3.520000e+02 3.481802e+01 8.715062e-02
3.520000e+02 3.495112e+01 8.550300e-02
3.520000e+02 3.473693e+01 8.580540e-02
3.520000e+02 3.498332e+01 8.563274e-02
3.520000e+02 3.479451e+01 8.563373e-02
3.530000e+02 2.750296e+01 6.635379e-02
3.530000e+02 2.747053e+01 6.797060e-02
3.530000e+02 2.757995e+01 6.721322e-02
3.530000e+02 2.746522e+01 6.711883e-02
3.530000e+02 2.755081e+01 6.590452e-02
3.530000e+02 2.740689e+01 6.809607e-02
3.530000e+02 2.749075e+01 7.021685e-02
3.530000e+02 2.755894e+01 6.689134e-02
3.530000e+02 2.745621e+01 6.763086e-02
3.530000e+02 2.739747e+01 6.683206e-02
3.540000e+02 2.122755e+01 5.172763e-02
3.540000e+02 2.128056e+01 5.415780e-02
3.540000e+02 2.127034e+01 5.356938e-02
3.540000e+02 2.125648e+01 5.544499e-02
3.540000e+02 2.124313e+01 5.312020e-02
3.540000e+02 2.116304e+01 5.262705e-02
3.540000e+02 2.120812e+01 5.140038e-02
3.540000e+02 2.129417e+01 5.376467e-02
3.540000e+02 2.133721e+01 5.371709e-02
3.540000e+02 2.123024e+01 5.362345e-02
3.550000e+02 1.609238e+01 4.057288e-02
3.550000e+02 1.617036e+01 4.030199e-02
3.550000e+02 1.606714e+01 3.872314e-02
3.550000e+02 1.609217e+01 4.028016e-02
3.550000e+02 1.611272e+01 4.055101e-02
3.550000e+02 1.609580e+01 3.869798e-02
3.550000e+02 1.604006e+01 4.047162e-02
3.550000e+02 1.608179e+01 4.017230e-02
3.550000e+02 1.606213e+01 3.995203e-02
3.560000e+02 1.196940e+01 3.020117e-02
3.560000e+02 1.201015e+01 3.083993e-02
3.560000e+02 1.204903e+01 2.934802e-02
3.560000e+02 1.202924e+01 2.990755e-02
3.560000e+02 1.196031e+01 2.968812e-02
3.560000e+02 1.199208e+01 2.979600e-02
3.560000e+02 1.202415e+01 2.936653e-02
3.560000e+02 1.199758e+01 2.970667e-02
3.560000e+02 1.199693e+01 2.966659e-02
3.560000e+02 1.199563e+01 3.000572e-02
3.570000e+02 8.785753e+00 2.227797e-02
3.570000e+02 8.785118e+00 2.249271e-02
3.570000e+02 8.775853e+00 2.284791e-02
3.570000e+02 8.767885e+00 2.195986e-02
3.570000e+02 8.792889e+00 2.277459e-02
3.570000e+02 8.829301e+00 2.182034e-02
3.570000e+02 8.777977e+00 2.239655e-02
3.570000e+02 8.727885e+00 2.237295e-02
3.570000e+02 8.790457e+00 2.211180e-02
3.570000e+02 8.773512e+00 2.172909e-02
3.580000e+02 6.278921e+00 1.545682e-02
3.580000e+02 6.293359e+00 1.684074e-02
3.580000e+02 6.290463e+00 1.549840e-02
3.580000e+02 6.242116e+00 1.577396e-02
3.580000e+02 6.304534e+00 1.613395e-02
3.580000e+02 6.299013e+00 1.643157e-02
3.580000e+02 6.315794e+00 1.608720e-02
3.580000e+02 6.300390e+00 1.590694e-02
3.580000e+02 6.299900e+00 1.634418e-02
3.580000e+02 6.251847e+00 1.607781e-02
3.590000e+02 4.412927e+00 1.131840e-02
3.590000e+02 4.430989e+00 1.082926e-02
3.590000e+02 4.432048e+00 1.150282e-02
3.590000e+02 4.396770e+00 1.132788e-02
3.590000e+02 4.408455e+00 1.138405e-02
3.590000e+02 4.409496e+00 1.145694e-02
3.590000e+02 4.412709e+00 1.143118e-02
3.590000e+02 4.408693e+00 1.095064e-02
3.590000e+02 4.402944e+00 1.131813e-02
3.590000e+02 4.408002e+00 1.114875e-02
3.600000e+02 3.030384e+00 7.979817e-03
3.600000e+02 3.038510e+00 7.552956e-03
3.600000e+02 3.018053e+00 7.819642e-03
3.600000e+02 3.021492e+00 7.507222e-03
3.600000e+02 3.019472e+00 7.775576e-03
3.600000e+02 3.017022e+00 7.752064e-03
3.600000e+02 3.027254e+00 7.698415e-03
3.600000e+02 3.009984e+00 7.643728e-03
3.650000e+02 2.504847e-01 6.780764e-04
3.650000e+02 2.513702e-01 6.772020e-04
3.650000e+02 2.510293e-01 6.502881e-04
3.650000e+02 2.519463e-01 6.757257e-04
3.650000e+02 2.500123e-01 6.693978e-04
3.650000e+02 2.497528e-01 6.728840e-04
3.650000e+02 2.514402e-01 6.863410e-04
3.650000e+02 2.513482e-01 6.921442e-04
3.650000e+02 2.504358e-01 6.555180e-04
3.650000e+02 2.511811e-01 6.786449e-04
3.700000e+02 6.020265e-04 1.653437e-06
3.700000e+02 6.018581e-04 1.696319e-06
3.700000e+02 6.049902e-04 1.707798e-06
3.700000e+02 6.046729e-04 1.696589e-06
3.700000e+02 6.018125e-04 1.674025e-06
3.700000e+02 6.020619e-04 1.597765e-06
3.700000e+02 6.023157e-04 1.711083e-06
3.700000e+02 6.054550e-04 1.661695e-06
3.700000e+02 6.025043e-04 1.719892e-06
3.700000e+02 6.010751e-04 1.708021e-06
3.750000e+02 1.476815e-18 4.195980e-21
3.750000e+02 1.477857e-18 4.072766e-21
3.750000e+02 1.478365e-18 4.496933e-21
3.750000e+02 1.486026e-18 4.346138e-21
3.750000e+02 1.481349e-18 4.183989e-21
3.750000e+02 1.477169e-18 4.108994e-21
3.750000e+02 1.478784e-18 4.219694e-21
3.750000e+02 1.479143e-18 4.210850e-21
3.750000e+02 1.478343e-18 4.335546e-21
3.750000e+02 1.479643e-18 4.256903e-21
3.800000e+02 1.360522e-18 4.068885e-21
3.800000e+02 1.350886e-18 4.042590e-21
3.800000e+02 1.359710e-18 4.189848e-21
3.800000e+02 1.356783e-18 4.093791e-21
3.800000e+02 1.359802e-18 4.071936e-21
3.800000e+02 1.359666e-18 3.972585e-21
3.800000e+02 1.362323e-18 4.033598e-21
3.800000e+02 1.356188e-18 4.189119e-21
3.800000e+02 1.359616e-18 4.028697e-21
3.850000e+02 1.235176e-18 3.858484e-21
3.850000e+02 1.236658e-18 3.711837e-21
3.850000e+02 1.230234e-18 3.856906e-21
3.850000e+02 1.237056e-18 3.815692e-21
3.850000e+02 1.244467e-18 3.831418e-21
3.850000e+02 1.240141e-18 3.932617e-21
3.850000e+02 1.243570e-18 3.818431e-21
3.850000e+02 1.242659e-18 3.861200e-21
3.850000e+02 1.238703e-18 3.800057e-21
3.850000e+02 1.225128e-18 3.888598e-21
