3.250000e+02 1.238771e-01 2.464273e-04
3.250000e+02 1.236219e-01 2.439678e-04
3.250000e+02 1.236737e-01 2.439968e-04
3.250000e+02 1.233858e-01 2.435741e-04
3.250000e+02 1.234671e-01 2.478936e-04
3.250000e+02 1.232169e-01 2.460759e-04
3.250000e+02 1.234563e-01 2.447751e-04
3.250000e+02 1.231949e-01 2.458342e-04
3.250000e+02 1.237771e-01 2.461185e-04
3.250000e+02 1.236959e-01 2.467512e-04
3.260000e+02 1.410854e-01 2.855021e-04
3.260000e+02 1.414265e-01 2.822602e-04
3.260000e+02 1.413313e-01 2.825792e-04
3.260000e+02 1.417241e-01 2.837976e-04
3.260000e+02 1.415834e-01 2.840661e-04
3.260000e+02 1.414602e-01 2.823197e-04
3.260000e+02 1.412769e-01 2.856163e-04
3.260000e+02 1.415213e-01 2.858388e-04
3.260000e+02 1.418348e-01 2.869699e-04
3.260000e+02 1.414885e-01 2.847871e-04
3.270000e+02 1.635805e-01 3.276576e-04
3.270000e+02 1.637522e-01 3.278809e-04
3.270000e+02 1.634778e-01 3.266079e-04
3.270000e+02 1.633210e-01 3.266509e-04
3.270000e+02 1.635782e-01 3.245794e-04
3.270000e+02 1.627181e-01 3.273089e-04
3.270000e+02 1.631107e-01 3.265231e-04
3.270000e+02 1.635551e-01 3.288728e-04
3.270000e+02 1.630589e-01 3.289650e-04
3.270000e+02 1.634408e-01 3.280056e-04
3.280000e+02 1.893097e-01 3.826148e-04
3.280000e+02 1.891792e-01 3.800152e-04
3.280000e+02 1.892481e-01 3.859449e-04
3.280000e+02 1.897045e-01 3.808578e-04
3.280000e+02 1.898734e-01 3.896654e-04
3.280000e+02 1.899516e-01 3.852783e-04
3.280000e+02 1.897093e-01 3.810217e-04
3.280000e+02 1.893839e-01 3.899364e-04
3.280000e+02 1.901740e-01 3.811713e-04
3.280000e+02 1.893159e-01 3.804692e-04
3.290000e+02 2.218138e-01 4.536438e-04
3.290000e+02 2.218161e-01 4.458979e-04
3.290000e+02 2.207406e-01 4.495629e-04
3.290000e+02 2.218360e-01 4.494225e-04
3.290000e+02 2.223077e-01 4.475111e-04
3.290000e+02 2.216216e-01 4.517040e-04
3.290000e+02 2.217938e-01 4.563163e-04
3.290000e+02 2.221989e-01 4.535431e-04
3.290000e+02 2.212887e-01 4.479689e-04
3.290000e+02 2.224157e-01 4.503165e-04
3.300000e+02 2.616638e-01 5.364364e-04
3.300000e+02 2.610127e-01 5.384461e-04
3.300000e+02 2.623955e-01 5.304912e-04
3.300000e+02 2.608714e-01 5.261642e-04
3.300000e+02 2.607096e-01 5.285449e-04
3.300000e+02 2.613027e-01 5.328530e-04
3.300000e+02 2.612019e-01 5.315091e-04
3.300000e+02 2.613873e-01 5.343348e-04
3.300000e+02 2.618270e-01 5.383135e-04
3.300000e+02 2.611677e-01 5.371626e-04
3.310000e+02 3.130162e-01 6.338625e-04
3.310000e+02 3.110598e-01 6.410485e-04
3.310000e+02 3.114399e-01 6.383643e-04
3.310000e+02 3.111761e-01 6.412745e-04
3.310000e+02 3.119565e-01 6.459386e-04
3.310000e+02 3.107121e-01 6.377579e-04
3.310000e+02 3.119586e-01 6.423003e-04
3.310000e+02 3.114841e-01 6.359716e-04
3.310000e+02 3.115043e-01 6.441908e-04
3.310000e+02 3.119628e-01 6.456827e-04
3.320000e+02 3.740722e-01 7.831622e-04
3.320000e+02 3.761122e-01 7.813729e-04
3.320000e+02 3.754464e-01 7.788118e-04
3.320000e+02 3.752366e-01 7.816277e-04
3.320000e+02 3.756403e-01 7.752184e-04
3.320000e+02 3.758564e-01 7.793126e-04
3.320000e+02 3.734088e-01 7.790200e-04
3.320000e+02 3.747514e-01 7.773939e-04
3.320000e+02 3.758621e-01 7.862502e-04
3.320000e+02 3.763928e-01 7.711398e-04
3.330000e+02 4.588646e-01 9.560537e-04
3.330000e+02 4.579822e-01 9.613184e-04
3.330000e+02 4.577787e-01 9.710413e-04
3.330000e+02 4.574038e-01 9.688398e-04
3.330000e+02 4.580154e-01 9.662662e-04
3.330000e+02 4.571683e-01 9.526401e-04
3.330000e+02 4.599224e-01 9.660834e-04
3.330000e+02 4.589700e-01 9.673374e-04
3.330000e+02 4.590052e-01 9.621227e-04
3.330000e+02 4.581211e-01 9.675211e-04
3.340000e+02 5.679830e-01 1.197430e-03
3.340000e+02 5.665972e-01 1.198005e-03
3.340000e+02 5.680222e-01 1.195493e-03
3.340000e+02 5.712833e-01 1.182695e-03
3.340000e+02 5.697849e-01 1.215143e-03
3.340000e+02 5.687852e-01 1.193227e-03
3.340000e+02 5.695961e-01 1.211256e-03
3.340000e+02 5.693566e-01 1.197133e-03
3.340000e+02 5.717667e-01 1.202661e-03
3.340000e+02 5.710186e-01 1.207935e-03
3.350000e+02 7.195562e-01 1.523774e-03
3.350000e+02 7.232139e-01 1.547715e-03
3.350000e+02 7.233276e-01 1.538794e-03
3.350000e+02 7.224565e-01 1.554326e-03
3.350000e+02 7.237141e-01 1.555119e-03
3.350000e+02 7.218321e-01 1.523832e-03
3.350000e+02 7.216461e-01 1.517848e-03
3.350000e+02 7.250939e-01 1.537722e-03
3.350000e+02 7.209295e-01 1.537545e-03
3.350000e+02 7.192673e-01 1.529649e-03
3.360000e+02 9.355803e-01 2.003096e-03
3.360000e+02 9.346990e-01 1.995988e-03
3.360000e+02 9.386711e-01 2.005208e-03
3.360000e+02 9.405151e-01 2.018256e-03
3.360000e+02 9.363282e-01 2.012856e-03
3.360000e+02 9.356874e-01 2.025487e-03
3.360000e+02 9.384381e-01 2.033006e-03
3.360000e+02 9.382279e-01 2.052719e-03
3.360000e+02 9.383963e-01 2.013620e-03
3.360000e+02 9.384124e-01 2.011348e-03
3.370000e+02 1.250939e+00 2.686313e-03
3.370000e+02 1.254196e+00 2.709371e-03
3.370000e+02 1.255601e+00 2.740819e-03
3.370000e+02 1.255165e+00 2.706479e-03
3.370000e+02 1.253835e+00 2.704572e-03
3.370000e+02 1.252285e+00 2.707598e-03
3.370000e+02 1.253876e+00 2.714348e-03
3.370000e+02 1.252600e+00 2.740847e-03
3.370000e+02 1.251373e+00 2.737769e-03
3.370000e+02 1.255270e+00 2.714006e-03
3.380000e+02 1.742817e+00 3.845103e-03
3.380000e+02 1.742199e+00 3.910951e-03
3.380000e+02 1.746395e+00 3.852946e-03
3.380000e+02 1.745037e+00 3.827047e-03
3.380000e+02 1.749629e+00 3.849017e-03
3.380000e+02 1.750775e+00 3.869024e-03
3.380000e+02 1.743620e+00 3.875244e-03
3.380000e+02 1.736644e+00 3.782264e-03
3.380000e+02 1.748729e+00 3.855940e-03
3.380000e+02 1.746233e+00 3.828886e-03
3.390000e+02 2.573165e+00 5.743029e-03
3.390000e+02 2.566015e+00 5.833542e-03
3.390000e+02 2.570297e+00 5.749682e-03
3.390000e+02 2.559313e+00 5.709011e-03
3.390000e+02 2.561172e+00 5.778254e-03
3.390000e+02 2.551901e+00 5.787068e-03
3.390000e+02 2.554058e+00 5.739018e-03
3.390000e+02 2.560099e+00 5.767899e-03
3.390000e+02 2.563735e+00 5.713672e-03
3.390000e+02 2.565140e+00 5.754938e-03
3.400000e+02 4.054753e+00 9.197590e-03
3.400000e+02 4.052699e+00 9.161983e-03
3.400000e+02 4.045680e+00 9.165354e-03
3.400000e+02 4.028546e+00 9.269283e-03
3.400000e+02 4.032308e+00 9.198671e-03
3.400000e+02 4.043316e+00 9.131593e-03
3.400000e+02 4.050005e+00 9.301207e-03
3.400000e+02 4.045162e+00 9.145429e-03
3.400000e+02 4.045597e+00 9.029006e-03
3.400000e+02 4.043903e+00 9.146256e-03
3.402000e+02 4.487527e+00 1.036565e-02
3.402000e+02 4.465157e+00 1.046906e-02
3.402000e+02 4.474709e+00 1.022944e-02
3.402000e+02 4.451099e+00 1.030255e-02
3.402000e+02 4.474456e+00 1.034407e-02
3.402000e+02 4.465073e+00 1.013740e-02
3.402000e+02 4.456747e+00 1.010668e-02
3.402000e+02 4.480654e+00 1.016859e-02
3.402000e+02 4.481275e+00 1.024386e-02
3.402000e+02 4.471988e+00 1.016554e-02
3.404000e+02 4.966495e+00 1.148996e-02
3.404000e+02 4.973929e+00 1.132375e-02
3.404000e+02 4.967839e+00 1.117963e-02
3.404000e+02 4.969568e+00 1.148896e-02
3.404000e+02 4.944275e+00 1.129447e-02
3.404000e+02 4.957537e+00 1.145922e-02
3.404000e+02 4.982930e+00 1.130322e-02
3.404000e+02 4.962474e+00 1.132006e-02
3.404000e+02 4.972664e+00 1.135338e-02
3.404000e+02 4.958831e+00 1.127758e-02
3.406000e+02 5.537976e+00 1.283437e-02
3.406000e+02 5.561115e+00 1.304616e-02
3.406000e+02 5.536053e+00 1.270632e-02
3.406000e+02 5.561399e+00 1.279165e-02
3.406000e+02 5.570072e+00 1.260306e-02
3.406000e+02 5.549127e+00 1.296798e-02
3.406000e+02 5.535367e+00 1.268168e-02
3.406000e+02 5.541016e+00 1.259352e-02
3.406000e+02 5.567208e+00 1.271681e-02
3.406000e+02 5.550233e+00 1.267563e-02
3.408000e+02 6.235218e+00 1.461819e-02
3.408000e+02 6.254186e+00 1.440868e-02
3.408000e+02 6.229471e+00 1.455155e-02
3.408000e+02 6.245973e+00 1.417500e-02
3.408000e+02 6.236584e+00 1.457106e-02
3.408000e+02 6.234997e+00 1.434549e-02
3.408000e+02 6.237402e+00 1.428464e-02
3.408000e+02 6.243774e+00 1.436920e-02
3.408000e+02 6.216100e+00 1.439974e-02
3.408000e+02 6.245127e+00 1.420579e-02
3.410000e+02 7.045737e+00 1.626193e-02
3.410000e+02 7.053611e+00 1.625826e-02
3.410000e+02 7.050694e+00 1.678004e-02
3.410000e+02 7.044660e+00 1.646025e-02
3.410000e+02 7.026621e+00 1.646367e-02
3.410000e+02 7.053249e+00 1.660240e-02
3.410000e+02 7.026407e+00 1.639805e-02
3.410000e+02 7.051450e+00 1.634848e-02
3.410000e+02 7.028483e+00 1.683438e-02
3.410000e+02 7.052058e+00 1.636351e-02
3.412000e+02 7.984855e+00 1.899997e-02
3.412000e+02 7.990697e+00 1.869798e-02
3.412000e+02 8.003246e+00 1.846110e-02
3.412000e+02 8.003388e+00 1.857084e-02
3.412000e+02 7.958979e+00 1.877220e-02
3.412000e+02 7.993635e+00 1.874592e-02
3.412000e+02 7.979598e+00 1.842939e-02
3.412000e+02 7.990249e+00 1.864698e-02
3.412000e+02 8.008895e+00 1.856780e-02
3.412000e+02 7.969014e+00 1.845476e-02
3.414000e+02 9.145540e+00 2.108711e-02
3.414000e+02 9.142607e+00 2.157746e-02
3.414000e+02 9.098193e+00 2.126978e-02
3.414000e+02 9.143120e+00 2.112368e-02
3.414000e+02 9.144470e+00 2.155498e-02
3.414000e+02 9.147251e+00 2.142872e-02
3.414000e+02 9.142631e+00 2.149980e-02
3.414000e+02 9.150097e+00 2.114562e-02
3.414000e+02 9.096118e+00 2.150766e-02
3.414000e+02 9.153226e+00 2.119873e-02
3.416000e+02 1.049611e+01 2.443190e-02
3.416000e+02 1.053484e+01 2.446599e-02
3.416000e+02 1.054040e+01 2.527192e-02
3.416000e+02 1.049297e+01 2.459005e-02
3.416000e+02 1.051867e+01 2.491756e-02
3.416000e+02 1.045667e+01 2.441603e-02
3.416000e+02 1.053049e+01 2.435538e-02
3.416000e+02 1.043701e+01 2.449927e-02
3.416000e+02 1.049757e+01 2.482306e-02
3.416000e+02 1.048516e+01 2.513551e-02
3.418000e+02 1.211995e+01 2.844576e-02
3.418000e+02 1.218486e+01 2.839731e-02
3.418000e+02 1.214923e+01 2.839537e-02
3.418000e+02 1.215893e+01 2.844059e-02
3.418000e+02 1.213302e+01 2.843958e-02
3.418000e+02 1.217663e+01 2.806533e-02
3.418000e+02 1.216378e+01 2.892500e-02
3.418000e+02 1.220599e+01 2.877499e-02
3.418000e+02 1.218708e+01 2.863858e-02
3.418000e+02 1.218419e+01 2.927908e-02
3.420000e+02 1.421631e+01 3.368656e-02
3.420000e+02 1.418979e+01 3.344311e-02
3.420000e+02 1.422923e+01 3.389857e-02
3.420000e+02 1.414856e+01 3.360335e-02
3.420000e+02 1.422967e+01 3.318159e-02
3.420000e+02 1.412997e+01 3.390485e-02
3.420000e+02 1.418319e+01 3.354182e-02
3.420000e+02 1.414134e+01 3.315104e-02
3.420000e+02 1.417246e+01 3.422538e-02
3.420000e+02 1.418097e+01 3.272113e-02
3.422000e+02 1.668332e+01 3.988777e-02
3.422000e+02 1.664488e+01 3.877735e-02
3.422000e+02 1.654779e+01 3.983022e-02
3.422000e+02 1.668518e+01 3.981062e-02
3.422000e+02 1.662140e+01 3.946500e-02
3.422000e+02 1.659351e+01 4.092866e-02
3.422000e+02 1.659151e+01 3.834936e-02
3.422000e+02 1.666964e+01 3.908546e-02
3.422000e+02 1.659877e+01 3.861874e-02
3.422000e+02 1.663896e+01 3.980147e-02
3.424000e+02 1.958618e+01 4.723585e-02
3.424000e+02 1.956928e+01 4.738904e-02
3.424000e+02 1.969300e+01 4.629390e-02
3.424000e+02 1.962912e+01 4.603863e-02
3.424000e+02 1.967186e+01 4.760353e-02
3.424000e+02 1.965425e+01 4.774067e-02
3.424000e+02 1.963838e+01 4.644010e-02
3.424000e+02 1.964580e+01 4.735792e-02
3.424000e+02 1.963292e+01 4.787873e-02
3.424000e+02 1.960950e+01 4.723217e-02
3.426000e+02 2.322904e+01 5.415056e-02
3.426000e+02 2.330251e+01 5.502431e-02
3.426000e+02 2.329174e+01 5.516181e-02
3.426000e+02 2.335641e+01 5.582702e-02
3.426000e+02 2.332171e+01 5.700337e-02
3.426000e+02 2.334090e+01 5.599478e-02
3.426000e+02 2.331537e+01 5.561073e-02
3.426000e+02 2.338270e+01 5.585840e-02
3.426000e+02 2.334230e+01 5.543618e-02
3.426000e+02 2.332738e+01 5.578487e-02
3.428000e+02 2.792156e+01 6.750640e-02
3.428000e+02 2.774114e+01 6.739905e-02
3.428000e+02 2.787548e+01 6.624297e-02
3.428000e+02 2.771479e+01 6.709484e-02
3.428000e+02 2.764924e+01 6.668671e-02
3.428000e+02 2.768482e+01 6.601306e-02
3.428000e+02 2.782871e+01 6.612283e-02
3.428000e+02 2.785414e+01 6.782630e-02
3.428000e+02 2.770423e+01 6.671137e-02
3.428000e+02 2.771230e+01 6.468476e-02
3.430000e+02 3.301397e+01 7.946085e-02
3.430000e+02 3.311910e+01 7.805522e-02
3.430000e+02 3.304201e+01 8.022162e-02
3.430000e+02 3.295268e+01 8.050552e-02
3.430000e+02 3.313540e+01 7.804614e-02
3.430000e+02 3.311274e+01 7.997411e-02
3.430000e+02 3.326200e+01 7.955287e-02
3.430000e+02 3.296950e+01 7.934617e-02
3.430000e+02 3.302053e+01 7.857860e-02
3.430000e+02 3.300841e+01 7.975129e-02
3.432000e+02 3.925045e+01 9.545879e-02
3.432000e+02 3.919984e+01 9.536472e-02
3.432000e+02 3.925167e+01 9.422331e-02
3.432000e+02 3.929041e+01 9.696086e-02
3.432000e+02 3.941626e+01 9.365653e-02
3.432000e+02 3.926573e+01 9.692761e-02
3.432000e+02 3.923259e+01 9.363342e-02
3.432000e+02 3.919362e+01 9.498895e-02
3.432000e+02 3.919790e+01 9.373258e-02
3.432000e+02 3.951039e+01 9.647545e-02
3.434000e+02 4.592540e+01 1.088440e-01
3.434000e+02 4.593114e+01 1.118723e-01
3.434000e+02 4.593912e+01 1.115791e-01
3.434000e+02 4.586989e+01 1.111334e-01
3.434000e+02 4.606122e+01 1.153222e-01
3.434000e+02 4.600202e+01 1.088149e-01
3.434000e+02 4.601129e+01 1.132506e-01
3.434000e+02 4.619688e+01 1.076085e-01
3.434000e+02 4.599737e+01 1.148217e-01
3.434000e+02 4.591670e+01 1.127774e-01
3.436000e+02 5.270080e+01 1.307015e-01
3.436000e+02 5.292213e+01 1.288527e-01
3.436000e+02 5.281131e+01 1.289601e-01
3.436000e+02 5.299274e+01 1.260144e-01
3.436000e+02 5.276728e+01 1.278456e-01
3.436000e+02 5.297398e+01 1.284557e-01
3.436000e+02 5.298843e+01 1.321635e-01
3.436000e+02 5.280379e+01 1.295535e-01
3.436000e+02 5.296624e+01 1.266227e-01
3.438000e+02 5.927342e+01 1.443148e-01
3.438000e+02 5.945374e+01 1.451846e-01
3.438000e+02 5.893037e+01 1.440950e-01
3.438000e+02 5.912659e+01 1.445326e-01
3.438000e+02 5.953521e+01 1.415647e-01
3.438000e+02 5.914471e+01 1.464084e-01
3.438000e+02 5.913295e+01 1.455844e-01
3.438000e+02 5.917467e+01 1.412688e-01
3.438000e+02 5.917189e+01 1.430893e-01
3.438000e+02 5.907153e+01 1.420542e-01
3.440000e+02 6.372540e+01 1.543980e-01
3.440000e+02 6.405845e+01 1.570607e-01
3.440000e+02 6.407415e+01 1.553797e-01
3.440000e+02 6.406329e+01 1.561639e-01
3.440000e+02 6.388543e+01 1.557551e-01
3.440000e+02 6.379213e+01 1.578579e-01
3.440000e+02 6.400589e+01 1.538589e-01
3.440000e+02 6.390943e+01 1.566437e-01
3.440000e+02 6.416100e+01 1.536535e-01
3.440000e+02 6.407983e+01 1.534421e-01
3.442000e+02 6.707950e+01 1.601289e-01
3.442000e+02 6.692743e+01 1.581625e-01
3.442000e+02 6.719310e+01 1.601129e-01
3.442000e+02 6.680702e+01 1.632726e-01
3.442000e+02 6.705201e+01 1.630223e-01
3.442000e+02 6.699377e+01 1.631593e-01
3.442000e+02 6.672398e+01 1.652907e-01
3.442000e+02 6.661601e+01 1.630678e-01
3.442000e+02 6.730849e+01 1.622855e-01
3.442000e+02 6.697673e+01 1.611603e-01
3.444000e+02 6.805335e+01 1.679186e-01
3.444000e+02 6.830696e+01 1.615483e-01
3.444000e+02 6.798713e+01 1.622737e-01
3.444000e+02 6.798793e+01 1.606378e-01
3.444000e+02 6.835196e+01 1.656054e-01
3.444000e+02 6.820405e+01 1.642033e-01
3.444000e+02 6.797113e+01 1.583662e-01
3.444000e+02 6.792943e+01 1.601758e-01
3.444000e+02 6.800061e+01 1.640236e-01
3.444000e+02 6.795940e+01 1.633014e-01
3.446000e+02 6.800889e+01 1.594354e-01
3.446000e+02 6.811351e+01 1.642378e-01
3.446000e+02 6.814894e+01 1.667460e-01
3.446000e+02 6.815420e+01 1.637506e-01
3.446000e+02 6.814897e+01 1.629553e-01
3.446000e+02 6.799732e+01 1.665592e-01
3.446000e+02 6.788255e+01 1.649291e-01
3.446000e+02 6.788624e+01 1.672644e-01
3.446000e+02 6.828359e+01 1.627257e-01
3.446000e+02 6.772127e+01 1.612591e-01
3.448000e+02 6.708477e+01 1.641745e-01
3.448000e+02 6.735849e+01 1.645908e-01
3.448000e+02 6.715382e+01 1.631110e-01
3.448000e+02 6.714115e+01 1.679885e-01
3.448000e+02 6.764440e+01 1.649315e-01
3.448000e+02 6.719059e+01 1.663487e-01
3.448000e+02 6.726597e+01 1.677886e-01
3.448000e+02 6.709731e+01 1.619774e-01
3.448000e+02 6.724569e+01 1.635999e-01
3.448000e+02 6.733812e+01 1.660935e-01
3.450000e+02 6.685948e+01 1.624081e-01
3.450000e+02 6.679514e+01 1.603895e-01
3.450000e+02 6.666654e+01 1.610887e-01
3.450000e+02 6.666832e+01 1.677257e-01
3.450000e+02 6.672033e+01 1.636878e-01
3.450000e+02 6.652865e+01 1.619958e-01
3.450000e+02 6.657004e+01 1.671155e-01
3.450000e+02 6.675200e+01 1.597394e-01
3.450000e+02 6.663391e+01 1.564543e-01
3.450000e+02 6.658306e+01 1.633746e-01
3.452000e+02 6.658881e+01 1.622392e-01
3.452000e+02 6.648548e+01 1.618546e-01
3.452000e+02 6.617202e+01 1.663210e-01
3.452000e+02 6.679061e+01 1.605848e-01
3.452000e+02 6.622382e+01 1.591080e-01
3.452000e+02 6.609339e+01 1.606589e-01
3.452000e+02 6.644595e+01 1.563706e-01
3.452000e+02 6.659579e+01 1.618107e-01
3.452000e+02 6.663436e+01 1.626052e-01
3.452000e+02 6.639792e+01 1.605184e-01
3.454000e+02 6.684054e+01 1.600827e-01
3.454000e+02 6.663138e+01 1.589555e-01
3.454000e+02 6.690645e+01 1.611225e-01
3.454000e+02 6.669210e+01 1.641710e-01
3.454000e+02 6.658245e+01 1.636295e-01
3.454000e+02 6.670088e+01 1.676237e-01
3.454000e+02 6.659774e+01 1.593695e-01
3.454000e+02 6.694013e+01 1.649756e-01
3.454000e+02 6.699018e+01 1.566108e-01
3.454000e+02 6.678964e+01 1.581170e-01
3.456000e+02 6.747470e+01 1.616251e-01
3.456000e+02 6.753501e+01 1.685528e-01
3.456000e+02 6.739083e+01 1.622106e-01
3.456000e+02 6.759330e+01 1.661287e-01
3.456000e+02 6.727793e+01 1.636646e-01
3.456000e+02 6.786274e+01 1.625877e-01
3.456000e+02 6.777395e+01 1.614105e-01
3.456000e+02 6.736905e+01 1.607669e-01
3.456000e+02 6.777675e+01 1.642935e-01
3.456000e+02 6.785721e+01 1.629077e-01
3.458000e+02 6.858224e+01 1.650564e-01
3.458000e+02 6.852297e+01 1.650015e-01
3.458000e+02 6.863023e+01 1.658203e-01
3.458000e+02 6.884963e+01 1.643575e-01
3.458000e+02 6.861305e+01 1.645125e-01
3.458000e+02 6.865998e+01 1.635221e-01
3.458000e+02 6.891538e+01 1.677726e-01
3.458000e+02 6.872519e+01 1.668049e-01
3.458000e+02 6.846800e+01 1.637879e-01
3.460000e+02 6.991231e+01 1.696717e-01
3.460000e+02 6.957695e+01 1.651495e-01
3.460000e+02 7.003304e+01 1.726420e-01
3.460000e+02 6.968465e+01 1.636722e-01
3.460000e+02 6.961368e+01 1.676151e-01
3.460000e+02 6.959353e+01 1.674187e-01
3.460000e+02 6.998565e+01 1.655503e-01
3.460000e+02 6.971990e+01 1.669588e-01
3.460000e+02 6.971167e+01 1.722207e-01
3.460000e+02 6.979746e+01 1.657812e-01
3.462000e+02 7.109233e+01 1.730052e-01
3.462000e+02 7.091067e+01 1.758237e-01
3.462000e+02 7.111488e+01 1.716279e-01
3.462000e+02 7.099353e+01 1.718645e-01
3.462000e+02 7.088125e+01 1.802268e-01
3.462000e+02 7.098003e+01 1.732783e-01
3.462000e+02 7.111291e+01 1.742422e-01
3.462000e+02 7.097534e+01 1.716279e-01
3.462000e+02 7.111187e+01 1.679531e-01
3.462000e+02 7.089796e+01 1.671023e-01
3.464000e+02 7.144968e+01 1.607140e-01
3.464000e+02 7.164753e+01 1.634065e-01
3.464000e+02 7.184680e+01 1.618692e-01
3.464000e+02 7.203719e+01 1.625928e-01
3.464000e+02 7.186011e+01 1.635178e-01
3.464000e+02 7.173764e+01 1.640742e-01
3.464000e+02 7.187549e+01 1.655255e-01
3.464000e+02 7.210821e+01 1.633117e-01
3.464000e+02 7.165506e+01 1.629783e-01
3.464000e+02 7.185256e+01 1.667149e-01
3.466000e+02 7.305446e+01 1.672572e-01
3.466000e+02 7.267491e+01 1.647955e-01
3.466000e+02 7.308827e+01 1.662978e-01
3.466000e+02 7.293436e+01 1.652686e-01
3.466000e+02 7.278608e+01 1.631214e-01
3.466000e+02 7.349065e+01 1.684204e-01
3.466000e+02 7.298981e+01 1.647306e-01
3.466000e+02 7.313753e+01 1.652475e-01
3.466000e+02 7.287684e+01 1.636677e-01
3.466000e+02 7.292895e+01 1.632816e-01
3.468000e+02 7.419507e+01 1.660817e-01
3.468000e+02 7.452039e+01 1.682322e-01
3.468000e+02 7.428290e+01 1.646922e-01
3.468000e+02 7.426891e+01 1.707928e-01
3.468000e+02 7.442767e+01 1.722628e-01
3.468000e+02 7.401293e+01 1.664089e-01
3.468000e+02 7.443419e+01 1.695776e-01
3.468000e+02 7.404946e+01 1.659159e-01
3.468000e+02 7.417666e+01 1.657950e-01
3.468000e+02 7.413505e+01 1.709136e-01
3.470000e+02 7.531911e+01 1.662172e-01
3.470000e+02 7.541118e+01 1.691348e-01
3.470000e+02 7.537162e+01 1.748108e-01
3.470000e+02 7.529875e+01 1.713254e-01
3.470000e+02 7.533952e+01 1.712006e-01
3.470000e+02 7.528582e+01 1.702036e-01
3.470000e+02 7.520214e+01 1.741947e-01
3.470000e+02 7.503022e+01 1.711166e-01
3.470000e+02 7.552997e+01 1.744728e-01
3.470000e+02 7.519070e+01 1.699812e-01
3.472000e+02 7.631317e+01 1.713589e-01
3.472000e+02 7.620682e+01 1.728868e-01
3.472000e+02 7.634212e+01 1.722803e-01
3.472000e+02 7.609206e+01 1.778351e-01
3.472000e+02 7.625528e+01 1.743237e-01
3.472000e+02 7.621979e+01 1.743880e-01
3.472000e+02 7.633463e+01 1.726827e-01
3.472000e+02 7.607910e+01 1.776837e-01
3.472000e+02 7.644819e+01 1.733147e-01
3.472000e+02 7.628931e+01 1.751899e-01
3.474000e+02 7.731620e+01 1.763273e-01
3.474000e+02 7.750074e+01 1.741429e-01
3.474000e+02 7.724675e+01 1.761777e-01
3.474000e+02 7.729268e+01 1.774257e-01
3.474000e+02 7.724772e+01 1.775762e-01
3.474000e+02 7.706174e+01 1.779786e-01
3.474000e+02 7.695226e+01 1.747009e-01
3.474000e+02 7.763876e+01 1.773384e-01
3.474000e+02 7.731553e+01 1.791072e-01
3.474000e+02 7.727525e+01 1.765627e-01
3.476000e+02 7.813141e+01 1.788884e-01
3.476000e+02 7.813876e+01 1.840430e-01
3.476000e+02 7.794340e+01 1.747648e-01
3.476000e+02 7.795333e+01 1.808179e-01
3.476000e+02 7.818270e+01 1.796476e-01
3.476000e+02 7.826495e+01 1.805899e-01
3.476000e+02 7.818822e+01 1.796192e-01
3.476000e+02 7.827638e+01 1.814529e-01
3.476000e+02 7.818695e+01 1.811887e-01
3.476000e+02 7.775522e+01 1.798281e-01
3.478000e+02 7.865150e+01 1.847673e-01
3.478000e+02 7.869294e+01 1.849997e-01
3.478000e+02 7.870907e+01 1.794515e-01
3.478000e+02 7.889261e+01 1.851540e-01
3.478000e+02 7.869135e+01 1.827244e-01
3.478000e+02 7.823782e+01 1.763358e-01
3.478000e+02 7.871417e+01 1.782196e-01
3.478000e+02 7.888950e+01 1.803139e-01
3.478000e+02 7.882803e+01 1.809553e-01
3.480000e+02 7.927476e+01 1.856099e-01
3.480000e+02 7.954505e+01 1.796695e-01
3.480000e+02 7.945175e+01 1.783657e-01
3.480000e+02 7.924894e+01 1.824984e-01
3.480000e+02 7.929175e+01 1.841517e-01
3.480000e+02 7.920400e+01 1.823459e-01
3.480000e+02 7.921836e+01 1.812697e-01
3.480000e+02 7.933721e+01 1.850599e-01
3.480000e+02 7.946036e+01 1.825422e-01
3.480000e+02 7.933993e+01 1.787460e-01
3.482000e+02 7.972121e+01 1.848032e-01
3.482000e+02 7.978399e+01 1.853234e-01
3.482000e+02 7.984925e+01 1.836638e-01
3.482000e+02 7.995428e+01 1.810108e-01
3.482000e+02 7.997018e+01 1.859651e-01
3.482000e+02 7.966948e+01 1.820973e-01
3.482000e+02 7.997594e+01 1.791356e-01
3.482000e+02 7.968660e+01 1.864077e-01
3.482000e+02 8.002567e+01 1.861275e-01
3.484000e+02 8.033896e+01 1.886962e-01
3.484000e+02 8.024908e+01 1.861002e-01
3.484000e+02 7.998556e+01 1.860105e-01
3.484000e+02 8.037722e+01 1.831201e-01
3.484000e+02 8.062813e+01 1.922001e-01
3.484000e+02 8.059290e+01 1.897166e-01
3.484000e+02 8.039453e+01 1.860527e-01
3.484000e+02 8.043551e+01 1.903695e-01
3.484000e+02 8.042278e+01 1.883938e-01
3.484000e+02 8.048923e+01 1.875703e-01
3.486000e+02 8.075068e+01 1.925112e-01
3.486000e+02 8.096932e+01 1.885468e-01
3.486000e+02 8.083272e+01 1.902285e-01
3.486000e+02 8.063173e+01 1.901091e-01
3.486000e+02 8.055939e+01 1.900711e-01
3.486000e+02 8.035362e+01 1.894261e-01
3.486000e+02 8.069231e+01 1.922791e-01
3.486000e+02 8.072287e+01 1.903376e-01
3.486000e+02 8.043920e+01 1.911936e-01
3.486000e+02 8.082543e+01 1.880705e-01
3.488000e+02 8.146096e+01 1.964739e-01
3.488000e+02 8.144804e+01 1.921014e-01
3.488000e+02 8.113060e+01 1.917613e-01
3.488000e+02 8.080104e+01 1.920540e-01
3.488000e+02 8.102119e+01 1.884084e-01
3.488000e+02 8.062770e+01 1.914019e-01
3.488000e+02 8.096603e+01 1.851952e-01
3.488000e+02 8.129886e+01 1.879295e-01
3.488000e+02 8.118028e+01 1.910191e-01
3.490000e+02 8.152506e+01 1.907089e-01
3.490000e+02 8.131239e+01 1.938185e-01
3.490000e+02 8.125974e+01 1.955384e-01
3.490000e+02 8.111489e+01 1.891908e-01
3.490000e+02 8.139054e+01 1.948232e-01
3.490000e+02 8.124262e+01 1.890571e-01
3.490000e+02 8.146684e+01 1.912861e-01
3.490000e+02 8.125539e+01 1.906139e-01
3.490000e+02 8.125504e+01 1.920837e-01
3.492000e+02 8.129705e+01 1.911085e-01
3.492000e+02 8.171612e+01 1.987630e-01
3.492000e+02 8.179747e+01 1.937217e-01
3.492000e+02 8.156514e+01 1.922877e-01
3.494000e+02 8.155469e+01 1.913030e-01
3.494000e+02 8.185411e+01 1.963016e-01
3.494000e+02 8.156365e+01 1.946214e-01
3.494000e+02 8.177610e+01 1.953569e-01
3.494000e+02 8.218566e+01 1.940973e-01
3.494000e+02 8.193805e+01 1.980863e-01
3.494000e+02 8.169456e+01 1.925282e-01
3.494000e+02 8.172404e+01 1.876556e-01
3.494000e+02 8.147960e+01 1.918582e-01
3.496000e+02 8.182904e+01 1.980523e-01
3.496000e+02 8.162456e+01 1.928550e-01
3.496000e+02 8.196356e+01 1.939424e-01
3.496000e+02 8.163350e+01 1.918853e-01
3.496000e+02 8.193327e+01 1.911339e-01
3.496000e+02 8.182447e+01 1.896881e-01
3.496000e+02 8.147341e+01 1.936395e-01
3.496000e+02 8.182012e+01 1.952463e-01
3.496000e+02 8.163491e+01 1.974680e-01
3.496000e+02 8.167063e+01 1.951877e-01
3.498000e+02 8.220776e+01 1.920749e-01
3.498000e+02 8.181686e+01 1.936369e-01
3.498000e+02 8.187990e+01 1.964741e-01
3.498000e+02 8.149374e+01 1.957665e-01
3.498000e+02 8.172205e+01 1.994064e-01
3.498000e+02 8.203504e+01 1.977200e-01
3.498000e+02 8.187573e+01 1.888429e-01
3.498000e+02 8.193499e+01 1.934050e-01
3.498000e+02 8.182983e+01 1.959489e-01
3.498000e+02 8.214645e+01 1.990886e-01
3.500000e+02 8.196971e+01 1.949415e-01
3.500000e+02 8.181921e+01 1.931424e-01
3.500000e+02 8.197680e+01 1.985624e-01
3.500000e+02 8.226288e+01 1.978387e-01
3.500000e+02 8.215596e+01 1.953595e-01
3.500000e+02 8.190655e+01 1.956567e-01
3.500000e+02 8.217169e+01 1.953303e-01
3.500000e+02 8.175769e+01 1.888952e-01
3.500000e+02 8.198436e+01 1.970426e-01
3.500000e+02 8.247574e+01 1.967832e-01
3.510000e+02 8.196247e+01 1.982848e-01
3.510000e+02 8.215079e+01 2.002506e-01
3.510000e+02 8.172836e+01 2.032850e-01
3.510000e+02 8.239876e+01 2.025972e-01
3.510000e+02 8.235687e+01 2.015332e-01
3.510000e+02 8.233296e+01 1.994417e-01
3.510000e+02 8.236310e+01 2.040764e-01
3.510000e+02 8.229887e+01 1.969213e-01
3.510000e+02 8.208373e+01 1.987655e-01
3.510000e+02 8.239891e+01 1.971279e-01
3.520000e+02 8.181255e+01 2.051459e-01
3.520000e+02 8.219978e+01 2.012297e-01
3.520000e+02 8.218660e+01 1.971937e-01
3.520000e+02 8.201965e+01 2.019312e-01
3.520000e+02 8.198039e+01 1.988144e-01
3.520000e+02 8.192962e+01 1.995206e-01
3.520000e+02 8.187148e+01 1.975345e-01
3.520000e+02 8.238313e+01 1.940937e-01
3.520000e+02 8.202377e+01 2.028685e-01
3.520000e+02 8.223118e+01 2.035401e-01
3.530000e+02 8.164175e+01 2.039856e-01
3.530000e+02 8.161373e+01 2.086348e-01
3.530000e+02 8.168448e+01 1.998736e-01
3.530000e+02 8.112748e+01 2.060709e-01
3.530000e+02 8.179073e+01 2.009401e-01
3.530000e+02 8.150440e+01 2.032542e-01
3.530000e+02 8.133282e+01 2.022941e-01
3.530000e+02 8.147393e+01 1.954251e-01
3.530000e+02 8.169038e+01 2.028681e-01
3.530000e+02 8.151840e+01 1.954494e-01
3.540000e+02 8.111096e+01 2.071248e-01
3.540000e+02 8.127733e+01 2.050304e-01
3.540000e+02 8.128927e+01 2.041893e-01
3.540000e+02 8.116678e+01 2.010558e-01
3.540000e+02 8.118105e+01 1.979071e-01
3.540000e+02 8.128654e+01 1.999986e-01
3.540000e+02 8.119595e+01 2.103700e-01
3.540000e+02 8.144041e+01 2.051879e-01
3.540000e+02 8.127742e+01 2.026471e-01
3.550000e+02 8.048808e+01 1.962110e-01
3.550000e+02 8.066645e+01 2.030337e-01
3.550000e+02 8.074612e+01 1.931761e-01
3.550000e+02 8.042649e+01 1.990075e-01
3.550000e+02 8.083383e+01 2.040648e-01
3.550000e+02 8.078802e+01 1.986818e-01
3.550000e+02 8.088293e+01 2.052739e-01
3.550000e+02 8.048288e+01 2.069033e-01
3.550000e+02 8.071982e+01 2.081568e-01
3.550000e+02 8.043309e+01 1.979355e-01
3.560000e+02 7.976444e+01 2.027547e-01
3.560000e+02 7.993712e+01 2.034003e-01
3.560000e+02 7.999169e+01 2.083703e-01
3.560000e+02 7.999241e+01 2.046563e-01
3.560000e+02 7.985815e+01 2.037093e-01
3.560000e+02 7.992396e+01 2.081421e-01
3.560000e+02 7.990324e+01 2.032511e-01
3.560000e+02 7.979219e+01 2.062426e-01
3.560000e+02 7.993931e+01 2.025653e-01
3.560000e+02 7.999654e+01 1.972696e-01
3.570000e+02 7.939019e+01 1.993592e-01
3.570000e+02 7.927529e+01 2.132916e-01
3.570000e+02 7.932943e+01 2.069925e-01
3.570000e+02 7.968378e+01 2.089132e-01
3.570000e+02 7.924057e+01 1.996801e-01
3.570000e+02 7.939517e+01 1.972816e-01
3.570000e+02 7.980305e+01 1.986809e-01
3.570000e+02 7.967224e+01 2.015154e-01
3.570000e+02 7.955956e+01 2.047615e-01
3.570000e+02 7.967006e+01 1.993389e-01
3.580000e+02 7.881582e+01 1.984994e-01
3.580000e+02 7.861911e+01 1.941763e-01
3.580000e+02 7.883066e+01 1.988828e-01
3.580000e+02 7.907291e+01 2.019384e-01
3.580000e+02 7.897669e+01 2.047199e-01
3.580000e+02 7.885414e+01 2.022555e-01
3.580000e+02 7.882814e+01 2.017172e-01
3.580000e+02 7.877453e+01 2.067315e-01
3.580000e+02 7.910873e+01 2.072530e-01
3.590000e+02 7.839409e+01 1.990945e-01
3.590000e+02 7.835450e+01 1.969377e-01
3.590000e+02 7.826836e+01 2.055606e-01
3.590000e+02 7.826871e+01 2.072659e-01
3.590000e+02 7.811585e+01 1.975179e-01
3.590000e+02 7.815189e+01 2.031648e-01
3.590000e+02 7.836660e+01 1.973178e-01
3.590000e+02 7.800786e+01 2.034331e-01
3.590000e+02 7.779595e+01 2.012070e-01
3.590000e+02 7.827321e+01 2.004641e-01
3.600000e+02 7.764699e+01 2.062890e-01
3.600000e+02 7.747010e+01 2.023804e-01
3.600000e+02 7.736098e+01 1.936860e-01
3.600000e+02 7.742343e+01 1.965724e-01
3.600000e+02 7.765121e+01 2.051402e-01
3.600000e+02 7.772203e+01 2.003108e-01
3.600000e+02 7.740081e+01 2.013202e-01
3.600000e+02 7.755790e+01 2.066921e-01
3.600000e+02 7.734294e+01 2.017509e-01
3.650000e+02 7.456411e+01 1.971460e-01
3.650000e+02 7.454434e+01 1.968007e-01
3.650000e+02 7.419098e+01 1.990152e-01
3.650000e+02 7.442446e+01 2.059621e-01
3.650000e+02 7.479595e+01 2.094188e-01
3.650000e+02 7.457148e+01 2.004911e-01
3.650000e+02 7.494848e+01 2.000230e-01
3.650000e+02 7.447246e+01 1.990887e-01
3.650000e+02 7.427417e+01 2.048315e-01
3.700000e+02 7.159677e+01 1.989224e-01
3.700000e+02 7.138636e+01 2.017150e-01
3.700000e+02 7.191074e+01 2.057244e-01
3.700000e+02 7.139781e+01 2.084144e-01
3.700000e+02 7.213279e+01 2.049594e-01
3.700000e+02 7.177932e+01 2.018320e-01
3.700000e+02 7.190316e+01 1.971752e-01
3.700000e+02 7.163904e+01 1.982345e-01
3.700000e+02 7.186555e+01 1.994782e-01
3.700000e+02 7.192858e+01 2.000863e-01
3.750000e+02 6.780798e+01 1.872381e-01
3.750000e+02 6.789454e+01 1.941542e-01
3.750000e+02 6.813102e+01 2.000730e-01
3.750000e+02 6.739816e+01 1.933815e-01
3.750000e+02 6.772554e+01 1.957025e-01
3.750000e+02 6.780710e+01 1.941742e-01
3.750000e+02 6.803559e+01 1.990660e-01
3.750000e+02 6.769382e+01 1.968414e-01
3.750000e+02 6.797524e+01 2.022193e-01
3.750000e+02 6.780383e+01 1.965018e-01
3.800000e+02 6.381583e+01 1.939481e-01
3.800000e+02 6.353108e+01 1.849625e-01
3.800000e+02 6.368702e+01 1.830282e-01
3.800000e+02 6.375994e+01 1.961564e-01
3.800000e+02 6.368028e+01 1.872843e-01
3.800000e+02 6.377652e+01 1.941902e-01
3.800000e+02 6.355831e+01 1.925779e-01
3.800000e+02 6.360893e+01 1.846353e-01
3.800000e+02 6.378268e+01 1.925930e-01
3.800000e+02 6.359380e+01 1.898741e-01
3.850000e+02 5.943265e+01 1.796988e-01
3.850000e+02 5.937186e+01 1.848536e-01
3.850000e+02 5.909210e+01 1.850816e-01
3.850000e+02 5.933630e+01 1.852953e-01
3.850000e+02 5.921301e+01 1.764575e-01
3.850000e+02 5.918000e+01 1.822003e-01
3.850000e+02 5.895704e+01 1.857616e-01
3.850000e+02 5.896408e+01 1.762710e-01
