3.250000e+02 6.565066e-02 2.053729e-04
3.250000e+02 6.599440e-02 2.078053e-04
3.250000e+02 6.533507e-02 2.081562e-04
3.250000e+02 6.556716e-02 2.092016e-04
3.250000e+02 6.574688e-02 2.079860e-04
3.250000e+02 6.580096e-02 2.065053e-04
3.250000e+02 6.584366e-02 2.079261e-04
3.250000e+02 6.541177e-02 2.096179e-04
3.250000e+02 6.594117e-02 2.090417e-04
3.250000e+02 6.547988e-02 2.087505e-04
3.260000e+02 1.024574e-01 3.069849e-04
3.260000e+02 1.022763e-01 3.084612e-04
3.260000e+02 1.023782e-01 3.076560e-04
3.260000e+02 1.025527e-01 3.046323e-04
3.260000e+02 1.030822e-01 3.050002e-04
3.260000e+02 1.025308e-01 3.028427e-04
3.260000e+02 1.023171e-01 3.080351e-04
3.260000e+02 1.018420e-01 3.069934e-04
3.260000e+02 1.028243e-01 3.071895e-04
3.260000e+02 1.022819e-01 3.046281e-04
3.270000e+02 1.577806e-01 4.485637e-04
3.270000e+02 1.580164e-01 4.464132e-04
3.270000e+02 1.586969e-01 4.420065e-04
3.270000e+02 1.579670e-01 4.450530e-04
3.270000e+02 1.574158e-01 4.463003e-04
3.270000e+02 1.589455e-01 4.490705e-04
3.270000e+02 1.587752e-01 4.462689e-04
3.270000e+02 1.583903e-01 4.480470e-04
3.270000e+02 1.584346e-01 4.483120e-04
3.270000e+02 1.583237e-01 4.488618e-04
3.280000e+02 2.408489e-01 6.454427e-04
3.280000e+02 2.416049e-01 6.426748e-04
3.280000e+02 2.410395e-01 6.328176e-04
3.280000e+02 2.413209e-01 6.405344e-04
3.280000e+02 2.424702e-01 6.472386e-04
3.280000e+02 2.420022e-01 6.432283e-04
3.280000e+02 2.402224e-01 6.440712e-04
3.280000e+02 2.409404e-01 6.399449e-04
3.280000e+02 2.415485e-01 6.444417e-04
3.280000e+02 2.406294e-01 6.379646e-04
3.290000e+02 3.643554e-01 9.180228e-04
3.290000e+02 3.639063e-01 9.222970e-04
3.290000e+02 3.645146e-01 9.290651e-04
3.290000e+02 3.643240e-01 9.332526e-04
3.290000e+02 3.624821e-01 9.397977e-04
3.290000e+02 3.654633e-01 9.229816e-04
3.290000e+02 3.650787e-01 9.199751e-04
3.290000e+02 3.637545e-01 9.287611e-04
3.290000e+02 3.656223e-01 9.329388e-04
3.290000e+02 3.663313e-01 9.174584e-04
3.300000e+02 5.481671e-01 1.326851e-03
3.300000e+02 5.521576e-01 1.326479e-03
3.300000e+02 5.503878e-01 1.327543e-03
3.300000e+02 5.478304e-01 1.321522e-03
3.300000e+02 5.497240e-01 1.334026e-03
3.300000e+02 5.498823e-01 1.323228e-03
3.300000e+02 5.498325e-01 1.325562e-03
3.300000e+02 5.496938e-01 1.340165e-03
3.300000e+02 5.502059e-01 1.348289e-03
3.300000e+02 5.490758e-01 1.324777e-03
3.310000e+02 8.279581e-01 1.918674e-03
3.310000e+02 8.304729e-01 1.928565e-03
3.310000e+02 8.240576e-01 1.914260e-03
3.310000e+02 8.242066e-01 1.925570e-03
3.310000e+02 8.277956e-01 1.931407e-03
3.310000e+02 8.252169e-01 1.922032e-03
3.310000e+02 8.266521e-01 1.937565e-03
3.310000e+02 8.266232e-01 1.934063e-03
3.310000e+02 8.253836e-01 1.927851e-03
3.310000e+02 8.323131e-01 1.922787e-03
3.320000e+02 1.251716e+00 2.791439e-03
3.320000e+02 1.245518e+00 2.803286e-03
3.320000e+02 1.244862e+00 2.808362e-03
3.320000e+02 1.244594e+00 2.796817e-03
3.320000e+02 1.247272e+00 2.815379e-03
3.320000e+02 1.251114e+00 2.809274e-03
3.320000e+02 1.243551e+00 2.793901e-03
3.320000e+02 1.245846e+00 2.826899e-03
3.320000e+02 1.246030e+00 2.797221e-03
3.320000e+02 1.247120e+00 2.829165e-03
3.330000e+02 1.884640e+00 4.078825e-03
3.330000e+02 1.878926e+00 4.117345e-03
3.330000e+02 1.884562e+00 4.132167e-03
3.330000e+02 1.883637e+00 4.066800e-03
3.330000e+02 1.886733e+00 4.119933e-03
3.330000e+02 1.885357e+00 4.085812e-03
3.330000e+02 1.883908e+00 4.098722e-03
3.330000e+02 1.877834e+00 4.143546e-03
3.330000e+02 1.881861e+00 4.094804e-03
3.330000e+02 1.888772e+00 4.094475e-03
3.340000e+02 2.874567e+00 6.129365e-03
3.340000e+02 2.868650e+00 6.164875e-03
3.340000e+02 2.868766e+00 6.144221e-03
3.340000e+02 2.867784e+00 6.084109e-03
3.340000e+02 2.879027e+00 6.091988e-03
3.340000e+02 2.867880e+00 6.092972e-03
3.340000e+02 2.863962e+00 6.086426e-03
3.340000e+02 2.863168e+00 6.073902e-03
3.340000e+02 2.868023e+00 6.112018e-03
3.340000e+02 2.868554e+00 6.092307e-03
3.350000e+02 4.406824e+00 9.223197e-03
3.350000e+02 4.406992e+00 9.151648e-03
3.350000e+02 4.409337e+00 9.179034e-03
3.350000e+02 4.412914e+00 9.237088e-03
3.350000e+02 4.410202e+00 9.246107e-03
3.350000e+02 4.420068e+00 9.172393e-03
3.350000e+02 4.417562e+00 9.276766e-03
3.350000e+02 4.410558e+00 9.193080e-03
3.350000e+02 4.429833e+00 9.265129e-03
3.350000e+02 4.400902e+00 9.213575e-03
3.360000e+02 6.918610e+00 1.420575e-02
3.360000e+02 6.894792e+00 1.408297e-02
3.360000e+02 6.917145e+00 1.429246e-02
3.360000e+02 6.935353e+00 1.434765e-02
3.360000e+02 6.918570e+00 1.430902e-02
3.360000e+02 6.919703e+00 1.438293e-02
3.360000e+02 6.923628e+00 1.419049e-02
3.360000e+02 6.894062e+00 1.413300e-02
3.360000e+02 6.918384e+00 1.429316e-02
3.360000e+02 6.919341e+00 1.396293e-02
3.370000e+02 1.103839e+01 2.262636e-02
3.370000e+02 1.104315e+01 2.252182e-02
3.370000e+02 1.103610e+01 2.235173e-02
3.370000e+02 1.106150e+01 2.249853e-02
3.370000e+02 1.103220e+01 2.225718e-02
3.370000e+02 1.105267e+01 2.273297e-02
3.370000e+02 1.105505e+01 2.263276e-02
3.370000e+02 1.107530e+01 2.236776e-02
3.370000e+02 1.104256e+01 2.241180e-02
3.370000e+02 1.100080e+01 2.264112e-02
3.380000e+02 1.823445e+01 3.676036e-02
3.380000e+02 1.821571e+01 3.693220e-02
3.380000e+02 1.825117e+01 3.729490e-02
3.380000e+02 1.826222e+01 3.725884e-02
3.380000e+02 1.818434e+01 3.739474e-02
3.380000e+02 1.828737e+01 3.704678e-02
3.380000e+02 1.822736e+01 3.708175e-02
3.380000e+02 1.822288e+01 3.701346e-02
3.380000e+02 1.827039e+01 3.649567e-02
3.380000e+02 1.824863e+01 3.707196e-02
3.390000e+02 3.135759e+01 6.350510e-02
3.390000e+02 3.127876e+01 6.395452e-02
3.390000e+02 3.125139e+01 6.394092e-02
3.390000e+02 3.149835e+01 6.340339e-02
3.390000e+02 3.141875e+01 6.405020e-02
3.390000e+02 3.128965e+01 6.391233e-02
3.390000e+02 3.143721e+01 6.387179e-02
3.390000e+02 3.134303e+01 6.356980e-02
3.390000e+02 3.130607e+01 6.285314e-02
3.390000e+02 3.129751e+01 6.389375e-02
3.400000e+02 5.709731e+01 1.174933e-01
3.400000e+02 5.712250e+01 1.161763e-01
3.400000e+02 5.724950e+01 1.164056e-01
3.400000e+02 5.731498e+01 1.180697e-01
3.400000e+02 5.721294e+01 1.163912e-01
3.400000e+02 5.732909e+01 1.167784e-01
3.400000e+02 5.732631e+01 1.148277e-01
3.400000e+02 5.719275e+01 1.162663e-01
3.400000e+02 5.720954e+01 1.154450e-01
3.400000e+02 5.717912e+01 1.160048e-01
3.402000e+02 6.522385e+01 1.321684e-01
3.402000e+02 6.516068e+01 1.335903e-01
3.402000e+02 6.520132e+01 1.310453e-01
3.402000e+02 6.517105e+01 1.331470e-01
3.402000e+02 6.496583e+01 1.312000e-01
3.402000e+02 6.489669e+01 1.315294e-01
3.402000e+02 6.491923e+01 1.326033e-01
3.402000e+02 6.525220e+01 1.324293e-01
3.402000e+02 6.487076e+01 1.342537e-01
3.402000e+02 6.525242e+01 1.350743e-01
3.404000e+02 7.420602e+01 1.482098e-01
3.404000e+02 7.418000e+01 1.517182e-01
3.404000e+02 7.418336e+01 1.522201e-01
3.404000e+02 7.424566e+01 1.515458e-01
3.404000e+02 7.413689e+01 1.513886e-01
3.404000e+02 7.419164e+01 1.532511e-01
3.404000e+02 7.416305e+01 1.499244e-01
3.404000e+02 7.413673e+01 1.521104e-01
3.404000e+02 7.432684e+01 1.521670e-01
3.404000e+02 7.428136e+01 1.505641e-01
3.406000e+02 8.528606e+01 1.754869e-01
3.406000e+02 8.490671e+01 1.729180e-01
3.406000e+02 8.502570e+01 1.730825e-01
3.406000e+02 8.522037e+01 1.761561e-01
3.406000e+02 8.537410e+01 1.702079e-01
3.406000e+02 8.498362e+01 1.706955e-01
3.406000e+02 8.508465e+01 1.764870e-01
3.406000e+02 8.506037e+01 1.698139e-01
3.406000e+02 8.535770e+01 1.753383e-01
3.406000e+02 8.516672e+01 1.765002e-01
3.408000e+02 9.742931e+01 1.985886e-01
3.408000e+02 9.755546e+01 1.969131e-01
3.408000e+02 9.778738e+01 2.039981e-01
3.408000e+02 9.789775e+01 1.968822e-01
3.408000e+02 9.796825e+01 1.984946e-01
3.408000e+02 9.786922e+01 2.049656e-01
3.408000e+02 9.737272e+01 2.019936e-01
3.408000e+02 9.755254e+01 1.988073e-01
3.408000e+02 9.747266e+01 1.999886e-01
3.408000e+02 9.765253e+01 1.984824e-01
3.410000e+02 1.127394e+02 2.307005e-01
3.410000e+02 1.126394e+02 2.283588e-01
3.410000e+02 1.127377e+02 2.302730e-01
3.410000e+02 1.127806e+02 2.334936e-01
3.410000e+02 1.133988e+02 2.329403e-01
3.410000e+02 1.130287e+02 2.328772e-01
3.410000e+02 1.128980e+02 2.311522e-01
3.410000e+02 1.125553e+02 2.295102e-01
3.410000e+02 1.128507e+02 2.327579e-01
3.410000e+02 1.128523e+02 2.310220e-01
3.412000e+02 1.305347e+02 2.677796e-01
3.412000e+02 1.304680e+02 2.657050e-01
3.412000e+02 1.306992e+02 2.659574e-01
3.412000e+02 1.298630e+02 2.729466e-01
3.412000e+02 1.304484e+02 2.684639e-01
3.412000e+02 1.303169e+02 2.656587e-01
3.412000e+02 1.309031e+02 2.691637e-01
3.412000e+02 1.298741e+02 2.673375e-01
3.412000e+02 1.307326e+02 2.723338e-01
3.412000e+02 1.304892e+02 2.693927e-01
3.414000e+02 1.513385e+02 3.141492e-01
3.414000e+02 1.516152e+02 3.112219e-01
3.414000e+02 1.512177e+02 3.137134e-01
3.414000e+02 1.514929e+02 3.213122e-01
3.414000e+02 1.517772e+02 3.219842e-01
3.414000e+02 1.516133e+02 3.101205e-01
3.414000e+02 1.512708e+02 3.153431e-01
3.414000e+02 1.507045e+02 3.097624e-01
3.414000e+02 1.515337e+02 3.079426e-01
3.414000e+02 1.514148e+02 3.107884e-01
3.416000e+02 1.763672e+02 3.586271e-01
3.416000e+02 1.765567e+02 3.635473e-01
3.416000e+02 1.766081e+02 3.683021e-01
3.416000e+02 1.763654e+02 3.620737e-01
3.416000e+02 1.761858e+02 3.652628e-01
3.416000e+02 1.769417e+02 3.623806e-01
3.416000e+02 1.768537e+02 3.589564e-01
3.416000e+02 1.761078e+02 3.653028e-01
3.416000e+02 1.761889e+02 3.609031e-01
3.416000e+02 1.764922e+02 3.663987e-01
3.418000e+02 2.063669e+02 4.289935e-01
3.418000e+02 2.058656e+02 4.353303e-01
3.418000e+02 2.068308e+02 4.283625e-01
3.418000e+02 2.066303e+02 4.248221e-01
3.418000e+02 2.065043e+02 4.344377e-01
3.418000e+02 2.068207e+02 4.212620e-01
3.418000e+02 2.061367e+02 4.305342e-01
3.418000e+02 2.061117e+02 4.212195e-01
3.418000e+02 2.067638e+02 4.267632e-01
3.418000e+02 2.070524e+02 4.329380e-01
3.420000e+02 2.425779e+02 4.961626e-01
3.420000e+02 2.420729e+02 5.109622e-01
3.420000e+02 2.426527e+02 5.182798e-01
3.420000e+02 2.421105e+02 5.073936e-01
3.420000e+02 2.411449e+02 4.945015e-01
3.420000e+02 2.415408e+02 5.025693e-01
3.420000e+02 2.416623e+02 5.057537e-01
3.420000e+02 2.419775e+02 5.067494e-01
3.420000e+02 2.411566e+02 5.187876e-01
3.420000e+02 2.413734e+02 5.052727e-01
3.422000e+02 2.837818e+02 5.954100e-01
3.422000e+02 2.839492e+02 5.963036e-01
3.422000e+02 2.835914e+02 5.892972e-01
3.422000e+02 2.835264e+02 6.045455e-01
3.422000e+02 2.836789e+02 5.842973e-01
3.422000e+02 2.831813e+02 5.994993e-01
3.422000e+02 2.841862e+02 6.034678e-01
3.422000e+02 2.832863e+02 5.771996e-01
3.422000e+02 2.833267e+02 5.743780e-01
3.422000e+02 2.831884e+02 5.842764e-01
3.424000e+02 3.313564e+02 7.006967e-01
3.424000e+02 3.334159e+02 6.893773e-01
3.424000e+02 3.327701e+02 6.952901e-01
3.424000e+02 3.331506e+02 7.019520e-01
3.424000e+02 3.327340e+02 6.972121e-01
3.424000e+02 3.339444e+02 6.966657e-01
3.424000e+02 3.340429e+02 7.097603e-01
3.424000e+02 3.318039e+02 7.043387e-01
3.424000e+02 3.331010e+02 6.846321e-01
3.424000e+02 3.337778e+02 7.148749e-01
3.426000e+02 3.891119e+02 8.232855e-01
3.426000e+02 3.897728e+02 8.202482e-01
3.426000e+02 3.899069e+02 8.385418e-01
3.426000e+02 3.895703e+02 8.218622e-01
3.426000e+02 3.896849e+02 8.303677e-01
3.426000e+02 3.895360e+02 8.095309e-01
3.426000e+02 3.890889e+02 8.450882e-01
3.426000e+02 3.902556e+02 8.185856e-01
3.426000e+02 3.897135e+02 8.210890e-01
3.426000e+02 3.905976e+02 8.232754e-01
3.428000e+02 4.530712e+02 9.481372e-01
3.428000e+02 4.536991e+02 9.381368e-01
3.428000e+02 4.539723e+02 9.609511e-01
3.428000e+02 4.526633e+02 9.680005e-01
3.428000e+02 4.539406e+02 9.481198e-01
3.428000e+02 4.531221e+02 9.718004e-01
3.428000e+02 4.525503e+02 9.525055e-01
3.428000e+02 4.534007e+02 9.529970e-01
3.428000e+02 4.539229e+02 9.468940e-01
3.428000e+02 4.543218e+02 9.457708e-01
3.430000e+02 5.267671e+02 1.089545e+00
3.430000e+02 5.252585e+02 1.099090e+00
3.430000e+02 5.238369e+02 1.124005e+00
3.430000e+02 5.240526e+02 1.092046e+00
3.430000e+02 5.238167e+02 1.110352e+00
3.430000e+02 5.252490e+02 1.085847e+00
3.430000e+02 5.234915e+02 1.097522e+00
3.430000e+02 5.228234e+02 1.085819e+00
3.430000e+02 5.253335e+02 1.110559e+00
3.430000e+02 5.247345e+02 1.092083e+00
3.432000e+02 5.996558e+02 1.264888e+00
3.432000e+02 6.020776e+02 1.246966e+00
3.432000e+02 6.004768e+02 1.312553e+00
3.432000e+02 6.019244e+02 1.265637e+00
3.432000e+02 6.003609e+02 1.277743e+00
3.432000e+02 5.986766e+02 1.252325e+00
3.432000e+02 5.993621e+02 1.253197e+00
3.432000e+02 5.997276e+02 1.298044e+00
3.432000e+02 6.006051e+02 1.262226e+00
3.432000e+02 6.015599e+02 1.261473e+00
3.434000e+02 6.809004e+02 1.436180e+00
3.434000e+02 6.787887e+02 1.430698e+00
3.434000e+02 6.772710e+02 1.447370e+00
3.434000e+02 6.769726e+02 1.413345e+00
3.434000e+02 6.771824e+02 1.441182e+00
3.434000e+02 6.759360e+02 1.426153e+00
3.434000e+02 6.784716e+02 1.444906e+00
3.434000e+02 6.775374e+02 1.417777e+00
3.434000e+02 6.771576e+02 1.425727e+00
3.434000e+02 6.805485e+02 1.456503e+00
3.436000e+02 7.506276e+02 1.620337e+00
3.436000e+02 7.463565e+02 1.569097e+00
3.436000e+02 7.468937e+02 1.560523e+00
3.436000e+02 7.458484e+02 1.591070e+00
3.436000e+02 7.482652e+02 1.593257e+00
3.436000e+02 7.508827e+02 1.575585e+00
3.436000e+02 7.490039e+02 1.580174e+00
3.436000e+02 7.448481e+02 1.583388e+00
3.436000e+02 7.489034e+02 1.575003e+00
3.436000e+02 7.459112e+02 1.561538e+00
3.438000e+02 8.002411e+02 1.728840e+00
3.438000e+02 8.039243e+02 1.752031e+00
3.438000e+02 8.026334e+02 1.761642e+00
3.438000e+02 8.046639e+02 1.677970e+00
3.438000e+02 8.003927e+02 1.703084e+00
3.438000e+02 8.042087e+02 1.686710e+00
3.438000e+02 8.044182e+02 1.708160e+00
3.438000e+02 8.024910e+02 1.749652e+00
3.438000e+02 8.064797e+02 1.744442e+00
3.438000e+02 8.058627e+02 1.681687e+00
3.440000e+02 8.329444e+02 1.806897e+00
3.440000e+02 8.311888e+02 1.774368e+00
3.440000e+02 8.323799e+02 1.835409e+00
3.440000e+02 8.313644e+02 1.736539e+00
3.440000e+02 8.343985e+02 1.746559e+00
3.440000e+02 8.323938e+02 1.772410e+00
3.440000e+02 8.293119e+02 1.797879e+00
3.440000e+02 8.323967e+02 1.801754e+00
3.440000e+02 8.322467e+02 1.826928e+00
3.440000e+02 8.303277e+02 1.778416e+00
3.442000e+02 8.326234e+02 1.779569e+00
3.442000e+02 8.337335e+02 1.808562e+00
3.442000e+02 8.363575e+02 1.789509e+00
3.442000e+02 8.325683e+02 1.731523e+00
3.442000e+02 8.341627e+02 1.777917e+00
3.442000e+02 8.322742e+02 1.755552e+00
3.442000e+02 8.329210e+02 1.787035e+00
3.442000e+02 8.313987e+02 1.751740e+00
3.442000e+02 8.349655e+02 1.763035e+00
3.442000e+02 8.327639e+02 1.792907e+00
3.444000e+02 8.112974e+02 1.716536e+00
3.444000e+02 8.117344e+02 1.734730e+00
3.444000e+02 8.104715e+02 1.694079e+00
3.444000e+02 8.109123e+02 1.761370e+00
3.444000e+02 8.123647e+02 1.755961e+00
3.444000e+02 8.102302e+02 1.710963e+00
3.444000e+02 8.109973e+02 1.756528e+00
3.444000e+02 8.132418e+02 1.750759e+00
3.444000e+02 8.101773e+02 1.707171e+00
3.444000e+02 8.116859e+02 1.740102e+00
3.446000e+02 7.762286e+02 1.669858e+00
3.446000e+02 7.727269e+02 1.671895e+00
3.446000e+02 7.716163e+02 1.685240e+00
3.446000e+02 7.745462e+02 1.636756e+00
3.446000e+02 7.739236e+02 1.620236e+00
3.446000e+02 7.715462e+02 1.664512e+00
3.446000e+02 7.740126e+02 1.663521e+00
3.446000e+02 7.716743e+02 1.678965e+00
3.446000e+02 7.763309e+02 1.625825e+00
3.446000e+02 7.734111e+02 1.618574e+00
3.448000e+02 7.323845e+02 1.557519e+00
3.448000e+02 7.340657e+02 1.595881e+00
3.448000e+02 7.304667e+02 1.554990e+00
3.448000e+02 7.313403e+02 1.583470e+00
3.448000e+02 7.337765e+02 1.552024e+00
3.448000e+02 7.312258e+02 1.517115e+00
3.448000e+02 7.344222e+02 1.590428e+00
3.448000e+02 7.331108e+02 1.587226e+00
3.448000e+02 7.320645e+02 1.552416e+00
3.448000e+02 7.338505e+02 1.532698e+00
3.450000e+02 6.932852e+02 1.448664e+00
3.450000e+02 6.915950e+02 1.443540e+00
3.450000e+02 6.920010e+02 1.463758e+00
3.450000e+02 6.901329e+02 1.473371e+00
3.450000e+02 6.906419e+02 1.488965e+00
3.450000e+02 6.923553e+02 1.506143e+00
3.450000e+02 6.912568e+02 1.506284e+00
3.450000e+02 6.931752e+02 1.504292e+00
3.450000e+02 6.894717e+02 1.450330e+00
3.450000e+02 6.900482e+02 1.451634e+00
3.452000e+02 6.521652e+02 1.401646e+00
3.452000e+02 6.566116e+02 1.373057e+00
3.452000e+02 6.545666e+02 1.375400e+00
3.452000e+02 6.555502e+02 1.417466e+00
3.452000e+02 6.558442e+02 1.369490e+00
3.452000e+02 6.558680e+02 1.399854e+00
3.452000e+02 6.549446e+02 1.373549e+00
3.452000e+02 6.544712e+02 1.417381e+00
3.452000e+02 6.548741e+02 1.420411e+00
3.452000e+02 6.546293e+02 1.402020e+00
3.454000e+02 6.205754e+02 1.332652e+00
3.454000e+02 6.232295e+02 1.365592e+00
3.454000e+02 6.187332e+02 1.313075e+00
3.454000e+02 6.196258e+02 1.341721e+00
3.454000e+02 6.208700e+02 1.363471e+00
3.454000e+02 6.187226e+02 1.332501e+00
3.454000e+02 6.181677e+02 1.364495e+00
3.454000e+02 6.224331e+02 1.315960e+00
3.454000e+02 6.199500e+02 1.351589e+00
3.454000e+02 6.194996e+02 1.320902e+00
3.456000e+02 5.862450e+02 1.268201e+00
3.456000e+02 5.870015e+02 1.271201e+00
3.456000e+02 5.891541e+02 1.272778e+00
3.456000e+02 5.849381e+02 1.276527e+00
3.456000e+02 5.866087e+02 1.275980e+00
3.456000e+02 5.872617e+02 1.269477e+00
3.456000e+02 5.866914e+02 1.296334e+00
3.456000e+02 5.881716e+02 1.291524e+00
3.456000e+02 5.880026e+02 1.280537e+00
3.456000e+02 5.876535e+02 1.294921e+00
3.458000e+02 5.515716e+02 1.229874e+00
3.458000e+02 5.539752e+02 1.255591e+00
3.458000e+02 5.539066e+02 1.227367e+00
3.458000e+02 5.555509e+02 1.226249e+00
3.458000e+02 5.514860e+02 1.237721e+00
3.458000e+02 5.542446e+02 1.245609e+00
3.458000e+02 5.551394e+02 1.243416e+00
3.458000e+02 5.535494e+02 1.229385e+00
3.458000e+02 5.545731e+02 1.254901e+00
3.458000e+02 5.523895e+02 1.254697e+00
3.460000e+02 5.189290e+02 1.219721e+00
3.460000e+02 5.164357e+02 1.215775e+00
3.460000e+02 5.214259e+02 1.253746e+00
3.460000e+02 5.194144e+02 1.210336e+00
3.460000e+02 5.181479e+02 1.238004e+00
3.460000e+02 5.188387e+02 1.234951e+00
3.460000e+02 5.186326e+02 1.247420e+00
3.460000e+02 5.188436e+02 1.225283e+00
3.460000e+02 5.183224e+02 1.242554e+00
3.460000e+02 5.200692e+02 1.223297e+00
3.462000e+02 4.840605e+02 1.137383e+00
3.462000e+02 4.821367e+02 1.169746e+00
3.462000e+02 4.829581e+02 1.151326e+00
3.462000e+02 4.808511e+02 1.164740e+00
3.462000e+02 4.819135e+02 1.153692e+00
3.462000e+02 4.835971e+02 1.145834e+00
3.462000e+02 4.831305e+02 1.158556e+00
3.462000e+02 4.820881e+02 1.154141e+00
3.462000e+02 4.819568e+02 1.158039e+00
3.462000e+02 4.832389e+02 1.156744e+00
3.464000e+02 4.505772e+02 1.180247e+00
3.464000e+02 4.500269e+02 1.200887e+00
3.464000e+02 4.477236e+02 1.197803e+00
3.464000e+02 4.493580e+02 1.190896e+00
3.464000e+02 4.508352e+02 1.181641e+00
3.464000e+02 4.493839e+02 1.200653e+00
3.464000e+02 4.512336e+02 1.179336e+00
3.464000e+02 4.513781e+02 1.198888e+00
3.464000e+02 4.498136e+02 1.187821e+00
3.464000e+02 4.483232e+02 1.205843e+00
3.466000e+02 4.197917e+02 1.237987e+00
3.466000e+02 4.199265e+02 1.232342e+00
3.466000e+02 4.180466e+02 1.228754e+00
3.466000e+02 4.185017e+02 1.230491e+00
3.466000e+02 4.210345e+02 1.227035e+00
3.466000e+02 4.205406e+02 1.237672e+00
3.466000e+02 4.212622e+02 1.244945e+00
3.466000e+02 4.174298e+02 1.229455e+00
3.466000e+02 4.213318e+02 1.220362e+00
3.466000e+02 4.189629e+02 1.221360e+00
3.468000e+02 3.906295e+02 1.275862e+00
3.468000e+02 3.898767e+02 1.281618e+00
3.468000e+02 3.898826e+02 1.259125e+00
3.468000e+02 3.891562e+02 1.270156e+00
3.468000e+02 3.913310e+02 1.255699e+00
3.468000e+02 3.912929e+02 1.279088e+00
3.468000e+02 3.901084e+02 1.271587e+00
3.468000e+02 3.894749e+02 1.251691e+00
3.468000e+02 3.913562e+02 1.261957e+00
3.468000e+02 3.910299e+02 1.263097e+00
3.470000e+02 3.667135e+02 1.285796e+00
3.470000e+02 3.640763e+02 1.287669e+00
3.470000e+02 3.658804e+02 1.274572e+00
3.470000e+02 3.669842e+02 1.283887e+00
3.470000e+02 3.656513e+02 1.288675e+00
3.470000e+02 3.656156e+02 1.282074e+00
3.470000e+02 3.642178e+02 1.276838e+00
3.470000e+02 3.668349e+02 1.285500e+00
3.470000e+02 3.653983e+02 1.284886e+00
3.470000e+02 3.668123e+02 1.267737e+00
3.472000e+02 3.421056e+02 1.276350e+00
3.472000e+02 3.424429e+02 1.277581e+00
3.472000e+02 3.440390e+02 1.286868e+00
3.472000e+02 3.427529e+02 1.286462e+00
3.472000e+02 3.398587e+02 1.283229e+00
3.472000e+02 3.419767e+02 1.269672e+00
3.472000e+02 3.428984e+02 1.282355e+00
3.472000e+02 3.396111e+02 1.302997e+00
3.472000e+02 3.434117e+02 1.285892e+00
3.472000e+02 3.429566e+02 1.287347e+00
3.474000e+02 3.228803e+02 1.273114e+00
3.474000e+02 3.229620e+02 1.272608e+00
3.474000e+02 3.222510e+02 1.288963e+00
3.474000e+02 3.202699e+02 1.282907e+00
3.474000e+02 3.220778e+02 1.279315e+00
3.474000e+02 3.190237e+02 1.277067e+00
3.474000e+02 3.208963e+02 1.281392e+00
3.474000e+02 3.219052e+02 1.273554e+00
3.474000e+02 3.221230e+02 1.285368e+00
3.474000e+02 3.225151e+02 1.282740e+00
3.476000e+02 3.027412e+02 1.267604e+00
3.476000e+02 3.032313e+02 1.265583e+00
3.476000e+02 3.031593e+02 1.266032e+00
3.476000e+02 3.048340e+02 1.259867e+00
3.476000e+02 3.039049e+02 1.259074e+00
3.476000e+02 3.015001e+02 1.277214e+00
3.476000e+02 3.025459e+02 1.270834e+00
3.476000e+02 3.045869e+02 1.260196e+00
3.476000e+02 3.033654e+02 1.264924e+00
3.476000e+02 3.044840e+02 1.268243e+00
3.478000e+02 2.858589e+02 1.249281e+00
3.478000e+02 2.858159e+02 1.237846e+00
3.478000e+02 2.871398e+02 1.231810e+00
3.478000e+02 2.866586e+02 1.252721e+00
3.478000e+02 2.888845e+02 1.249979e+00
3.478000e+02 2.866636e+02 1.250818e+00
3.478000e+02 2.868778e+02 1.251670e+00
3.478000e+02 2.865080e+02 1.244919e+00
3.478000e+02 2.861653e+02 1.256668e+00
3.478000e+02 2.857114e+02 1.239023e+00
3.480000e+02 2.721600e+02 1.211593e+00
3.480000e+02 2.698931e+02 1.228799e+00
3.480000e+02 2.690774e+02 1.200117e+00
3.480000e+02 2.695352e+02 1.225928e+00
3.480000e+02 2.687509e+02 1.226004e+00
3.480000e+02 2.725342e+02 1.239380e+00
3.480000e+02 2.709967e+02 1.206627e+00
3.480000e+02 2.723499e+02 1.226868e+00
3.480000e+02 2.701719e+02 1.229479e+00
3.480000e+02 2.718931e+02 1.236435e+00
3.482000e+02 2.563383e+02 1.195014e+00
3.482000e+02 2.559903e+02 1.179296e+00
3.482000e+02 2.583929e+02 1.196443e+00
3.482000e+02 2.573386e+02 1.197246e+00
3.482000e+02 2.583824e+02 1.191221e+00
3.482000e+02 2.588717e+02 1.191188e+00
3.482000e+02 2.572184e+02 1.201117e+00
3.482000e+02 2.580326e+02 1.187873e+00
3.482000e+02 2.553016e+02 1.196161e+00
3.482000e+02 2.563178e+02 1.190644e+00
3.484000e+02 2.404999e+02 1.159644e+00
3.484000e+02 2.447749e+02 1.163064e+00
3.484000e+02 2.431972e+02 1.168442e+00
3.484000e+02 2.433942e+02 1.161797e+00
3.484000e+02 2.445965e+02 1.176616e+00
3.484000e+02 2.451368e+02 1.142303e+00
3.484000e+02 2.439062e+02 1.148463e+00
3.484000e+02 2.463556e+02 1.161474e+00
3.484000e+02 2.457915e+02 1.150915e+00
3.484000e+02 2.445634e+02 1.151998e+00
3.486000e+02 2.326609e+02 1.117537e+00
3.486000e+02 2.305234e+02 1.134039e+00
3.486000e+02 2.326726e+02 1.124901e+00
3.486000e+02 2.326381e+02 1.110894e+00
3.486000e+02 2.328183e+02 1.126074e+00
3.486000e+02 2.321750e+02 1.134312e+00
3.486000e+02 2.342159e+02 1.125514e+00
3.486000e+02 2.308894e+02 1.119161e+00
3.486000e+02 2.319972e+02 1.108689e+00
3.486000e+02 2.320091e+02 1.133110e+00
3.488000e+02 2.225608e+02 1.100971e+00
3.488000e+02 2.223522e+02 1.080827e+00
3.488000e+02 2.219260e+02 1.082625e+00
3.488000e+02 2.220355e+02 1.099074e+00
3.488000e+02 2.233839e+02 1.085659e+00
3.488000e+02 2.209898e+02 1.119733e+00
3.488000e+02 2.223208e+02 1.097704e+00
3.488000e+02 2.215977e+02 1.101019e+00
3.488000e+02 2.222905e+02 1.089599e+00
3.488000e+02 2.217722e+02 1.079996e+00
3.490000e+02 2.111332e+02 1.055969e+00
3.490000e+02 2.117753e+02 1.042234e+00
3.490000e+02 2.104951e+02 1.066071e+00
3.490000e+02 2.120541e+02 1.061027e+00
3.490000e+02 2.094161e+02 1.053277e+00
3.490000e+02 2.111056e+02 1.057847e+00
3.490000e+02 2.132281e+02 1.042679e+00
3.490000e+02 2.121445e+02 1.048103e+00
3.490000e+02 2.119417e+02 1.050128e+00
3.490000e+02 2.121794e+02 1.053492e+00
3.492000e+02 2.009769e+02 1.017786e+00
3.492000e+02 2.030149e+02 1.019636e+00
3.492000e+02 2.006201e+02 1.030721e+00
3.492000e+02 2.008413e+02 1.019994e+00
3.492000e+02 2.012180e+02 1.024742e+00
3.492000e+02 2.020218e+02 1.015090e+00
3.492000e+02 1.991923e+02 1.027922e+00
3.492000e+02 2.013933e+02 1.017990e+00
3.492000e+02 2.012855e+02 1.027983e+00
3.492000e+02 2.024135e+02 1.005334e+00
3.494000e+02 1.904759e+02 9.786470e-01
3.494000e+02 1.925318e+02 9.755064e-01
3.494000e+02 1.918324e+02 9.740235e-01
3.494000e+02 1.926143e+02 9.775899e-01
3.494000e+02 1.924904e+02 9.774754e-01
3.494000e+02 1.926469e+02 9.757617e-01
3.494000e+02 1.897893e+02 9.805783e-01
3.494000e+02 1.923586e+02 9.856244e-01
3.494000e+02 1.911241e+02 9.934653e-01
3.494000e+02 1.930202e+02 9.860609e-01
3.496000e+02 1.853173e+02 9.442284e-01
3.496000e+02 1.831039e+02 9.504700e-01
3.496000e+02 1.844204e+02 9.500696e-01
3.496000e+02 1.862196e+02 9.373336e-01
3.496000e+02 1.846424e+02 9.509169e-01
3.496000e+02 1.850125e+02 9.421424e-01
3.496000e+02 1.835538e+02 9.527293e-01
3.496000e+02 1.850023e+02 9.372520e-01
3.496000e+02 1.836627e+02 9.342301e-01
3.496000e+02 1.826528e+02 9.521768e-01
3.498000e+02 1.771217e+02 9.026531e-01
3.498000e+02 1.755003e+02 9.054159e-01
3.498000e+02 1.760017e+02 8.980253e-01
3.498000e+02 1.758735e+02 9.042242e-01
3.498000e+02 1.765778e+02 9.123737e-01
3.498000e+02 1.751525e+02 9.197297e-01
3.498000e+02 1.754638e+02 9.042982e-01
3.498000e+02 1.753313e+02 8.968630e-01
3.498000e+02 1.752499e+02 9.059674e-01
3.498000e+02 1.759892e+02 8.951863e-01
3.500000e+02 1.678299e+02 8.680678e-01
3.500000e+02 1.685882e+02 8.645523e-01
3.500000e+02 1.687145e+02 8.778410e-01
3.500000e+02 1.698366e+02 8.798282e-01
3.500000e+02 1.678147e+02 8.684036e-01
3.500000e+02 1.701824e+02 8.663111e-01
3.500000e+02 1.686371e+02 8.686959e-01
3.500000e+02 1.680381e+02 8.907975e-01
3.500000e+02 1.687549e+02 8.610809e-01
3.500000e+02 1.696435e+02 8.676912e-01
3.510000e+02 1.363062e+02 6.992061e-01
3.510000e+02 1.354769e+02 7.033067e-01
3.510000e+02 1.370107e+02 6.989406e-01
3.510000e+02 1.369768e+02 7.009829e-01
3.510000e+02 1.370724e+02 6.972559e-01
3.510000e+02 1.373732e+02 7.030254e-01
3.510000e+02 1.358853e+02 6.965545e-01
3.510000e+02 1.366862e+02 7.074769e-01
3.510000e+02 1.360867e+02 7.014010e-01
3.510000e+02 1.366890e+02 6.986660e-01
3.520000e+02 1.107294e+02 5.542919e-01
3.520000e+02 1.101308e+02 5.495223e-01
3.520000e+02 1.107195e+02 5.482555e-01
3.520000e+02 1.111949e+02 5.580788e-01
3.520000e+02 1.120705e+02 5.455092e-01
3.520000e+02 1.110089e+02 5.533120e-01
3.520000e+02 1.099207e+02 5.484246e-01
3.520000e+02 1.112499e+02 5.505268e-01
3.520000e+02 1.114366e+02 5.562111e-01
3.520000e+02 1.105213e+02 5.509543e-01
3.530000e+02 9.097712e+01 4.330413e-01
3.530000e+02 9.053801e+01 4.238409e-01
3.530000e+02 9.104098e+01 4.337124e-01
3.530000e+02 9.082066e+01 4.294589e-01
3.530000e+02 9.052560e+01 4.330233e-01
3.530000e+02 9.083605e+01 4.327826e-01
3.530000e+02 9.207110e+01 4.339493e-01
3.530000e+02 9.045401e+01 4.276206e-01
3.530000e+02 9.078051e+01 4.346857e-01
3.530000e+02 9.018212e+01 4.261442e-01
3.540000e+02 7.470743e+01 3.266996e-01
3.540000e+02 7.424042e+01 3.327470e-01
3.540000e+02 7.417987e+01 3.250685e-01
3.540000e+02 7.411452e+01 3.313759e-01
3.540000e+02 7.493388e+01 3.289648e-01
3.540000e+02 7.509571e+01 3.248697e-01
3.540000e+02 7.489663e+01 3.278764e-01
3.540000e+02 7.522828e+01 3.335303e-01
3.540000e+02 7.513328e+01 3.277043e-01
3.540000e+02 7.519126e+01 3.298325e-01
3.550000e+02 6.089355e+01 2.510669e-01
3.550000e+02 6.141662e+01 2.524706e-01
3.550000e+02 6.082030e+01 2.541430e-01
3.550000e+02 6.134542e+01 2.500188e-01
3.550000e+02 6.111986e+01 2.492102e-01
3.550000e+02 6.073629e+01 2.520792e-01
3.550000e+02 6.058116e+01 2.483709e-01
3.550000e+02 6.103438e+01 2.479189e-01
3.550000e+02 6.112013e+01 2.514340e-01
3.550000e+02 6.145352e+01 2.496419e-01
3.560000e+02 4.967450e+01 1.860857e-01
3.560000e+02 5.006927e+01 1.911405e-01
3.560000e+02 5.005888e+01 1.873774e-01
3.560000e+02 4.992730e+01 1.851708e-01
3.560000e+02 5.022366e+01 1.851959e-01
3.560000e+02 5.001317e+01 1.916592e-01
3.560000e+02 5.005596e+01 1.915059e-01
3.560000e+02 4.994738e+01 1.878326e-01
3.560000e+02 4.961123e+01 1.899827e-01
3.560000e+02 4.989156e+01 1.901488e-01
3.570000e+02 4.081177e+01 1.421943e-01
3.570000e+02 4.052766e+01 1.439596e-01
3.570000e+02 4.060549e+01 1.374894e-01
3.570000e+02 4.056567e+01 1.413638e-01
3.570000e+02 4.070144e+01 1.402023e-01
3.570000e+02 4.082427e+01 1.375416e-01
3.570000e+02 4.048916e+01 1.388950e-01
3.570000e+02 4.060774e+01 1.435375e-01
3.570000e+02 4.089024e+01 1.406279e-01
3.570000e+02 4.067063e+01 1.423368e-01
3.580000e+02 3.306758e+01 1.028650e-01
3.580000e+02 3.300461e+01 1.046745e-01
3.580000e+02 3.276674e+01 1.011779e-01
3.580000e+02 3.274528e+01 1.050933e-01
3.580000e+02 3.280607e+01 1.048342e-01
3.580000e+02 3.283799e+01 1.035697e-01
3.580000e+02 3.292491e+01 1.042797e-01
3.580000e+02 3.282474e+01 1.036643e-01
3.580000e+02 3.283308e+01 1.031226e-01
3.580000e+02 3.287044e+01 1.033801e-01
3.590000e+02 2.655663e+01 7.672593e-02
3.590000e+02 2.642949e+01 7.689595e-02
3.590000e+02 2.654288e+01 7.663686e-02
3.590000e+02 2.659825e+01 7.662187e-02
3.590000e+02 2.645511e+01 7.735365e-02
3.590000e+02 2.643820e+01 7.537253e-02
3.590000e+02 2.645215e+01 7.576903e-02
3.590000e+02 2.649691e+01 7.626274e-02
3.590000e+02 2.652201e+01 7.572902e-02
3.590000e+02 2.668755e+01 7.566643e-02
3.600000e+02 2.097669e+01 5.598920e-02
3.600000e+02 2.096277e+01 5.653410e-02
3.600000e+02 2.099232e+01 5.628899e-02
3.600000e+02 2.095084e+01 5.595271e-02
3.600000e+02 2.096192e+01 5.573645e-02
3.600000e+02 2.082692e+01 5.542416e-02
3.600000e+02 2.105023e+01 5.624724e-02
3.600000e+02 2.099351e+01 5.685227e-02
3.600000e+02 2.090555e+01 5.647452e-02
3.600000e+02 2.090396e+01 5.691973e-02
3.650000e+02 5.222076e+00 1.274316e-02
3.650000e+02 5.220254e+00 1.290898e-02
3.650000e+02 5.239429e+00 1.257214e-02
3.650000e+02 5.219091e+00 1.286165e-02
3.650000e+02 5.216095e+00 1.239076e-02
3.650000e+02 5.220630e+00 1.253598e-02
3.650000e+02 5.212639e+00 1.248470e-02
3.650000e+02 5.237723e+00 1.271067e-02
3.650000e+02 5.205197e+00 1.253229e-02
3.650000e+02 5.212692e+00 1.264890e-02
3.700000e+02 2.350227e-01 6.794551e-04
3.700000e+02 2.348391e-01 6.823947e-04
3.700000e+02 2.342045e-01 6.722331e-04
3.700000e+02 2.346789e-01 6.906658e-04
3.700000e+02 2.351678e-01 7.064996e-04
3.700000e+02 2.343952e-01 6.790167e-04
3.700000e+02 2.360026e-01 6.976589e-04
3.700000e+02 2.340656e-01 7.021076e-04
3.700000e+02 2.353233e-01 6.984229e-04
3.700000e+02 2.336078e-01 7.092884e-04
3.750000e+02 -8.183023e-08 1.919623e-10
3.750000e+02 -8.176967e-08 1.874809e-10
3.750000e+02 -8.197384e-08 1.889380e-10
3.750000e+02 -8.190361e-08 1.901682e-10
3.750000e+02 -8.179231e-08 1.887937e-10
3.750000e+02 -8.167002e-08 1.950249e-10
3.750000e+02 -8.168161e-08 1.865231e-10
3.750000e+02 -8.185274e-08 1.857276e-10
3.750000e+02 -8.219379e-08 1.912305e-10
3.750000e+02 -8.185789e-08 1.961124e-10
3.800000e+02 -8.350657e-08 1.974768e-10
3.800000e+02 -8.368334e-08 1.896876e-10
3.800000e+02 -8.354803e-08 2.006021e-10
3.800000e+02 -8.359565e-08 1.891988e-10
3.800000e+02 -8.371388e-08 1.954624e-10
3.800000e+02 -8.403065e-08 1.876132e-10
3.800000e+02 -8.377560e-08 1.965855e-10
3.800000e+02 -8.375236e-08 1.923635e-10
3.800000e+02 -8.415873e-08 1.976018e-10
3.800000e+02 -8.372756e-08 1.998076e-10
3.850000e+02 -8.560199e-08 2.006217e-10
3.850000e+02 -8.541880e-08 1.942452e-10
3.850000e+02 -8.552954e-08 2.019875e-10
3.850000e+02 -8.528595e-08 2.014986e-10
3.850000e+02 -8.499080e-08 2.001794e-10
3.850000e+02 -8.534037e-08 2.025650e-10
3.850000e+02 -8.547676e-08 1.995886e-10
3.850000e+02 -8.518294e-08 2.028718e-10
3.850000e+02 -8.550845e-08 1.980486e-10
3.850000e+02 -8.506290e-08 1.995272e-10
