3.250000e+02 1.066960e-01 3.213284e-04
3.250000e+02 1.068715e-01 3.219774e-04
3.250000e+02 1.069509e-01 3.206438e-04
3.250000e+02 1.061523e-01 3.227089e-04
3.250000e+02 1.072761e-01 3.202029e-04
3.250000e+02 1.062422e-01 3.203566e-04
3.250000e+02 1.068162e-01 3.171127e-04
3.250000e+02 1.062396e-01 3.213584e-04
3.250000e+02 1.065577e-01 3.212002e-04
3.250000e+02 1.070365e-01 3.181494e-04
3.260000e+02 1.700386e-01 4.743170e-04
3.260000e+02 1.699599e-01 4.778547e-04
3.260000e+02 1.700162e-01 4.762904e-04
3.260000e+02 1.696522e-01 4.705121e-04
3.260000e+02 1.702488e-01 4.753857e-04
3.260000e+02 1.696965e-01 4.796299e-04
3.260000e+02 1.704714e-01 4.740248e-04
3.260000e+02 1.701407e-01 4.730827e-04
3.260000e+02 1.703751e-01 4.692695e-04
3.260000e+02 1.695050e-01 4.782041e-04
3.270000e+02 2.657334e-01 7.032509e-04
3.270000e+02 2.656776e-01 7.088258e-04
3.270000e+02 2.651194e-01 7.022427e-04
3.270000e+02 2.659723e-01 6.997256e-04
3.270000e+02 2.659598e-01 6.983958e-04
3.270000e+02 2.643646e-01 7.001833e-04
3.270000e+02 2.661888e-01 6.982964e-04
3.270000e+02 2.656680e-01 7.044835e-04
3.270000e+02 2.646175e-01 6.947498e-04
3.270000e+02 2.657614e-01 7.055199e-04
3.280000e+02 4.107313e-01 1.043664e-03
3.280000e+02 4.074458e-01 1.039557e-03
3.280000e+02 4.097270e-01 1.035833e-03
3.280000e+02 4.091296e-01 1.034375e-03
3.280000e+02 4.113942e-01 1.022912e-03
3.280000e+02 4.096069e-01 1.039118e-03
3.280000e+02 4.096673e-01 1.026106e-03
3.280000e+02 4.109037e-01 1.029919e-03
3.280000e+02 4.081922e-01 1.040027e-03
3.280000e+02 4.101020e-01 1.036604e-03
3.290000e+02 6.300271e-01 1.526117e-03
3.290000e+02 6.264715e-01 1.517994e-03
3.290000e+02 6.281078e-01 1.516788e-03
3.290000e+02 6.278963e-01 1.501284e-03
3.290000e+02 6.259675e-01 1.512259e-03
3.290000e+02 6.291359e-01 1.503770e-03
3.290000e+02 6.285142e-01 1.526113e-03
3.290000e+02 6.290819e-01 1.500526e-03
3.290000e+02 6.304217e-01 1.511392e-03
3.290000e+02 6.284178e-01 1.498930e-03
3.300000e+02 9.554336e-01 2.213279e-03
3.300000e+02 9.554537e-01 2.219012e-03
3.300000e+02 9.595548e-01 2.202897e-03
3.300000e+02 9.599269e-01 2.209546e-03
3.300000e+02 9.555610e-01 2.214403e-03
3.300000e+02 9.522663e-01 2.196483e-03
3.300000e+02 9.594442e-01 2.221958e-03
3.300000e+02 9.578782e-01 2.202716e-03
3.300000e+02 9.523897e-01 2.202400e-03
3.300000e+02 9.513733e-01 2.218142e-03
3.310000e+02 1.459801e+00 3.233722e-03
3.310000e+02 1.456688e+00 3.241205e-03
3.310000e+02 1.451842e+00 3.258656e-03
3.310000e+02 1.452546e+00 3.247750e-03
3.310000e+02 1.448231e+00 3.262244e-03
3.310000e+02 1.448298e+00 3.252131e-03
3.310000e+02 1.449622e+00 3.237328e-03
3.310000e+02 1.456192e+00 3.219342e-03
3.310000e+02 1.456752e+00 3.215950e-03
3.310000e+02 1.452041e+00 3.258765e-03
3.320000e+02 2.209872e+00 4.794199e-03
3.320000e+02 2.207883e+00 4.741517e-03
3.320000e+02 2.205501e+00 4.725238e-03
3.320000e+02 2.212767e+00 4.804202e-03
3.320000e+02 2.203073e+00 4.694409e-03
3.320000e+02 2.206365e+00 4.747687e-03
3.320000e+02 2.204721e+00 4.735762e-03
3.320000e+02 2.205600e+00 4.763178e-03
3.320000e+02 2.203193e+00 4.810157e-03
3.320000e+02 2.202987e+00 4.846670e-03
3.330000e+02 3.352372e+00 6.980791e-03
3.330000e+02 3.349595e+00 7.119195e-03
3.330000e+02 3.349547e+00 7.130675e-03
3.330000e+02 3.354750e+00 6.982658e-03
3.330000e+02 3.362959e+00 7.063478e-03
3.330000e+02 3.352082e+00 7.056242e-03
3.330000e+02 3.350649e+00 7.040366e-03
3.330000e+02 3.354422e+00 7.082675e-03
3.330000e+02 3.354944e+00 7.038836e-03
3.330000e+02 3.356061e+00 7.042909e-03
3.340000e+02 5.118622e+00 1.056917e-02
3.340000e+02 5.117930e+00 1.067235e-02
3.340000e+02 5.131882e+00 1.048858e-02
3.340000e+02 5.117658e+00 1.062192e-02
3.340000e+02 5.114234e+00 1.063957e-02
3.340000e+02 5.115279e+00 1.067020e-02
3.340000e+02 5.110012e+00 1.063221e-02
3.340000e+02 5.106364e+00 1.038105e-02
3.340000e+02 5.118940e+00 1.050702e-02
3.340000e+02 5.122173e+00 1.047430e-02
3.350000e+02 7.880952e+00 1.608296e-02
3.350000e+02 7.881226e+00 1.618825e-02
3.350000e+02 7.882424e+00 1.597497e-02
3.350000e+02 7.862100e+00 1.623024e-02
3.350000e+02 7.873478e+00 1.614368e-02
3.350000e+02 7.881998e+00 1.600358e-02
3.350000e+02 7.876546e+00 1.616217e-02
3.350000e+02 7.875774e+00 1.612146e-02
3.350000e+02 7.908460e+00 1.593323e-02
3.350000e+02 7.887225e+00 1.624924e-02
3.360000e+02 1.226233e+01 2.471487e-02
3.360000e+02 1.227852e+01 2.464320e-02
3.360000e+02 1.224864e+01 2.440947e-02
3.360000e+02 1.225939e+01 2.496718e-02
3.360000e+02 1.226112e+01 2.480058e-02
3.360000e+02 1.223578e+01 2.472031e-02
3.360000e+02 1.227147e+01 2.482586e-02
3.360000e+02 1.227746e+01 2.481600e-02
3.360000e+02 1.224695e+01 2.490242e-02
3.360000e+02 1.226856e+01 2.513516e-02
3.370000e+02 1.935632e+01 3.867755e-02
3.370000e+02 1.935121e+01 3.864335e-02
3.370000e+02 1.939176e+01 3.844181e-02
3.370000e+02 1.943071e+01 3.893276e-02
3.370000e+02 1.938675e+01 3.929868e-02
3.370000e+02 1.937250e+01 3.927238e-02
3.370000e+02 1.934544e+01 3.903211e-02
3.370000e+02 1.943307e+01 3.886260e-02
3.370000e+02 1.941141e+01 3.901123e-02
3.370000e+02 1.941446e+01 3.885383e-02
3.380000e+02 3.115289e+01 6.285575e-02
3.380000e+02 3.111096e+01 6.206347e-02
3.380000e+02 3.118992e+01 6.248195e-02
3.380000e+02 3.118297e+01 6.196605e-02
3.380000e+02 3.110086e+01 6.214989e-02
3.380000e+02 3.102444e+01 6.281144e-02
3.380000e+02 3.117535e+01 6.190326e-02
3.380000e+02 3.107150e+01 6.177652e-02
3.380000e+02 3.114408e+01 6.281510e-02
3.380000e+02 3.105964e+01 6.201038e-02
3.390000e+02 5.085160e+01 1.014196e-01
3.390000e+02 5.086559e+01 1.024510e-01
3.390000e+02 5.102506e+01 1.019508e-01
3.390000e+02 5.076598e+01 1.018787e-01
3.390000e+02 5.115752e+01 1.010423e-01
3.390000e+02 5.079987e+01 1.036722e-01
3.390000e+02 5.088306e+01 1.015065e-01
3.390000e+02 5.093830e+01 1.039656e-01
3.390000e+02 5.090223e+01 1.016104e-01
3.390000e+02 5.098244e+01 1.024190e-01
3.400000e+02 8.376089e+01 1.704705e-01
3.400000e+02 8.356534e+01 1.692565e-01
3.400000e+02 8.398472e+01 1.721933e-01
3.400000e+02 8.365725e+01 1.705304e-01
3.400000e+02 8.378420e+01 1.703209e-01
3.400000e+02 8.383393e+01 1.696279e-01
3.400000e+02 8.379469e+01 1.692328e-01
3.400000e+02 8.371844e+01 1.709353e-01
3.400000e+02 8.351488e+01 1.711298e-01
3.400000e+02 8.380138e+01 1.735437e-01
3.402000e+02 9.191126e+01 1.873169e-01
3.402000e+02 9.268385e+01 1.890394e-01
3.402000e+02 9.214541e+01 1.924321e-01
3.402000e+02 9.234262e+01 1.895829e-01
3.402000e+02 9.257461e+01 1.871099e-01
3.402000e+02 9.267149e+01 1.889398e-01
3.402000e+02 9.253287e+01 1.892862e-01
3.402000e+02 9.247942e+01 1.882863e-01
3.402000e+02 9.228504e+01 1.867266e-01
3.402000e+02 9.219456e+01 1.894556e-01
3.404000e+02 1.014553e+02 2.080019e-01
3.404000e+02 1.020693e+02 2.082167e-01
3.404000e+02 1.016308e+02 2.087930e-01
3.404000e+02 1.016411e+02 2.079339e-01
3.404000e+02 1.017019e+02 2.086319e-01
3.404000e+02 1.018035e+02 2.058927e-01
3.404000e+02 1.017954e+02 2.054720e-01
3.404000e+02 1.016268e+02 2.099032e-01
3.404000e+02 1.019724e+02 2.051352e-01
3.404000e+02 1.016901e+02 2.056275e-01
3.406000e+02 1.124844e+02 2.316090e-01
3.406000e+02 1.121064e+02 2.296645e-01
3.406000e+02 1.128005e+02 2.289674e-01
3.406000e+02 1.123464e+02 2.258811e-01
3.406000e+02 1.123024e+02 2.304368e-01
3.406000e+02 1.125500e+02 2.313732e-01
3.406000e+02 1.120651e+02 2.274164e-01
3.406000e+02 1.128796e+02 2.289525e-01
3.406000e+02 1.124059e+02 2.293341e-01
3.406000e+02 1.120777e+02 2.299875e-01
3.408000e+02 1.250421e+02 2.569378e-01
3.408000e+02 1.248241e+02 2.560162e-01
3.408000e+02 1.245920e+02 2.551176e-01
3.408000e+02 1.247149e+02 2.522511e-01
3.408000e+02 1.245880e+02 2.551996e-01
3.408000e+02 1.243783e+02 2.542245e-01
3.408000e+02 1.244302e+02 2.561644e-01
3.408000e+02 1.243984e+02 2.534529e-01
3.408000e+02 1.239933e+02 2.553587e-01
3.408000e+02 1.242504e+02 2.568737e-01
3.410000e+02 1.389937e+02 2.856962e-01
3.410000e+02 1.389308e+02 2.911902e-01
3.410000e+02 1.387824e+02 2.866937e-01
3.410000e+02 1.383568e+02 2.793070e-01
3.410000e+02 1.383762e+02 2.838030e-01
3.410000e+02 1.388960e+02 2.878200e-01
3.410000e+02 1.385785e+02 2.819997e-01
3.410000e+02 1.392854e+02 2.858522e-01
3.410000e+02 1.386854e+02 2.819329e-01
3.410000e+02 1.384639e+02 2.813486e-01
3.412000e+02 1.558118e+02 3.277302e-01
3.412000e+02 1.554453e+02 3.201548e-01
3.412000e+02 1.558766e+02 3.223035e-01
3.412000e+02 1.558261e+02 3.276216e-01
3.412000e+02 1.559724e+02 3.225390e-01
3.412000e+02 1.550379e+02 3.194170e-01
3.412000e+02 1.554284e+02 3.175179e-01
3.412000e+02 1.552769e+02 3.202790e-01
3.412000e+02 1.551156e+02 3.238169e-01
3.412000e+02 1.549803e+02 3.218194e-01
3.414000e+02 1.745873e+02 3.685838e-01
3.414000e+02 1.742087e+02 3.598464e-01
3.414000e+02 1.744561e+02 3.576373e-01
3.414000e+02 1.747498e+02 3.584467e-01
3.414000e+02 1.741757e+02 3.601187e-01
3.414000e+02 1.746228e+02 3.604166e-01
3.414000e+02 1.755644e+02 3.655784e-01
3.414000e+02 1.746516e+02 3.553924e-01
3.414000e+02 1.744749e+02 3.606998e-01
3.414000e+02 1.743295e+02 3.629859e-01
3.416000e+02 1.970968e+02 4.012938e-01
3.416000e+02 1.969417e+02 4.018097e-01
3.416000e+02 1.976782e+02 4.073330e-01
3.416000e+02 1.973796e+02 4.083724e-01
3.416000e+02 1.975219e+02 4.054359e-01
3.416000e+02 1.976509e+02 4.191947e-01
3.416000e+02 1.974355e+02 4.027984e-01
3.416000e+02 1.979572e+02 4.095282e-01
3.416000e+02 1.970683e+02 4.109294e-01
3.416000e+02 1.969367e+02 4.127017e-01
3.418000e+02 2.248079e+02 4.645758e-01
3.418000e+02 2.243815e+02 4.627278e-01
3.418000e+02 2.241477e+02 4.599927e-01
3.418000e+02 2.248420e+02 4.658258e-01
3.418000e+02 2.240986e+02 4.707208e-01
3.418000e+02 2.248565e+02 4.626404e-01
3.418000e+02 2.250750e+02 4.683935e-01
3.418000e+02 2.238853e+02 4.634293e-01
3.418000e+02 2.240547e+02 4.626811e-01
3.418000e+02 2.247685e+02 4.608729e-01
3.420000e+02 2.563411e+02 5.301002e-01
3.420000e+02 2.563261e+02 5.252112e-01
3.420000e+02 2.558414e+02 5.373225e-01
3.420000e+02 2.567890e+02 5.322893e-01
3.420000e+02 2.562594e+02 5.237421e-01
3.420000e+02 2.564288e+02 5.259306e-01
3.420000e+02 2.556942e+02 5.268182e-01
3.420000e+02 2.564368e+02 5.331216e-01
3.420000e+02 2.566608e+02 5.241918e-01
3.420000e+02 2.559924e+02 5.323374e-01
3.422000e+02 2.936061e+02 6.097279e-01
3.422000e+02 2.947280e+02 6.068683e-01
3.422000e+02 2.953613e+02 6.154307e-01
3.422000e+02 2.931546e+02 6.150986e-01
3.422000e+02 2.951970e+02 6.191160e-01
3.422000e+02 2.936727e+02 6.157365e-01
3.422000e+02 2.950247e+02 6.100118e-01
3.422000e+02 2.951947e+02 6.291497e-01
3.422000e+02 2.934011e+02 6.178697e-01
3.422000e+02 2.931007e+02 6.163082e-01
3.424000e+02 3.395139e+02 7.108305e-01
3.424000e+02 3.391255e+02 7.036865e-01
3.424000e+02 3.380614e+02 7.131280e-01
3.424000e+02 3.398121e+02 7.010202e-01
3.424000e+02 3.391323e+02 7.167011e-01
3.424000e+02 3.390300e+02 7.021361e-01
3.424000e+02 3.395268e+02 7.023563e-01
3.424000e+02 3.385002e+02 7.117027e-01
3.424000e+02 3.391685e+02 7.191026e-01
3.424000e+02 3.394287e+02 7.111162e-01
3.426000e+02 3.926405e+02 8.161439e-01
3.426000e+02 3.919679e+02 8.149165e-01
3.426000e+02 3.908167e+02 8.179546e-01
3.426000e+02 3.931110e+02 8.206326e-01
3.426000e+02 3.924990e+02 8.256465e-01
3.426000e+02 3.926042e+02 8.376922e-01
3.426000e+02 3.923203e+02 8.409064e-01
3.426000e+02 3.920300e+02 8.334404e-01
3.426000e+02 3.927361e+02 8.050000e-01
3.426000e+02 3.920179e+02 8.317475e-01
3.428000e+02 4.533822e+02 9.836734e-01
3.428000e+02 4.537431e+02 9.434203e-01
3.428000e+02 4.536631e+02 9.357179e-01
3.428000e+02 4.550106e+02 9.717849e-01
3.428000e+02 4.557057e+02 9.770791e-01
3.428000e+02 4.535310e+02 9.482898e-01
3.428000e+02 4.539356e+02 9.674314e-01
3.428000e+02 4.536279e+02 9.548150e-01
3.428000e+02 4.548827e+02 9.772231e-01
3.428000e+02 4.541279e+02 9.681105e-01
3.430000e+02 5.240062e+02 1.101805e+00
3.430000e+02 5.229121e+02 1.100371e+00
3.430000e+02 5.261613e+02 1.101253e+00
3.430000e+02 5.243652e+02 1.118271e+00
3.430000e+02 5.238742e+02 1.116552e+00
3.430000e+02 5.225182e+02 1.121407e+00
3.430000e+02 5.227197e+02 1.105121e+00
3.430000e+02 5.229444e+02 1.106761e+00
3.430000e+02 5.252688e+02 1.108308e+00
3.430000e+02 5.242731e+02 1.101523e+00
3.432000e+02 6.011186e+02 1.264812e+00
3.432000e+02 6.012469e+02 1.275216e+00
3.432000e+02 6.011613e+02 1.284202e+00
3.432000e+02 6.006960e+02 1.266964e+00
3.432000e+02 6.010834e+02 1.251217e+00
3.432000e+02 6.002559e+02 1.281228e+00
3.432000e+02 5.993477e+02 1.272797e+00
3.432000e+02 6.019178e+02 1.264629e+00
3.432000e+02 5.995627e+02 1.275832e+00
3.432000e+02 6.014941e+02 1.289215e+00
3.434000e+02 6.798359e+02 1.453640e+00
3.434000e+02 6.767438e+02 1.434292e+00
3.434000e+02 6.767305e+02 1.419638e+00
3.434000e+02 6.773692e+02 1.457255e+00
3.434000e+02 6.755116e+02 1.460352e+00
3.434000e+02 6.768088e+02 1.447481e+00
3.434000e+02 6.766635e+02 1.455755e+00
3.434000e+02 6.766012e+02 1.425521e+00
3.434000e+02 6.788891e+02 1.478267e+00
3.434000e+02 6.778836e+02 1.463004e+00
3.436000e+02 7.474864e+02 1.594503e+00
3.436000e+02 7.485733e+02 1.581009e+00
3.436000e+02 7.479968e+02 1.607169e+00
3.436000e+02 7.506577e+02 1.577185e+00
3.436000e+02 7.503574e+02 1.584221e+00
3.436000e+02 7.495918e+02 1.571559e+00
3.436000e+02 7.501163e+02 1.580822e+00
3.436000e+02 7.470990e+02 1.528619e+00
3.436000e+02 7.477762e+02 1.596000e+00
3.436000e+02 7.499460e+02 1.606556e+00
3.438000e+02 8.060087e+02 1.727812e+00
3.438000e+02 8.002936e+02 1.696849e+00
3.438000e+02 8.030774e+02 1.724391e+00
3.438000e+02 7.996269e+02 1.694248e+00
3.438000e+02 8.036802e+02 1.713900e+00
3.438000e+02 8.013538e+02 1.688645e+00
3.438000e+02 8.027903e+02 1.739453e+00
3.438000e+02 8.057657e+02 1.698628e+00
3.438000e+02 8.025750e+02 1.705366e+00
3.438000e+02 8.024319e+02 1.769052e+00
3.440000e+02 8.297174e+02 1.749584e+00
3.440000e+02 8.331835e+02 1.732886e+00
3.440000e+02 8.342885e+02 1.775275e+00
3.440000e+02 8.308412e+02 1.746811e+00
3.440000e+02 8.315508e+02 1.766038e+00
3.440000e+02 8.313573e+02 1.782191e+00
3.440000e+02 8.323286e+02 1.789402e+00
3.440000e+02 8.328032e+02 1.757500e+00
3.440000e+02 8.318767e+02 1.815487e+00
3.440000e+02 8.285774e+02 1.771685e+00
3.442000e+02 8.320524e+02 1.796916e+00
3.442000e+02 8.336059e+02 1.734805e+00
3.442000e+02 8.361977e+02 1.798435e+00
3.442000e+02 8.338258e+02 1.775414e+00
3.442000e+02 8.328061e+02 1.790734e+00
3.442000e+02 8.329844e+02 1.782729e+00
3.442000e+02 8.329317e+02 1.758073e+00
3.442000e+02 8.337607e+02 1.744153e+00
3.442000e+02 8.320032e+02 1.787351e+00
3.442000e+02 8.345484e+02 1.817530e+00
3.444000e+02 8.102148e+02 1.701311e+00
3.444000e+02 8.083811e+02 1.689146e+00
3.444000e+02 8.094357e+02 1.724901e+00
3.444000e+02 8.115663e+02 1.740224e+00
3.444000e+02 8.123702e+02 1.723165e+00
3.444000e+02 8.127248e+02 1.706940e+00
3.444000e+02 8.121781e+02 1.732349e+00
3.444000e+02 8.149804e+02 1.751586e+00
3.444000e+02 8.109057e+02 1.743370e+00
3.444000e+02 8.126435e+02 1.741600e+00
3.446000e+02 7.723080e+02 1.636690e+00
3.446000e+02 7.731152e+02 1.648009e+00
3.446000e+02 7.718837e+02 1.695872e+00
3.446000e+02 7.737916e+02 1.681324e+00
3.446000e+02 7.731778e+02 1.633516e+00
3.446000e+02 7.736056e+02 1.639886e+00
3.446000e+02 7.753961e+02 1.667974e+00
3.446000e+02 7.727947e+02 1.609834e+00
3.446000e+02 7.706038e+02 1.666647e+00
3.446000e+02 7.741559e+02 1.627324e+00
3.448000e+02 7.339309e+02 1.550053e+00
3.448000e+02 7.312022e+02 1.570201e+00
3.448000e+02 7.305047e+02 1.560811e+00
3.448000e+02 7.310839e+02 1.514438e+00
3.448000e+02 7.320518e+02 1.570084e+00
3.448000e+02 7.330691e+02 1.574563e+00
3.448000e+02 7.308551e+02 1.581000e+00
3.448000e+02 7.342900e+02 1.532551e+00
3.448000e+02 7.354676e+02 1.563677e+00
3.448000e+02 7.338416e+02 1.559903e+00
3.450000e+02 6.899679e+02 1.480239e+00
3.450000e+02 6.939244e+02 1.481105e+00
3.450000e+02 6.928858e+02 1.518915e+00
3.450000e+02 6.918983e+02 1.485772e+00
3.450000e+02 6.954466e+02 1.475037e+00
3.450000e+02 6.903010e+02 1.468854e+00
3.450000e+02 6.927695e+02 1.462211e+00
3.450000e+02 6.902569e+02 1.505909e+00
3.450000e+02 6.903091e+02 1.485370e+00
3.450000e+02 6.948015e+02 1.443770e+00
3.452000e+02 6.523988e+02 1.429678e+00
3.452000e+02 6.530969e+02 1.394363e+00
3.452000e+02 6.551898e+02 1.413142e+00
3.452000e+02 6.554332e+02 1.394852e+00
3.452000e+02 6.569686e+02 1.397122e+00
3.452000e+02 6.537119e+02 1.381690e+00
3.452000e+02 6.563212e+02 1.397381e+00
3.452000e+02 6.539325e+02 1.408237e+00
3.452000e+02 6.543532e+02 1.410117e+00
3.452000e+02 6.542720e+02 1.440615e+00
3.454000e+02 6.228504e+02 1.337069e+00
3.454000e+02 6.203457e+02 1.352344e+00
3.454000e+02 6.228197e+02 1.318109e+00
3.454000e+02 6.211060e+02 1.352628e+00
3.454000e+02 6.219296e+02 1.318720e+00
3.454000e+02 6.199352e+02 1.322993e+00
3.454000e+02 6.192840e+02 1.332052e+00
3.454000e+02 6.193086e+02 1.340474e+00
3.454000e+02 6.202503e+02 1.327455e+00
3.454000e+02 6.230732e+02 1.348299e+00
3.456000e+02 5.895828e+02 1.300295e+00
3.456000e+02 5.885890e+02 1.301026e+00
3.456000e+02 5.897940e+02 1.297294e+00
3.456000e+02 5.846859e+02 1.284131e+00
3.456000e+02 5.890105e+02 1.270974e+00
3.456000e+02 5.896865e+02 1.285636e+00
3.456000e+02 5.891813e+02 1.297026e+00
3.456000e+02 5.890319e+02 1.298056e+00
3.456000e+02 5.910095e+02 1.323374e+00
3.456000e+02 5.887033e+02 1.284164e+00
3.458000e+02 5.566999e+02 1.236029e+00
3.458000e+02 5.577550e+02 1.267685e+00
3.458000e+02 5.559376e+02 1.238703e+00
3.458000e+02 5.558734e+02 1.255846e+00
3.458000e+02 5.546252e+02 1.235375e+00
3.458000e+02 5.566051e+02 1.255210e+00
3.458000e+02 5.559589e+02 1.255488e+00
3.458000e+02 5.549380e+02 1.250562e+00
3.458000e+02 5.562277e+02 1.231669e+00
3.458000e+02 5.585893e+02 1.249730e+00
3.460000e+02 5.242797e+02 1.262443e+00
3.460000e+02 5.243650e+02 1.260640e+00
3.460000e+02 5.253049e+02 1.222434e+00
3.460000e+02 5.252903e+02 1.249059e+00
3.460000e+02 5.233589e+02 1.239877e+00
3.460000e+02 5.244268e+02 1.236836e+00
3.460000e+02 5.239971e+02 1.229997e+00
3.460000e+02 5.221543e+02 1.264430e+00
3.460000e+02 5.213097e+02 1.234267e+00
3.460000e+02 5.244820e+02 1.280619e+00
3.462000e+02 4.902089e+02 1.189399e+00
3.462000e+02 4.902379e+02 1.187093e+00
3.462000e+02 4.909145e+02 1.172871e+00
3.462000e+02 4.897804e+02 1.169667e+00
3.462000e+02 4.906131e+02 1.179737e+00
3.462000e+02 4.896075e+02 1.190904e+00
3.462000e+02 4.896716e+02 1.201116e+00
3.462000e+02 4.911658e+02 1.169605e+00
3.462000e+02 4.911103e+02 1.203718e+00
3.462000e+02 4.908980e+02 1.203924e+00
3.464000e+02 4.602285e+02 1.246332e+00
3.464000e+02 4.587880e+02 1.257746e+00
3.464000e+02 4.579902e+02 1.236787e+00
3.464000e+02 4.595653e+02 1.253362e+00
3.464000e+02 4.588813e+02 1.249174e+00
3.464000e+02 4.581046e+02 1.240062e+00
3.464000e+02 4.581915e+02 1.268118e+00
3.464000e+02 4.583105e+02 1.241025e+00
3.464000e+02 4.589189e+02 1.239244e+00
3.464000e+02 4.580014e+02 1.260124e+00
3.466000e+02 4.322184e+02 1.314830e+00
3.466000e+02 4.318039e+02 1.302496e+00
3.466000e+02 4.327986e+02 1.296028e+00
3.466000e+02 4.308746e+02 1.303506e+00
3.466000e+02 4.290957e+02 1.315507e+00
3.466000e+02 4.304969e+02 1.314862e+00
3.466000e+02 4.325009e+02 1.294704e+00
3.466000e+02 4.311607e+02 1.298156e+00
3.466000e+02 4.321613e+02 1.327206e+00
3.466000e+02 4.322226e+02 1.313167e+00
3.468000e+02 4.043173e+02 1.363823e+00
3.468000e+02 4.059620e+02 1.379930e+00
3.468000e+02 4.064339e+02 1.378255e+00
3.468000e+02 4.055806e+02 1.332415e+00
3.468000e+02 4.047850e+02 1.357491e+00
3.468000e+02 4.061277e+02 1.349471e+00
3.468000e+02 4.061008e+02 1.368678e+00
3.468000e+02 4.056496e+02 1.383867e+00
3.468000e+02 4.067807e+02 1.360871e+00
3.468000e+02 4.048995e+02 1.370936e+00
3.470000e+02 3.807884e+02 1.403324e+00
3.470000e+02 3.850160e+02 1.401077e+00
3.470000e+02 3.849769e+02 1.407003e+00
3.470000e+02 3.829352e+02 1.397513e+00
3.470000e+02 3.829493e+02 1.383199e+00
3.470000e+02 3.805955e+02 1.427758e+00
3.470000e+02 3.830704e+02 1.414384e+00
3.470000e+02 3.844997e+02 1.401699e+00
3.470000e+02 3.843673e+02 1.407067e+00
3.470000e+02 3.815181e+02 1.419308e+00
3.472000e+02 3.619690e+02 1.443900e+00
3.472000e+02 3.616483e+02 1.475871e+00
3.472000e+02 3.620534e+02 1.441812e+00
3.472000e+02 3.615395e+02 1.448246e+00
3.472000e+02 3.606381e+02 1.437233e+00
3.472000e+02 3.608389e+02 1.455469e+00
3.472000e+02 3.631007e+02 1.431826e+00
3.472000e+02 3.625772e+02 1.448449e+00
3.472000e+02 3.618885e+02 1.447494e+00
3.472000e+02 3.612412e+02 1.427447e+00
3.474000e+02 3.450402e+02 1.479144e+00
3.474000e+02 3.437034e+02 1.460183e+00
3.474000e+02 3.439292e+02 1.461953e+00
3.474000e+02 3.457705e+02 1.455157e+00
3.474000e+02 3.457328e+02 1.465411e+00
3.474000e+02 3.470981e+02 1.456914e+00
3.474000e+02 3.419092e+02 1.482772e+00
3.474000e+02 3.456647e+02 1.480239e+00
3.474000e+02 3.440634e+02 1.467777e+00
3.474000e+02 3.455776e+02 1.473066e+00
3.476000e+02 3.284565e+02 1.461805e+00
3.476000e+02 3.284805e+02 1.502962e+00
3.476000e+02 3.314998e+02 1.492141e+00
3.476000e+02 3.263604e+02 1.495139e+00
3.476000e+02 3.297955e+02 1.488726e+00
3.476000e+02 3.275878e+02 1.500906e+00
3.476000e+02 3.290701e+02 1.508602e+00
3.476000e+02 3.278081e+02 1.493947e+00
3.476000e+02 3.259725e+02 1.500552e+00
3.476000e+02 3.300904e+02 1.507939e+00
3.478000e+02 3.137641e+02 1.512585e+00
3.478000e+02 3.127443e+02 1.513718e+00
3.478000e+02 3.154313e+02 1.503037e+00
3.478000e+02 3.150092e+02 1.503468e+00
3.478000e+02 3.141263e+02 1.485602e+00
3.478000e+02 3.152853e+02 1.488309e+00
3.478000e+02 3.145347e+02 1.522070e+00
3.478000e+02 3.115425e+02 1.492441e+00
3.478000e+02 3.132277e+02 1.519864e+00
3.478000e+02 3.161235e+02 1.497562e+00
3.480000e+02 3.010636e+02 1.500070e+00
3.480000e+02 3.019390e+02 1.487122e+00
3.480000e+02 3.008770e+02 1.518974e+00
3.480000e+02 3.007640e+02 1.492425e+00
3.480000e+02 3.014489e+02 1.474973e+00
3.480000e+02 3.007273e+02 1.498636e+00
3.480000e+02 3.015270e+02 1.519694e+00
3.480000e+02 2.993033e+02 1.518144e+00
3.480000e+02 3.008996e+02 1.494777e+00
3.480000e+02 3.021716e+02 1.518741e+00
3.482000e+02 2.881283e+02 1.510148e+00
3.482000e+02 2.925476e+02 1.500704e+00
3.482000e+02 2.896086e+02 1.487808e+00
3.482000e+02 2.896669e+02 1.471930e+00
3.482000e+02 2.884693e+02 1.482315e+00
3.482000e+02 2.873202e+02 1.490823e+00
3.482000e+02 2.900098e+02 1.499319e+00
3.482000e+02 2.912226e+02 1.507583e+00
3.482000e+02 2.865348e+02 1.496663e+00
3.482000e+02 2.887907e+02 1.501632e+00
3.484000e+02 2.745515e+02 1.492955e+00
3.484000e+02 2.787901e+02 1.487659e+00
3.484000e+02 2.787848e+02 1.487575e+00
3.484000e+02 2.758449e+02 1.500273e+00
3.484000e+02 2.767837e+02 1.517021e+00
3.484000e+02 2.784755e+02 1.494527e+00
3.484000e+02 2.760150e+02 1.492557e+00
3.484000e+02 2.771616e+02 1.478350e+00
3.484000e+02 2.762564e+02 1.489709e+00
3.484000e+02 2.775919e+02 1.502254e+00
3.486000e+02 2.673985e+02 1.460433e+00
3.486000e+02 2.672164e+02 1.474577e+00
3.486000e+02 2.676179e+02 1.459954e+00
3.486000e+02 2.673620e+02 1.470718e+00
3.486000e+02 2.676953e+02 1.484660e+00
3.486000e+02 2.694313e+02 1.489962e+00
3.486000e+02 2.672985e+02 1.487684e+00
3.486000e+02 2.677017e+02 1.473901e+00
3.486000e+02 2.661965e+02 1.479382e+00
3.486000e+02 2.681580e+02 1.486899e+00
3.488000e+02 2.554649e+02 1.447304e+00
3.488000e+02 2.548993e+02 1.451326e+00
3.488000e+02 2.564655e+02 1.465923e+00
3.488000e+02 2.560075e+02 1.460319e+00
3.488000e+02 2.569231e+02 1.468447e+00
3.488000e+02 2.547260e+02 1.446721e+00
3.488000e+02 2.550243e+02 1.446708e+00
3.488000e+02 2.568613e+02 1.457554e+00
3.488000e+02 2.607105e+02 1.458010e+00
3.488000e+02 2.592999e+02 1.452295e+00
3.490000e+02 2.447741e+02 1.436867e+00
3.490000e+02 2.458500e+02 1.441955e+00
3.490000e+02 2.465879e+02 1.442930e+00
3.490000e+02 2.486521e+02 1.434578e+00
3.490000e+02 2.475213e+02 1.439717e+00
3.490000e+02 2.503865e+02 1.426687e+00
3.490000e+02 2.467714e+02 1.419937e+00
3.490000e+02 2.485462e+02 1.424890e+00
3.490000e+02 2.488266e+02 1.456967e+00
3.490000e+02 2.484988e+02 1.420377e+00
3.492000e+02 2.381173e+02 1.394459e+00
3.492000e+02 2.381043e+02 1.403997e+00
3.492000e+02 2.403813e+02 1.400171e+00
3.492000e+02 2.403816e+02 1.406737e+00
3.492000e+02 2.390769e+02 1.408180e+00
3.492000e+02 2.401124e+02 1.396272e+00
3.492000e+02 2.384108e+02 1.421934e+00
3.492000e+02 2.360934e+02 1.400614e+00
3.492000e+02 2.395567e+02 1.429997e+00
3.492000e+02 2.388588e+02 1.407688e+00
3.494000e+02 2.290697e+02 1.356785e+00
3.494000e+02 2.292316e+02 1.376194e+00
3.494000e+02 2.317736e+02 1.376617e+00
3.494000e+02 2.319595e+02 1.388048e+00
3.494000e+02 2.311946e+02 1.379877e+00
3.494000e+02 2.321520e+02 1.381094e+00
3.494000e+02 2.264957e+02 1.393662e+00
3.494000e+02 2.301887e+02 1.366094e+00
3.494000e+02 2.318421e+02 1.373304e+00
3.494000e+02 2.305359e+02 1.375395e+00
3.496000e+02 2.229150e+02 1.346657e+00
3.496000e+02 2.206782e+02 1.332143e+00
3.496000e+02 2.233271e+02 1.334841e+00
3.496000e+02 2.236202e+02 1.337390e+00
3.496000e+02 2.259248e+02 1.324572e+00
3.496000e+02 2.232053e+02 1.351321e+00
3.496000e+02 2.252898e+02 1.358423e+00
3.496000e+02 2.240060e+02 1.350970e+00
3.496000e+02 2.223098e+02 1.351588e+00
3.496000e+02 2.222662e+02 1.336067e+00
3.498000e+02 2.128228e+02 1.316555e+00
3.498000e+02 2.138190e+02 1.306577e+00
3.498000e+02 2.143089e+02 1.316422e+00
3.498000e+02 2.147276e+02 1.317972e+00
3.498000e+02 2.161583e+02 1.319014e+00
3.498000e+02 2.159671e+02 1.311823e+00
3.498000e+02 2.162141e+02 1.310414e+00
3.498000e+02 2.147322e+02 1.311956e+00
3.498000e+02 2.159468e+02 1.315576e+00
3.498000e+02 2.152337e+02 1.323443e+00
3.500000e+02 2.086279e+02 1.281441e+00
3.500000e+02 2.109761e+02 1.285630e+00
3.500000e+02 2.091192e+02 1.294242e+00
3.500000e+02 2.087704e+02 1.269226e+00
3.500000e+02 2.072912e+02 1.279552e+00
3.500000e+02 2.070782e+02 1.250730e+00
3.500000e+02 2.093006e+02 1.260740e+00
3.500000e+02 2.105491e+02 1.283875e+00
3.500000e+02 2.076571e+02 1.274702e+00
3.500000e+02 2.099555e+02 1.275065e+00
3.510000e+02 1.741179e+02 1.080100e+00
3.510000e+02 1.754779e+02 1.084326e+00
3.510000e+02 1.753744e+02 1.082147e+00
3.510000e+02 1.739904e+02 1.114695e+00
3.510000e+02 1.775664e+02 1.089527e+00
3.510000e+02 1.757997e+02 1.097221e+00
3.510000e+02 1.752521e+02 1.078867e+00
3.510000e+02 1.756949e+02 1.105529e+00
3.510000e+02 1.743032e+02 1.090703e+00
3.510000e+02 1.763694e+02 1.093867e+00
3.520000e+02 1.488684e+02 8.983596e-01
3.520000e+02 1.481425e+02 8.903146e-01
3.520000e+02 1.495442e+02 8.874934e-01
3.520000e+02 1.486231e+02 9.097756e-01
3.520000e+02 1.477431e+02 9.137849e-01
3.520000e+02 1.488014e+02 8.936226e-01
3.520000e+02 1.501302e+02 8.946132e-01
3.520000e+02 1.475626e+02 9.062198e-01
3.520000e+02 1.486266e+02 8.968042e-01
3.520000e+02 1.493031e+02 9.078777e-01
3.530000e+02 1.257981e+02 7.330887e-01
3.530000e+02 1.258538e+02 7.274134e-01
3.530000e+02 1.257034e+02 7.354366e-01
3.530000e+02 1.255370e+02 7.330871e-01
3.530000e+02 1.253950e+02 7.227836e-01
3.530000e+02 1.267589e+02 7.345674e-01
3.530000e+02 1.252918e+02 7.318100e-01
3.530000e+02 1.240449e+02 7.303818e-01
3.530000e+02 1.253205e+02 7.431903e-01
3.530000e+02 1.251332e+02 7.419316e-01
3.540000e+02 1.059350e+02 5.793762e-01
3.540000e+02 1.044650e+02 5.826259e-01
3.540000e+02 1.060370e+02 5.721381e-01
3.540000e+02 1.058483e+02 5.837802e-01
3.540000e+02 1.060373e+02 5.702510e-01
3.540000e+02 1.061963e+02 5.807053e-01
3.540000e+02 1.050345e+02 5.745891e-01
3.540000e+02 1.058161e+02 5.670739e-01
3.540000e+02 1.057540e+02 5.844012e-01
3.540000e+02 1.033525e+02 5.848651e-01
3.550000e+02 8.753471e+01 4.522457e-01
3.550000e+02 8.773236e+01 4.485823e-01
3.550000e+02 8.914783e+01 4.513091e-01
3.550000e+02 8.868479e+01 4.519470e-01
3.550000e+02 8.810851e+01 4.514615e-01
3.550000e+02 8.843760e+01 4.439106e-01
3.550000e+02 8.878757e+01 4.445143e-01
3.550000e+02 8.729531e+01 4.474147e-01
3.550000e+02 8.837704e+01 4.540025e-01
3.550000e+02 8.721788e+01 4.436740e-01
3.560000e+02 7.284197e+01 3.437279e-01
3.560000e+02 7.254575e+01 3.419953e-01
3.560000e+02 7.333650e+01 3.392393e-01
3.560000e+02 7.315377e+01 3.436834e-01
3.560000e+02 7.285359e+01 3.470447e-01
3.560000e+02 7.289311e+01 3.400513e-01
3.560000e+02 7.274603e+01 3.450216e-01
3.560000e+02 7.284571e+01 3.416381e-01
3.560000e+02 7.293601e+01 3.418411e-01
3.560000e+02 7.289132e+01 3.411651e-01
3.570000e+02 6.007693e+01 2.627928e-01
3.570000e+02 5.976713e+01 2.578106e-01
3.570000e+02 5.996898e+01 2.571922e-01
3.570000e+02 5.983407e+01 2.601602e-01
3.570000e+02 6.003534e+01 2.574001e-01
3.570000e+02 5.992288e+01 2.574617e-01
3.570000e+02 5.981569e+01 2.611489e-01
3.570000e+02 6.000730e+01 2.547971e-01
3.570000e+02 5.973042e+01 2.580880e-01
3.570000e+02 6.044573e+01 2.538651e-01
3.580000e+02 5.171772e+01 1.986791e-01
3.580000e+02 5.160435e+01 1.965458e-01
3.580000e+02 5.191606e+01 1.951303e-01
3.580000e+02 5.166733e+01 1.962784e-01
3.580000e+02 5.155027e+01 1.986026e-01
3.580000e+02 5.172173e+01 2.001418e-01
3.580000e+02 5.153278e+01 1.996685e-01
3.580000e+02 5.158352e+01 1.972001e-01
3.580000e+02 5.209335e+01 1.959174e-01
3.580000e+02 5.150831e+01 1.966702e-01
3.590000e+02 3.932711e+01 1.381325e-01
3.590000e+02 3.950551e+01 1.365689e-01
3.590000e+02 3.927710e+01 1.382460e-01
3.590000e+02 3.972680e+01 1.400548e-01
3.590000e+02 3.944185e+01 1.376202e-01
3.590000e+02 3.938073e+01 1.361763e-01
3.590000e+02 3.929561e+01 1.422291e-01
3.590000e+02 3.954284e+01 1.391908e-01
3.590000e+02 3.950551e+01 1.388549e-01
3.590000e+02 3.954452e+01 1.383738e-01
3.600000e+02 3.146112e+01 9.843076e-02
3.600000e+02 3.151922e+01 1.005228e-01
3.600000e+02 3.150961e+01 9.902349e-02
3.600000e+02 3.144666e+01 9.955200e-02
3.600000e+02 3.140357e+01 9.743976e-02
3.600000e+02 3.128796e+01 1.015719e-01
3.600000e+02 3.138181e+01 9.999450e-02
3.600000e+02 3.128046e+01 1.004439e-01
3.600000e+02 3.134289e+01 9.893025e-02
3.600000e+02 3.139254e+01 9.922285e-02
3.650000e+02 7.647216e+00 1.979609e-02
3.650000e+02 7.642584e+00 1.805386e-02
3.650000e+02 7.655254e+00 1.846159e-02
3.650000e+02 7.674060e+00 1.822763e-02
3.650000e+02 7.655589e+00 1.835229e-02
3.650000e+02 7.657821e+00 1.823493e-02
3.650000e+02 7.650145e+00 1.832589e-02
3.650000e+02 7.691751e+00 1.853351e-02
3.650000e+02 7.662428e+00 1.879410e-02
3.650000e+02 7.716614e+00 1.890046e-02
3.700000e+02 3.387692e-01 9.721319e-04
3.700000e+02 3.377229e-01 9.729553e-04
3.700000e+02 3.394211e-01 9.962504e-04
3.700000e+02 3.383073e-01 9.815616e-04
3.700000e+02 3.387557e-01 9.715780e-04
3.700000e+02 3.373669e-01 1.005741e-03
3.700000e+02 3.372631e-01 1.009183e-03
3.700000e+02 3.387147e-01 9.889085e-04
3.700000e+02 3.376050e-01 1.000363e-03
3.700000e+02 3.379918e-01 9.683341e-04
3.750000e+02 -8.174183e-08 1.912401e-10
3.750000e+02 -8.208856e-08 1.850772e-10
3.750000e+02 -8.206191e-08 1.873037e-10
3.750000e+02 -8.178235e-08 1.903204e-10
3.750000e+02 -8.176723e-08 1.868121e-10
3.750000e+02 -8.169807e-08 1.886074e-10
3.750000e+02 -8.188695e-08 1.871434e-10
3.750000e+02 -8.186725e-08 1.905078e-10
3.750000e+02 -8.148064e-08 1.881708e-10
3.750000e+02 -8.141892e-08 1.881593e-10
3.800000e+02 -8.362981e-08 1.956566e-10
3.800000e+02 -8.403586e-08 1.996801e-10
3.800000e+02 -8.390135e-08 1.952743e-10
3.800000e+02 -8.407587e-08 1.979631e-10
3.800000e+02 -8.392236e-08 2.019588e-10
3.800000e+02 -8.359617e-08 1.918024e-10
3.800000e+02 -8.410735e-08 1.911549e-10
3.800000e+02 -8.358117e-08 1.892117e-10
3.800000e+02 -8.364411e-08 1.927876e-10
3.800000e+02 -8.364619e-08 1.951793e-10
3.850000e+02 -8.543303e-08 1.986785e-10
3.850000e+02 -8.512701e-08 1.995303e-10
3.850000e+02 -8.549659e-08 2.028248e-10
3.850000e+02 -8.538239e-08 1.975449e-10
3.850000e+02 -8.513627e-08 1.962814e-10
3.850000e+02 -8.501270e-08 2.019343e-10
3.850000e+02 -8.522043e-08 1.927115e-10
3.850000e+02 -8.517291e-08 1.939801e-10
3.850000e+02 -8.540250e-08 1.970217e-10
3.850000e+02 -8.532789e-08 1.961527e-10
