3.250000e+02 -3.197730e-03 4.600565e-06
3.250000e+02 -3.188020e-03 4.615534e-06
3.250000e+02 -3.183713e-03 4.573084e-06
3.250000e+02 -3.181668e-03 4.717265e-06
3.250000e+02 -3.186089e-03 4.656250e-06
3.250000e+02 -3.190805e-03 4.597054e-06
3.250000e+02 -3.192573e-03 4.663838e-06
3.250000e+02 -3.188621e-03 4.638437e-06
3.250000e+02 -3.187376e-03 4.777130e-06
3.250000e+02 -3.203277e-03 4.591992e-06
3.260000e+02 -5.715124e-03 8.264452e-06
3.260000e+02 -5.724041e-03 8.292921e-06
3.260000e+02 -5.708990e-03 8.178937e-06
3.260000e+02 -5.723966e-03 8.252991e-06
3.260000e+02 -5.707577e-03 8.354218e-06
3.260000e+02 -5.714209e-03 8.204545e-06
3.260000e+02 -5.713822e-03 8.327495e-06
3.260000e+02 -5.728202e-03 8.267159e-06
3.260000e+02 -5.701144e-03 8.334312e-06
3.260000e+02 -5.708440e-03 8.281070e-06
3.270000e+02 -9.859370e-03 1.428594e-05
3.270000e+02 -9.879104e-03 1.425852e-05
3.270000e+02 -9.859948e-03 1.438784e-05
3.270000e+02 -9.867960e-03 1.436368e-05
3.270000e+02 -9.865608e-03 1.426280e-05
3.270000e+02 -9.821540e-03 1.446701e-05
3.270000e+02 -9.874869e-03 1.405557e-05
3.270000e+02 -9.843338e-03 1.421903e-05
3.270000e+02 -9.839119e-03 1.437720e-05
3.270000e+02 -9.883426e-03 1.430532e-05
3.280000e+02 -1.652709e-02 2.397077e-05
3.280000e+02 -1.656534e-02 2.379549e-05
3.280000e+02 -1.652896e-02 2.356452e-05
3.280000e+02 -1.655243e-02 2.394930e-05
3.280000e+02 -1.650053e-02 2.378634e-05
3.280000e+02 -1.653319e-02 2.411606e-05
3.280000e+02 -1.651420e-02 2.389497e-05
3.280000e+02 -1.653165e-02 2.379094e-05
3.280000e+02 -1.650047e-02 2.377110e-05
3.280000e+02 -1.649719e-02 2.380763e-05
3.290000e+02 -2.711794e-02 3.903820e-05
3.290000e+02 -2.713291e-02 3.922610e-05
3.290000e+02 0.000000e+00 0.000000e+00
3.290000e+02 -2.718267e-02 3.904991e-05
3.290000e+02 -2.718994e-02 3.901801e-05
3.290000e+02 -2.716744e-02 3.931002e-05
3.290000e+02 -2.711340e-02 3.903191e-05
3.290000e+02 -2.710816e-02 3.942328e-05
3.290000e+02 -2.711697e-02 3.902646e-05
3.290000e+02 -2.714483e-02 3.901700e-05
3.300000e+02 -4.386895e-02 6.327831e-05
3.300000e+02 -4.395798e-02 6.237403e-05
3.300000e+02 -4.395428e-02 6.277685e-05
3.300000e+02 -4.386799e-02 6.298211e-05
3.300000e+02 -4.390491e-02 6.301985e-05
3.300000e+02 -4.393668e-02 6.268773e-05
3.300000e+02 -4.383207e-02 6.271569e-05
3.300000e+02 -4.401466e-02 6.315121e-05
3.300000e+02 -4.381828e-02 6.296242e-05
3.300000e+02 -4.392477e-02 6.309263e-05
3.310000e+02 -7.039693e-02 1.001919e-04
3.310000e+02 0.000000e+00 0.000000e+00
3.310000e+02 -7.021341e-02 1.003841e-04
3.310000e+02 -7.017848e-02 1.002834e-04
3.310000e+02 -7.030664e-02 1.001252e-04
3.310000e+02 -7.011949e-02 1.003340e-04
3.310000e+02 -7.026133e-02 1.001286e-04
3.310000e+02 -7.031539e-02 9.996328e-05
3.310000e+02 -7.025825e-02 1.002293e-04
3.310000e+02 -7.007785e-02 1.024644e-04
3.320000e+02 -1.118153e-01 1.604728e-04
3.320000e+02 -1.117098e-01 1.592307e-04
3.320000e+02 -1.116796e-01 1.579953e-04
3.320000e+02 -1.118027e-01 1.591538e-04
3.320000e+02 -1.116928e-01 1.589889e-04
3.320000e+02 -1.119886e-01 1.585575e-04
3.320000e+02 -1.117067e-01 1.587859e-04
3.320000e+02 -1.118723e-01 1.577622e-04
3.320000e+02 -1.118324e-01 1.591633e-04
3.320000e+02 -1.120617e-01 1.577016e-04
3.330000e+02 -1.783107e-01 2.480438e-04
3.330000e+02 -1.777666e-01 2.532938e-04
3.330000e+02 -1.780857e-01 2.516359e-04
3.330000e+02 -1.778929e-01 2.494598e-04
3.330000e+02 -1.777766e-01 2.513929e-04
3.330000e+02 -1.782970e-01 2.500099e-04
3.330000e+02 -1.778567e-01 2.489631e-04
3.330000e+02 -1.779925e-01 2.503927e-04
3.330000e+02 -1.782377e-01 2.509477e-04
3.330000e+02 -1.785472e-01 2.517184e-04
3.340000e+02 -2.840732e-01 3.989661e-04
3.340000e+02 -2.843221e-01 3.959497e-04
3.340000e+02 -2.841977e-01 3.993898e-04
3.340000e+02 -2.844199e-01 3.989007e-04
3.340000e+02 -2.839243e-01 3.971526e-04
3.340000e+02 -2.848828e-01 3.976994e-04
3.340000e+02 -2.837908e-01 3.992759e-04
3.340000e+02 -2.847231e-01 3.983511e-04
3.340000e+02 -2.845056e-01 3.961741e-04
3.340000e+02 -2.845696e-01 3.957447e-04
3.350000e+02 -4.578436e-01 6.379685e-04
3.350000e+02 -4.594335e-01 6.328991e-04
3.350000e+02 -4.585321e-01 6.364732e-04
3.350000e+02 -4.586818e-01 6.322943e-04
3.350000e+02 -4.589552e-01 6.354763e-04
3.350000e+02 -4.586590e-01 6.339356e-04
3.350000e+02 -4.586057e-01 6.345690e-04
3.350000e+02 -4.595727e-01 6.337321e-04
3.350000e+02 -4.595699e-01 6.287683e-04
3.350000e+02 -4.591943e-01 6.378294e-04
3.360000e+02 -7.526123e-01 1.014631e-03
3.360000e+02 -7.515673e-01 1.021285e-03
3.360000e+02 -7.530390e-01 1.024499e-03
3.360000e+02 -7.507786e-01 1.024419e-03
3.360000e+02 -7.490751e-01 1.033862e-03
3.360000e+02 -7.526251e-01 1.022473e-03
3.360000e+02 -7.500989e-01 1.028431e-03
3.360000e+02 -7.515695e-01 1.022197e-03
3.360000e+02 -7.510810e-01 1.019518e-03
3.360000e+02 -7.506357e-01 1.028177e-03
3.370000e+02 -1.263187e+00 1.697937e-03
3.370000e+02 -1.261683e+00 1.699040e-03
3.370000e+02 -1.258482e+00 1.705250e-03
3.370000e+02 -1.260057e+00 1.699982e-03
3.370000e+02 -1.263374e+00 1.693565e-03
3.370000e+02 -1.262706e+00 1.683600e-03
3.370000e+02 -1.262217e+00 1.690054e-03
3.370000e+02 -1.263049e+00 1.686712e-03
3.370000e+02 -1.260712e+00 1.686516e-03
3.370000e+02 -1.260074e+00 1.698668e-03
3.380000e+02 -2.195455e+00 2.889161e-03
3.380000e+02 -2.193627e+00 2.871415e-03
3.380000e+02 -2.188888e+00 2.892378e-03
3.380000e+02 -2.193234e+00 2.883302e-03
3.380000e+02 -2.190534e+00 2.883930e-03
3.380000e+02 -2.190550e+00 2.873572e-03
3.380000e+02 -2.194486e+00 2.880366e-03
3.380000e+02 -2.191377e+00 2.894303e-03
3.380000e+02 -2.192012e+00 2.892567e-03
3.380000e+02 -2.193133e+00 2.906096e-03
3.390000e+02 -3.990959e+00 5.169755e-03
3.390000e+02 -3.989862e+00 5.186983e-03
3.390000e+02 -3.994196e+00 5.172235e-03
3.390000e+02 -3.993596e+00 5.103647e-03
3.390000e+02 -3.999737e+00 5.137532e-03
3.390000e+02 -3.995371e+00 5.173425e-03
3.390000e+02 -3.982194e+00 5.152115e-03
3.390000e+02 -3.994579e+00 5.157510e-03
3.390000e+02 -3.993622e+00 5.150623e-03
3.390000e+02 -4.000963e+00 5.147508e-03
3.400000e+02 -7.770674e+00 9.818884e-03
3.400000e+02 -7.781254e+00 9.787306e-03
3.400000e+02 -7.800515e+00 9.922265e-03
3.400000e+02 -7.783419e+00 9.781269e-03
3.400000e+02 -7.791199e+00 9.823272e-03
3.400000e+02 -7.792027e+00 9.794342e-03
3.400000e+02 -7.790538e+00 9.839539e-03
3.400000e+02 -7.781294e+00 9.762786e-03
3.400000e+02 -7.797136e+00 9.800990e-03
3.400000e+02 -7.796927e+00 9.780928e-03
3.402000e+02 -8.973124e+00 1.133230e-02
3.402000e+02 -8.983356e+00 1.144571e-02
3.402000e+02 -8.975400e+00 1.129895e-02
3.402000e+02 -8.989186e+00 1.126695e-02
3.402000e+02 -8.993217e+00 1.128952e-02
3.402000e+02 -8.977601e+00 1.134619e-02
3.402000e+02 -9.005961e+00 1.140314e-02
3.402000e+02 -8.980120e+00 1.129952e-02
3.402000e+02 -8.968620e+00 1.140190e-02
3.402000e+02 -8.988042e+00 1.127025e-02
3.404000e+02 -1.041629e+01 1.304397e-02
3.404000e+02 -1.041893e+01 1.312137e-02
3.404000e+02 -1.041234e+01 1.308099e-02
3.404000e+02 -1.038685e+01 1.305059e-02
3.404000e+02 -1.039636e+01 1.310227e-02
3.404000e+02 -1.042216e+01 1.298681e-02
3.404000e+02 -1.040685e+01 1.376497e-02
3.404000e+02 -1.041286e+01 1.320975e-02
3.404000e+02 -1.041652e+01 1.312343e-02
3.404000e+02 -1.037905e+01 1.313234e-02
3.406000e+02 -1.211225e+01 1.506318e-02
3.406000e+02 -1.207805e+01 1.510059e-02
3.406000e+02 -1.209322e+01 1.525552e-02
3.406000e+02 -1.212462e+01 1.494487e-02
3.406000e+02 -1.213419e+01 1.505669e-02
3.406000e+02 -1.213029e+01 1.535720e-02
3.406000e+02 -1.209025e+01 1.511221e-02
3.406000e+02 -1.213614e+01 1.533952e-02
3.406000e+02 -1.212023e+01 1.507512e-02
3.406000e+02 -1.209254e+01 1.512414e-02
3.408000e+02 -1.414069e+01 1.790936e-02
3.408000e+02 -1.412995e+01 1.775480e-02
3.408000e+02 0.000000e+00 0.000000e+00
3.408000e+02 -1.415127e+01 1.751895e-02
3.408000e+02 -1.412733e+01 1.743959e-02
3.408000e+02 -1.417324e+01 1.768973e-02
3.408000e+02 -1.413949e+01 1.762536e-02
3.408000e+02 -1.412858e+01 1.756628e-02
3.408000e+02 -1.415635e+01 1.762551e-02
3.408000e+02 -1.415207e+01 1.751689e-02
3.410000e+02 -1.660869e+01 2.044403e-02
3.410000e+02 -1.659605e+01 2.053298e-02
3.410000e+02 -1.659124e+01 2.044930e-02
3.410000e+02 -1.658704e+01 2.054669e-02
3.410000e+02 -1.660939e+01 2.063847e-02
3.410000e+02 -1.660370e+01 2.055309e-02
3.410000e+02 -1.658328e+01 2.047782e-02
3.410000e+02 -1.658737e+01 2.061158e-02
3.410000e+02 -1.659718e+01 2.060541e-02
3.410000e+02 -1.661572e+01 2.042331e-02
3.412000e+02 -1.953853e+01 2.407355e-02
3.412000e+02 -1.955833e+01 2.432233e-02
3.412000e+02 -1.956656e+01 2.403299e-02
3.412000e+02 -1.955165e+01 2.457533e-02
3.412000e+02 -1.956911e+01 2.439369e-02
3.412000e+02 -1.957156e+01 2.431152e-02
3.412000e+02 -1.949592e+01 2.618535e-02
3.412000e+02 -1.958414e+01 2.419982e-02
3.412000e+02 -1.959343e+01 2.400733e-02
3.412000e+02 0.000000e+00 0.000000e+00
3.414000e+02 -2.309200e+01 2.833744e-02
3.414000e+02 -2.315101e+01 2.877550e-02
3.414000e+02 -2.311421e+01 2.870331e-02
3.414000e+02 -2.314614e+01 2.863915e-02
3.414000e+02 -2.314753e+01 2.877004e-02
3.414000e+02 -2.315483e+01 2.866971e-02
3.414000e+02 -2.316583e+01 2.874178e-02
3.414000e+02 -2.317202e+01 2.857501e-02
3.414000e+02 -2.312514e+01 2.835120e-02
3.416000e+02 -2.757848e+01 3.340029e-02
3.416000e+02 -2.747703e+01 3.402051e-02
3.416000e+02 -2.748322e+01 3.390011e-02
3.416000e+02 -2.749157e+01 3.404407e-02
3.416000e+02 -2.744145e+01 3.378661e-02
3.416000e+02 -2.752376e+01 3.387928e-02
3.416000e+02 -2.754543e+01 3.367230e-02
3.416000e+02 -2.754053e+01 3.415996e-02
3.416000e+02 -2.751575e+01 3.441677e-02
3.416000e+02 -2.751022e+01 3.394325e-02
3.418000e+02 -3.288703e+01 4.000053e-02
3.418000e+02 -3.282617e+01 4.022795e-02
3.418000e+02 -3.282090e+01 4.003971e-02
3.418000e+02 -3.284524e+01 4.046414e-02
3.418000e+02 -3.286559e+01 4.018076e-02
3.418000e+02 0.000000e+00 0.000000e+00
3.418000e+02 -3.285961e+01 4.005084e-02
3.418000e+02 -3.278147e+01 4.045824e-02
3.418000e+02 -3.283120e+01 3.952757e-02
3.418000e+02 -3.285359e+01 4.001228e-02
3.420000e+02 -3.922006e+01 4.910243e-02
3.420000e+02 -3.925375e+01 4.810468e-02
3.420000e+02 -3.921375e+01 4.822346e-02
3.420000e+02 -3.923278e+01 4.758348e-02
3.420000e+02 -3.931018e+01 4.881841e-02
3.420000e+02 -3.926463e+01 4.852854e-02
3.420000e+02 -3.931452e+01 4.822011e-02
3.420000e+02 -3.924895e+01 4.783164e-02
3.420000e+02 -3.930948e+01 4.858937e-02
3.420000e+02 -3.927125e+01 4.840546e-02
3.422000e+02 -4.705135e+01 5.860395e-02
3.422000e+02 -4.709610e+01 5.826442e-02
3.422000e+02 -4.712089e+01 5.807170e-02
3.422000e+02 -4.719667e+01 5.810264e-02
3.422000e+02 -4.701526e+01 5.841621e-02
3.422000e+02 -4.709622e+01 5.762361e-02
3.422000e+02 -4.703399e+01 5.805491e-02
3.422000e+02 -4.709587e+01 5.763917e-02
3.422000e+02 -4.712379e+01 5.751370e-02
3.422000e+02 -4.710756e+01 5.714398e-02
3.424000e+02 -5.662820e+01 6.939428e-02
3.424000e+02 -5.655265e+01 7.090981e-02
3.424000e+02 -5.661916e+01 6.945690e-02
3.424000e+02 -5.653560e+01 6.989008e-02
3.424000e+02 -5.637510e+01 7.106374e-02
3.424000e+02 -5.652094e+01 6.992779e-02
3.424000e+02 -5.648123e+01 6.937589e-02
3.424000e+02 -5.658472e+01 7.138170e-02
3.424000e+02 -5.667677e+01 7.037698e-02
3.424000e+02 -5.645764e+01 6.964013e-02
3.426000e+02 -6.776054e+01 8.544896e-02
3.426000e+02 -6.771302e+01 8.482707e-02
3.426000e+02 -6.762862e+01 8.497644e-02
3.426000e+02 -6.788015e+01 8.332479e-02
3.426000e+02 -6.770554e+01 8.337612e-02
3.426000e+02 -6.767132e+01 8.326525e-02
3.426000e+02 -6.778393e+01 8.553344e-02
3.426000e+02 -6.779776e+01 8.457105e-02
3.426000e+02 -6.785018e+01 8.523082e-02
3.426000e+02 -6.772682e+01 8.321457e-02
3.428000e+02 -8.101531e+01 1.023340e-01
3.428000e+02 -8.104955e+01 1.010999e-01
3.428000e+02 -8.094690e+01 1.012314e-01
3.428000e+02 -8.106413e+01 1.037288e-01
3.428000e+02 -8.108202e+01 1.018057e-01
3.428000e+02 -8.106947e+01 1.006874e-01
3.428000e+02 -8.101200e+01 1.004903e-01
3.428000e+02 -8.103232e+01 1.019382e-01
3.428000e+02 -8.100835e+01 1.009973e-01
3.428000e+02 -8.092128e+01 9.958062e-02
3.430000e+02 -9.606049e+01 1.226509e-01
3.430000e+02 -9.595845e+01 1.209977e-01
3.430000e+02 -9.599972e+01 1.218516e-01
3.430000e+02 -9.607394e+01 1.188167e-01
3.430000e+02 -9.619715e+01 1.195998e-01
3.430000e+02 -9.597560e+01 1.204461e-01
3.430000e+02 -9.617349e+01 1.214794e-01
3.430000e+02 -9.620781e+01 1.267838e-01
3.430000e+02 -9.579453e+01 1.187803e-01
3.430000e+02 -9.610487e+01 1.216367e-01
3.432000e+02 -1.133962e+02 1.419350e-01
3.432000e+02 -1.134338e+02 1.449969e-01
3.432000e+02 -1.132049e+02 1.463165e-01
3.432000e+02 -1.130793e+02 1.402087e-01
3.432000e+02 -1.133754e+02 1.405487e-01
3.432000e+02 -1.134248e+02 1.450451e-01
3.432000e+02 -1.132498e+02 1.424949e-01
3.432000e+02 -1.134673e+02 1.427410e-01
3.432000e+02 -1.132521e+02 1.441084e-01
3.432000e+02 -1.132333e+02 1.425069e-01
3.434000e+02 -1.322175e+02 1.699153e-01
3.434000e+02 -1.322593e+02 1.704542e-01
3.434000e+02 -1.321580e+02 1.669654e-01
3.434000e+02 -1.320808e+02 1.697693e-01
3.434000e+02 -1.319986e+02 1.670034e-01
3.434000e+02 -1.319926e+02 1.732020e-01
3.434000e+02 -1.320245e+02 1.683435e-01
3.434000e+02 -1.321587e+02 1.660683e-01
3.434000e+02 -1.319884e+02 1.665133e-01
3.434000e+02 -1.321603e+02 1.679587e-01
3.436000e+02 -1.508683e+02 1.946089e-01
3.436000e+02 -1.506971e+02 1.946317e-01
3.436000e+02 -1.513541e+02 1.924182e-01
3.436000e+02 -1.510153e+02 1.951272e-01
3.436000e+02 -1.508798e+02 1.935884e-01
3.436000e+02 -1.509251e+02 1.928844e-01
3.436000e+02 -1.510346e+02 1.927657e-01
3.436000e+02 -1.507274e+02 1.947527e-01
3.436000e+02 -1.507293e+02 1.991374e-01
3.438000e+02 -1.679758e+02 2.194586e-01
3.438000e+02 -1.685215e+02 2.187338e-01
3.438000e+02 -1.681533e+02 2.163123e-01
3.438000e+02 -1.680943e+02 2.201748e-01
3.438000e+02 -1.679974e+02 2.195255e-01
3.438000e+02 -1.684397e+02 2.192006e-01
3.438000e+02 -1.680970e+02 2.160286e-01
3.438000e+02 -1.678205e+02 2.181999e-01
3.438000e+02 -1.677540e+02 2.197441e-01
3.438000e+02 -1.683511e+02 2.163898e-01
3.440000e+02 -1.814918e+02 2.395785e-01
3.440000e+02 -1.813585e+02 2.399138e-01
3.440000e+02 -1.810032e+02 2.384498e-01
3.440000e+02 -1.813222e+02 2.371535e-01
3.440000e+02 -1.813115e+02 2.381414e-01
3.440000e+02 -1.812761e+02 2.423023e-01
3.440000e+02 -1.812488e+02 2.362275e-01
3.440000e+02 -1.814232e+02 2.392839e-01
3.440000e+02 -1.811898e+02 2.374018e-01
3.440000e+02 -1.814630e+02 2.365329e-01
3.442000e+02 -1.900622e+02 2.490949e-01
3.442000e+02 -1.896322e+02 2.530633e-01
3.442000e+02 -1.896874e+02 2.538458e-01
3.442000e+02 -1.896486e+02 2.483776e-01
3.442000e+02 -1.861924e+02 2.561932e-01
3.442000e+02 -1.893594e+02 2.573847e-01
3.442000e+02 -1.894765e+02 2.488495e-01
3.442000e+02 -1.895818e+02 2.540793e-01
3.442000e+02 -1.894907e+02 2.443320e-01
3.442000e+02 -1.893389e+02 2.548252e-01
3.444000e+02 -1.930866e+02 2.623480e-01
3.444000e+02 -1.933511e+02 2.542030e-01
3.444000e+02 -1.935313e+02 2.588212e-01
3.444000e+02 -1.936440e+02 2.578468e-01
3.444000e+02 -1.932751e+02 2.606669e-01
3.444000e+02 -1.937553e+02 2.633952e-01
3.444000e+02 -1.936273e+02 2.578312e-01
3.444000e+02 -1.933743e+02 2.518959e-01
3.444000e+02 -1.937684e+02 2.593145e-01
3.444000e+02 -1.930014e+02 2.497283e-01
3.446000e+02 -1.934954e+02 2.625920e-01
3.446000e+02 -1.937794e+02 2.582965e-01
3.446000e+02 -1.939756e+02 2.601276e-01
3.446000e+02 -1.938883e+02 2.602323e-01
3.446000e+02 -1.940656e+02 2.648166e-01
3.446000e+02 -1.938748e+02 2.566236e-01
3.446000e+02 -1.942003e+02 2.675918e-01
3.446000e+02 -1.942872e+02 2.553080e-01
3.446000e+02 -1.939136e+02 2.613646e-01
3.446000e+02 -1.939583e+02 2.630202e-01
3.448000e+02 -1.928806e+02 2.624246e-01
3.448000e+02 -1.931225e+02 2.581717e-01
3.448000e+02 -1.926604e+02 2.632774e-01
3.448000e+02 -1.927894e+02 2.608357e-01
3.448000e+02 -1.931411e+02 2.608345e-01
3.448000e+02 -1.883809e+02 2.607819e-01
3.448000e+02 -1.930210e+02 2.590265e-01
3.448000e+02 -1.927062e+02 2.561083e-01
3.448000e+02 -1.928065e+02 2.603470e-01
3.448000e+02 -1.929729e+02 2.632429e-01
3.450000e+02 -1.920939e+02 2.581257e-01
3.450000e+02 -1.921418e+02 2.608418e-01
3.450000e+02 -1.919819e+02 2.570173e-01
3.450000e+02 -1.918629e+02 2.602159e-01
3.450000e+02 -1.917124e+02 2.584519e-01
3.450000e+02 -1.921688e+02 2.599717e-01
3.450000e+02 -1.921879e+02 2.728096e-01
3.450000e+02 -1.924769e+02 2.560503e-01
3.450000e+02 -1.919892e+02 2.563167e-01
3.450000e+02 -1.921232e+02 2.629839e-01
3.452000e+02 -1.922778e+02 2.562055e-01
3.452000e+02 -1.927259e+02 2.591460e-01
3.452000e+02 -1.919787e+02 2.568914e-01
3.452000e+02 -1.923374e+02 2.599907e-01
3.452000e+02 -1.920568e+02 2.634344e-01
3.452000e+02 -1.922823e+02 2.605030e-01
3.452000e+02 -1.923303e+02 2.644599e-01
3.452000e+02 -1.921353e+02 2.597093e-01
3.454000e+02 -1.925719e+02 2.588057e-01
3.454000e+02 -1.932504e+02 2.613482e-01
3.454000e+02 -1.934596e+02 2.608219e-01
3.454000e+02 -1.929324e+02 2.664072e-01
3.454000e+02 -1.936385e+02 2.565972e-01
3.454000e+02 -1.930173e+02 2.612853e-01
3.454000e+02 -1.934565e+02 2.567153e-01
3.454000e+02 -1.926764e+02 2.618927e-01
3.454000e+02 -1.931719e+02 2.632189e-01
3.454000e+02 -1.931184e+02 2.607195e-01
3.456000e+02 -1.951122e+02 2.670794e-01
3.456000e+02 -1.946230e+02 2.670823e-01
3.456000e+02 -1.945491e+02 2.637721e-01
3.456000e+02 -1.944753e+02 2.626643e-01
3.456000e+02 -1.941109e+02 2.640256e-01
3.456000e+02 -1.947828e+02 2.674237e-01
3.456000e+02 -1.944170e+02 2.628840e-01
3.456000e+02 -1.950742e+02 2.616701e-01
3.456000e+02 -1.948777e+02 2.667284e-01
3.456000e+02 -1.943661e+02 2.615324e-01
3.458000e+02 -1.966530e+02 2.661185e-01
3.458000e+02 -1.961624e+02 2.697000e-01
3.458000e+02 -1.959348e+02 2.635049e-01
3.458000e+02 -1.961534e+02 2.699294e-01
3.458000e+02 -1.964545e+02 2.657529e-01
3.458000e+02 -1.958825e+02 2.700518e-01
3.458000e+02 -1.959092e+02 2.710071e-01
3.458000e+02 -1.961423e+02 2.633784e-01
3.458000e+02 0.000000e+00 0.000000e+00
3.458000e+02 -1.963913e+02 2.622036e-01
3.460000e+02 -1.976330e+02 2.724363e-01
3.460000e+02 -1.977040e+02 2.695950e-01
3.460000e+02 -1.978387e+02 2.674677e-01
3.460000e+02 -1.980737e+02 2.684199e-01
3.460000e+02 -1.977723e+02 2.700792e-01
3.460000e+02 -1.974614e+02 2.682812e-01
3.460000e+02 -1.977742e+02 2.690956e-01
3.460000e+02 -1.978117e+02 2.697755e-01
3.460000e+02 -1.975085e+02 2.704103e-01
3.460000e+02 -1.975107e+02 2.646352e-01
3.462000e+02 -1.988400e+02 2.609232e-01
3.462000e+02 -1.990913e+02 2.703020e-01
3.462000e+02 -1.989323e+02 2.701919e-01
3.462000e+02 -1.992514e+02 2.637052e-01
3.462000e+02 -1.992456e+02 2.645275e-01
3.462000e+02 -1.988042e+02 2.680547e-01
3.462000e+02 -1.994241e+02 2.656128e-01
3.462000e+02 -1.993483e+02 2.671304e-01
3.462000e+02 -1.993205e+02 2.669576e-01
3.464000e+02 -2.000647e+02 2.677343e-01
3.464000e+02 -1.995686e+02 2.690664e-01
3.464000e+02 -2.000484e+02 2.696140e-01
3.464000e+02 -1.999627e+02 2.708329e-01
3.464000e+02 -1.996970e+02 2.685648e-01
3.464000e+02 -1.997757e+02 2.690904e-01
3.464000e+02 -1.999803e+02 2.763428e-01
3.464000e+02 -2.001996e+02 2.708454e-01
3.464000e+02 -1.998861e+02 2.727555e-01
3.464000e+02 -2.004363e+02 2.680972e-01
3.466000e+02 -1.999034e+02 2.736113e-01
3.466000e+02 -2.001893e+02 2.726348e-01
3.466000e+02 -2.003076e+02 2.685921e-01
3.466000e+02 -1.998958e+02 2.711839e-01
3.466000e+02 -1.997635e+02 2.729409e-01
3.466000e+02 -1.995467e+02 2.743548e-01
3.466000e+02 -1.997669e+02 2.737866e-01
3.466000e+02 -1.997527e+02 2.758060e-01
3.466000e+02 -1.997770e+02 2.726788e-01
3.466000e+02 -1.999690e+02 2.700735e-01
3.468000e+02 -1.994864e+02 2.736799e-01
3.468000e+02 -1.993355e+02 2.754374e-01
3.468000e+02 -1.988597e+02 2.768220e-01
3.468000e+02 -1.994581e+02 2.772164e-01
3.468000e+02 -2.001271e+02 2.787003e-01
3.468000e+02 -1.994445e+02 2.774009e-01
3.468000e+02 -1.993218e+02 2.702901e-01
3.468000e+02 -1.997682e+02 2.802314e-01
3.470000e+02 -1.981571e+02 2.719413e-01
3.470000e+02 -1.979450e+02 2.804306e-01
3.470000e+02 -1.981949e+02 2.767521e-01
3.470000e+02 -1.984347e+02 2.734826e-01
3.470000e+02 -1.985112e+02 2.805238e-01
3.470000e+02 -1.985514e+02 2.818212e-01
3.470000e+02 -1.979486e+02 2.793537e-01
3.470000e+02 -1.982912e+02 2.802782e-01
3.470000e+02 -1.979963e+02 2.784668e-01
3.470000e+02 -1.982742e+02 2.805198e-01
3.472000e+02 -1.963776e+02 2.796679e-01
3.472000e+02 -1.967414e+02 2.764613e-01
3.472000e+02 -1.963908e+02 2.828186e-01
3.472000e+02 -1.961797e+02 2.797649e-01
3.472000e+02 -1.962299e+02 2.831472e-01
3.472000e+02 -1.961035e+02 2.869993e-01
3.472000e+02 -1.964588e+02 2.816452e-01
3.472000e+02 -1.964456e+02 2.757791e-01
3.472000e+02 -1.965010e+02 2.826762e-01
3.472000e+02 -1.964671e+02 2.814661e-01
3.474000e+02 -1.942298e+02 2.833802e-01
3.474000e+02 -1.936422e+02 2.850130e-01
3.474000e+02 -1.938738e+02 2.817868e-01
3.474000e+02 -1.940553e+02 2.852533e-01
3.474000e+02 -1.940963e+02 2.851008e-01
3.474000e+02 -1.941881e+02 2.830657e-01
3.474000e+02 -1.940943e+02 2.843633e-01
3.474000e+02 -1.935878e+02 2.792028e-01
3.474000e+02 -1.937510e+02 2.861196e-01
3.474000e+02 -1.936760e+02 2.818812e-01
3.476000e+02 -1.911077e+02 2.838208e-01
3.476000e+02 -1.905176e+02 2.845420e-01
3.476000e+02 -1.905488e+02 2.874629e-01
3.476000e+02 -1.905276e+02 2.829508e-01
3.476000e+02 -1.911941e+02 2.862464e-01
3.476000e+02 -1.904264e+02 2.811186e-01
3.476000e+02 -1.907582e+02 2.817343e-01
3.476000e+02 -1.905890e+02 2.823275e-01
3.476000e+02 -1.910793e+02 2.822265e-01
3.478000e+02 -1.872798e+02 2.808614e-01
3.478000e+02 -1.879625e+02 2.810881e-01
3.478000e+02 -1.875014e+02 2.845812e-01
3.478000e+02 -1.875408e+02 2.845486e-01
3.478000e+02 -1.870568e+02 2.792664e-01
3.478000e+02 -1.872066e+02 2.840632e-01
3.478000e+02 -1.871801e+02 2.876204e-01
3.478000e+02 -1.878358e+02 2.851493e-01
3.478000e+02 -1.875234e+02 2.812784e-01
3.478000e+02 -1.871547e+02 2.825603e-01
3.480000e+02 -1.837486e+02 2.804499e-01
3.480000e+02 -1.840557e+02 2.793472e-01
3.480000e+02 -1.831040e+02 2.845405e-01
3.480000e+02 -1.839733e+02 2.855946e-01
3.480000e+02 -1.835519e+02 2.788051e-01
3.480000e+02 -1.835610e+02 2.876116e-01
3.480000e+02 -1.835756e+02 2.840417e-01
3.480000e+02 -1.828827e+02 2.798368e-01
3.480000e+02 -1.832834e+02 2.892441e-01
3.482000e+02 -1.795046e+02 2.783978e-01
3.482000e+02 -1.788814e+02 2.791744e-01
3.482000e+02 -1.792268e+02 2.789898e-01
3.482000e+02 -1.793937e+02 2.822863e-01
3.482000e+02 -1.792459e+02 2.774296e-01
3.482000e+02 -1.794402e+02 2.816163e-01
3.482000e+02 -1.793204e+02 2.796270e-01
3.482000e+02 -1.789679e+02 2.807116e-01
3.482000e+02 -1.790333e+02 2.781474e-01
3.482000e+02 -1.792322e+02 2.820002e-01
3.484000e+02 -1.747103e+02 2.760241e-01
3.484000e+02 -1.750798e+02 2.792674e-01
3.484000e+02 -1.750350e+02 2.749083e-01
3.484000e+02 -1.748338e+02 2.758650e-01
3.484000e+02 -1.748917e+02 2.791842e-01
3.484000e+02 -1.748419e+02 2.750157e-01
3.484000e+02 -1.743708e+02 2.816235e-01
3.484000e+02 -1.744784e+02 2.793388e-01
3.484000e+02 -1.747336e+02 2.774870e-01
3.484000e+02 -1.747530e+02 2.798997e-01
3.486000e+02 -1.695203e+02 2.725807e-01
3.486000e+02 -1.700707e+02 2.760463e-01
3.486000e+02 -1.702218e+02 2.749769e-01
3.486000e+02 -1.697261e+02 2.743041e-01
3.486000e+02 -1.695434e+02 2.706370e-01
3.486000e+02 -1.701055e+02 2.767407e-01
3.486000e+02 -1.697518e+02 2.797253e-01
3.488000e+02 -1.650799e+02 2.695135e-01
3.488000e+02 -1.650833e+02 2.730450e-01
3.488000e+02 -1.653290e+02 2.746784e-01
3.488000e+02 -1.647627e+02 2.705335e-01
3.488000e+02 -1.647434e+02 2.725165e-01
3.488000e+02 -1.651915e+02 2.700534e-01
3.488000e+02 -1.651098e+02 2.695706e-01
3.488000e+02 -1.659723e+02 2.674963e-01
3.488000e+02 -1.649230e+02 2.735690e-01
3.488000e+02 -1.651299e+02 2.679491e-01
3.490000e+02 -1.600908e+02 2.700281e-01
3.490000e+02 -1.597979e+02 2.638613e-01
3.490000e+02 -1.603635e+02 2.673344e-01
3.490000e+02 -1.597575e+02 2.671097e-01
3.490000e+02 -1.599131e+02 2.675406e-01
3.490000e+02 -1.603519e+02 2.659405e-01
3.490000e+02 -1.603658e+02 2.649998e-01
3.490000e+02 -1.604186e+02 2.657827e-01
3.490000e+02 -1.602505e+02 2.671305e-01
3.490000e+02 -1.603606e+02 2.677036e-01
3.492000e+02 -1.547648e+02 2.662553e-01
3.492000e+02 -1.551651e+02 2.664010e-01
3.492000e+02 -1.550465e+02 2.618297e-01
3.492000e+02 -1.546617e+02 2.687073e-01
3.492000e+02 -1.545780e+02 2.627151e-01
3.492000e+02 -1.548664e+02 2.591768e-01
3.492000e+02 -1.542588e+02 2.633050e-01
3.492000e+02 -1.552647e+02 2.578326e-01
3.492000e+02 -1.552533e+02 2.626721e-01
3.494000e+02 -1.495704e+02 2.556562e-01
3.494000e+02 -1.500138e+02 2.525015e-01
3.494000e+02 -1.493324e+02 2.604788e-01
3.494000e+02 -1.498075e+02 2.578241e-01
3.494000e+02 -1.502349e+02 2.595216e-01
3.494000e+02 -1.499513e+02 2.558457e-01
3.494000e+02 -1.500271e+02 2.551922e-01
3.494000e+02 -1.497302e+02 2.534103e-01
3.494000e+02 -1.494912e+02 2.607702e-01
3.494000e+02 -1.498946e+02 2.585195e-01
3.496000e+02 -1.441797e+02 2.504493e-01
3.496000e+02 -1.442432e+02 2.532001e-01
3.496000e+02 -1.443578e+02 2.464101e-01
3.496000e+02 -1.446574e+02 2.527572e-01
3.496000e+02 -1.440787e+02 2.493107e-01
3.496000e+02 -1.443668e+02 2.535480e-01
3.496000e+02 -1.442786e+02 2.524766e-01
3.496000e+02 -1.437636e+02 2.471509e-01
3.496000e+02 -1.446949e+02 2.495270e-01
3.496000e+02 -1.444759e+02 2.500714e-01
3.498000e+02 -1.390143e+02 2.454418e-01
3.498000e+02 -1.392290e+02 2.420733e-01
3.498000e+02 -1.391896e+02 2.444910e-01
3.498000e+02 -1.391775e+02 2.451577e-01
3.498000e+02 -1.389793e+02 2.450263e-01
3.498000e+02 -1.388691e+02 2.453579e-01
3.498000e+02 -1.393549e+02 2.479639e-01
3.498000e+02 -1.390479e+02 2.426681e-01
3.498000e+02 -1.393631e+02 2.464401e-01
3.498000e+02 -1.388416e+02 2.484319e-01
3.500000e+02 -1.339866e+02 2.402825e-01
3.500000e+02 -1.339445e+02 2.361765e-01
3.500000e+02 -1.339787e+02 2.408424e-01
3.500000e+02 -1.340738e+02 2.380361e-01
3.500000e+02 -1.342871e+02 2.359337e-01
3.500000e+02 -1.339938e+02 2.381182e-01
3.500000e+02 -1.342249e+02 2.377303e-01
3.500000e+02 -1.342574e+02 2.390107e-01
3.500000e+02 -1.339469e+02 2.344722e-01
3.510000e+02 -1.086517e+02 2.060249e-01
3.510000e+02 -1.085491e+02 2.076666e-01
3.510000e+02 -1.085406e+02 2.061857e-01
3.510000e+02 -1.088567e+02 2.061917e-01
3.510000e+02 -1.084861e+02 2.062604e-01
3.510000e+02 -1.089106e+02 2.080712e-01
3.510000e+02 -1.084433e+02 2.056175e-01
3.510000e+02 -1.085948e+02 2.066389e-01
3.510000e+02 -1.085303e+02 2.068530e-01
3.510000e+02 -1.088420e+02 2.083350e-01
3.520000e+02 -8.616488e+01 1.728635e-01
3.520000e+02 -8.645104e+01 1.726826e-01
3.520000e+02 -8.610740e+01 1.732635e-01
3.520000e+02 -8.565056e+01 1.716269e-01
3.520000e+02 -8.616824e+01 1.725375e-01
3.520000e+02 -8.588694e+01 1.713117e-01
3.520000e+02 -8.583365e+01 1.710255e-01
3.520000e+02 -8.618080e+01 1.743482e-01
3.520000e+02 -8.597034e+01 1.732597e-01
3.520000e+02 -8.609594e+01 1.691578e-01
3.530000e+02 -6.664719e+01 1.405897e-01
3.530000e+02 -6.687895e+01 1.396579e-01
3.530000e+02 -6.672047e+01 1.414215e-01
3.530000e+02 -6.673632e+01 1.401219e-01
3.530000e+02 -6.673233e+01 1.411244e-01
3.530000e+02 -6.676549e+01 1.411605e-01
3.530000e+02 -6.680004e+01 1.419979e-01
3.530000e+02 -6.682624e+01 1.403991e-01
3.530000e+02 -6.675538e+01 1.404630e-01
3.530000e+02 -6.687038e+01 1.423434e-01
3.540000e+02 -5.077416e+01 1.122454e-01
3.540000e+02 -5.085158e+01 1.124027e-01
3.540000e+02 -5.072020e+01 1.119352e-01
3.540000e+02 -5.087184e+01 1.106666e-01
3.540000e+02 -5.114757e+01 1.115100e-01
3.540000e+02 -5.074453e+01 1.122741e-01
3.540000e+02 -5.080948e+01 1.120379e-01
3.540000e+02 -5.090127e+01 1.113319e-01
3.540000e+02 -5.098626e+01 1.119269e-01
3.540000e+02 -5.102757e+01 1.115537e-01
3.550000e+02 -3.802627e+01 8.758022e-02
3.550000e+02 -3.814470e+01 8.710641e-02
3.550000e+02 -3.818363e+01 8.768607e-02
3.550000e+02 -3.823951e+01 8.773923e-02
3.550000e+02 -3.817142e+01 8.837379e-02
3.550000e+02 -3.833489e+01 8.694574e-02
3.550000e+02 -3.823677e+01 8.780101e-02
3.550000e+02 -3.821001e+01 8.736053e-02
3.550000e+02 -3.805475e+01 8.763004e-02
3.550000e+02 -3.805845e+01 8.651927e-02
3.560000e+02 -2.794916e+01 6.662852e-02
3.560000e+02 -2.805100e+01 6.724262e-02
3.560000e+02 -2.807127e+01 6.672499e-02
3.560000e+02 -2.815263e+01 6.699718e-02
3.560000e+02 -2.801725e+01 6.671972e-02
3.560000e+02 -2.801445e+01 6.611295e-02
3.560000e+02 -2.822380e+01 6.617984e-02
3.560000e+02 -2.799565e+01 6.689177e-02
3.560000e+02 -2.817395e+01 6.656868e-02
3.560000e+02 -2.811273e+01 6.704959e-02
3.570000e+02 -2.035698e+01 5.017468e-02
3.570000e+02 -2.028662e+01 4.944207e-02
3.570000e+02 -2.034340e+01 4.951740e-02
3.570000e+02 -2.032209e+01 4.994366e-02
3.570000e+02 -2.036597e+01 4.938240e-02
3.570000e+02 -2.036157e+01 4.958814e-02
3.570000e+02 -2.032070e+01 4.957641e-02
3.570000e+02 -2.032743e+01 5.001968e-02
3.570000e+02 -2.037400e+01 4.979360e-02
3.570000e+02 -2.044821e+01 4.993768e-02
3.580000e+02 -1.445702e+01 3.695614e-02
3.580000e+02 -1.444510e+01 3.621665e-02
3.580000e+02 -1.442137e+01 3.640659e-02
3.580000e+02 -1.447504e+01 3.640771e-02
3.580000e+02 -1.448766e+01 3.614227e-02
3.580000e+02 -1.446468e+01 3.635451e-02
3.580000e+02 -1.449853e+01 3.632572e-02
3.580000e+02 -1.444368e+01 3.660546e-02
3.580000e+02 -1.450170e+01 3.630719e-02
3.580000e+02 -1.444200e+01 3.615903e-02
3.590000e+02 -1.003233e+01 2.594116e-02
3.590000e+02 -9.994634e+00 2.609644e-02
3.590000e+02 -1.010223e+01 2.568756e-02
3.590000e+02 -1.001387e+01 2.543337e-02
3.590000e+02 -1.008283e+01 2.618913e-02
3.590000e+02 -1.005750e+01 2.584355e-02
3.590000e+02 -1.002716e+01 2.573927e-02
3.590000e+02 -1.006368e+01 2.608267e-02
3.590000e+02 -1.007063e+01 2.576146e-02
3.600000e+02 -6.845337e+00 1.818656e-02
3.600000e+02 -6.855120e+00 1.809046e-02
3.600000e+02 -6.816756e+00 1.814603e-02
3.600000e+02 -6.853725e+00 1.814055e-02
3.600000e+02 -6.860045e+00 1.800687e-02
3.600000e+02 -6.839898e+00 1.810306e-02
3.650000e+02 -5.520699e-01 1.631678e-03
3.650000e+02 -5.503274e-01 1.640868e-03
3.650000e+02 -5.524156e-01 1.628107e-03
3.650000e+02 -5.529984e-01 1.634930e-03
3.650000e+02 -5.560657e-01 1.630466e-03
3.650000e+02 -5.517092e-01 1.647796e-03
3.650000e+02 -5.503761e-01 1.649739e-03
3.700000e+02 -1.308888e-03 4.236921e-06
3.700000e+02 -1.299699e-03 4.195035e-06
3.700000e+02 -1.303098e-03 4.166227e-06
3.700000e+02 -1.301730e-03 4.280726e-06
3.700000e+02 -1.295647e-03 4.257187e-06
3.700000e+02 -1.305626e-03 4.245102e-06
3.700000e+02 -1.307465e-03 4.220227e-06
3.700000e+02 -1.311245e-03 4.211668e-06
3.700000e+02 -1.301749e-03 4.241731e-06
3.750000e+02 -3.214694e-18 1.145148e-20
3.750000e+02 -3.202588e-18 1.142597e-20
3.750000e+02 -3.213988e-18 1.139763e-20
3.750000e+02 -3.221000e-18 1.159344e-20
3.750000e+02 -3.199697e-18 1.123741e-20
3.750000e+02 -3.186278e-18 1.131013e-20
3.750000e+02 -3.194031e-18 1.151350e-20
3.750000e+02 -3.218318e-18 1.131426e-20
3.750000e+02 -3.187619e-18 1.168157e-20
3.800000e+02 -2.932224e-18 1.093883e-20
3.800000e+02 -2.934835e-18 1.097849e-20
3.800000e+02 -2.952301e-18 1.084324e-20
3.800000e+02 -2.907893e-18 1.098505e-20
3.800000e+02 -2.916410e-18 1.103510e-20
3.800000e+02 -2.916999e-18 1.089075e-20
3.800000e+02 -2.947284e-18 1.100934e-20
3.800000e+02 -2.914706e-18 1.108343e-20
3.800000e+02 -2.935180e-18 1.109449e-20
3.800000e+02 -2.924700e-18 1.098569e-20
3.850000e+02 -2.643463e-18 1.045527e-20
3.850000e+02 -2.647476e-18 1.023021e-20
3.850000e+02 -2.636037e-18 1.029471e-20
3.850000e+02 -2.652253e-18 1.023600e-20
3.850000e+02 -2.654003e-18 1.001420e-20
3.850000e+02 -2.633388e-18 1.027503e-20
3.850000e+02 -2.636169e-18 1.035157e-20
3.850000e+02 -2.631549e-18 1.022107e-20
3.850000e+02 -2.654085e-18 1.025449e-20
3.850000e+02 -2.647853e-18 1.009094e-20
