3.250000e+02 -4.000742e-10 1.511077e-12
3.250000e+02 -4.017935e-10 1.505464e-12
3.250000e+02 -4.049483e-10 1.518201e-12
3.250000e+02 -3.989982e-10 1.520748e-12
3.250000e+02 -3.989022e-10 1.520687e-12
3.250000e+02 -3.999551e-10 1.504609e-12
3.250000e+02 -4.016453e-10 1.510031e-12
3.250000e+02 -4.046319e-10 1.504324e-12
3.250000e+02 -4.026638e-10 1.511992e-12
3.250000e+02 -4.028396e-10 1.524049e-12
3.260000e+02 -4.486951e-10 1.617078e-12
3.260000e+02 -4.472612e-10 1.615504e-12
3.260000e+02 -4.475152e-10 1.647616e-12
3.260000e+02 -4.448995e-10 1.645173e-12
3.260000e+02 -4.491836e-10 1.633212e-12
3.260000e+02 -4.485793e-10 1.616299e-12
3.260000e+02 -4.446288e-10 1.640524e-12
3.260000e+02 -4.498633e-10 1.627442e-12
3.260000e+02 -4.476219e-10 1.633850e-12
3.260000e+02 -4.481382e-10 1.628123e-12
3.270000e+02 -5.009314e-10 1.787938e-12
3.270000e+02 -5.006657e-10 1.796402e-12
3.270000e+02 -5.020360e-10 1.762599e-12
3.270000e+02 -5.006342e-10 1.780011e-12
3.270000e+02 -5.017198e-10 1.765938e-12
3.270000e+02 -5.017565e-10 1.754963e-12
3.270000e+02 -4.996447e-10 1.773438e-12
3.270000e+02 -4.993262e-10 1.780368e-12
3.270000e+02 -4.998265e-10 1.773967e-12
3.270000e+02 -4.983828e-10 1.778044e-12
3.280000e+02 -5.583697e-10 1.930529e-12
3.280000e+02 -5.571691e-10 1.920526e-12
3.280000e+02 -5.610723e-10 1.931011e-12
3.280000e+02 -5.608981e-10 1.941822e-12
3.280000e+02 -5.616495e-10 1.915782e-12
3.280000e+02 -5.598370e-10 1.927149e-12
3.280000e+02 -5.627463e-10 1.939289e-12
3.280000e+02 -5.577592e-10 1.922887e-12
3.280000e+02 -5.617207e-10 1.904336e-12
3.280000e+02 -5.602817e-10 1.917023e-12
3.290000e+02 1.231505e-03 4.210694e-06
3.290000e+02 1.236108e-03 4.262173e-06
3.290000e+02 1.222736e-03 4.283511e-06
3.290000e+02 1.226638e-03 4.235956e-06
3.290000e+02 1.232847e-03 4.247585e-06
3.290000e+02 1.226229e-03 4.200205e-06
3.290000e+02 1.230429e-03 4.222964e-06
3.290000e+02 1.225865e-03 4.229908e-06
3.290000e+02 1.225614e-03 4.224072e-06
3.290000e+02 1.218418e-03 4.228887e-06
3.300000e+02 1.639167e-02 5.411938e-05
3.300000e+02 1.639647e-02 5.406185e-05
3.300000e+02 1.639029e-02 5.293539e-05
3.300000e+02 1.627054e-02 5.409815e-05
3.300000e+02 1.628818e-02 5.461094e-05
3.300000e+02 1.637051e-02 5.360758e-05
3.300000e+02 1.645846e-02 5.369623e-05
3.300000e+02 1.650913e-02 5.369279e-05
3.300000e+02 1.640866e-02 5.430055e-05
3.300000e+02 1.640557e-02 5.378905e-05
3.310000e+02 5.785777e-02 1.789677e-04
3.310000e+02 5.784412e-02 1.776674e-04
3.310000e+02 5.835046e-02 1.774771e-04
3.310000e+02 5.803627e-02 1.783113e-04
3.310000e+02 5.810055e-02 1.780125e-04
3.310000e+02 5.801949e-02 1.797843e-04
3.310000e+02 5.815276e-02 1.777894e-04
3.310000e+02 5.840388e-02 1.803427e-04
3.310000e+02 5.815696e-02 1.790583e-04
3.310000e+02 5.796061e-02 1.768606e-04
3.320000e+02 1.467004e-01 4.249013e-04
3.320000e+02 1.473553e-01 4.234321e-04
3.320000e+02 1.470669e-01 4.252207e-04
3.320000e+02 1.471242e-01 4.236997e-04
3.320000e+02 1.469607e-01 4.233736e-04
3.320000e+02 1.479219e-01 4.182224e-04
3.320000e+02 1.465113e-01 4.219532e-04
3.320000e+02 1.476516e-01 4.230402e-04
3.320000e+02 1.471701e-01 4.195813e-04
3.320000e+02 1.480577e-01 4.218037e-04
3.330000e+02 3.244421e-01 8.650253e-04
3.330000e+02 3.234596e-01 8.641937e-04
3.330000e+02 3.240327e-01 8.639865e-04
3.330000e+02 3.235744e-01 8.652663e-04
3.330000e+02 3.230333e-01 8.591339e-04
3.330000e+02 3.227396e-01 8.579890e-04
3.330000e+02 3.241565e-01 8.605549e-04
3.330000e+02 3.243254e-01 8.471974e-04
3.330000e+02 3.227329e-01 8.603272e-04
3.330000e+02 3.230373e-01 8.624421e-04
3.340000e+02 6.609069e-01 1.638916e-03
3.340000e+02 6.604790e-01 1.637318e-03
3.340000e+02 6.607039e-01 1.634331e-03
3.340000e+02 6.640137e-01 1.621342e-03
3.340000e+02 6.610322e-01 1.629060e-03
3.340000e+02 6.626412e-01 1.647317e-03
3.340000e+02 6.599738e-01 1.626056e-03
3.340000e+02 6.624902e-01 1.636114e-03
3.340000e+02 6.603984e-01 1.628448e-03
3.340000e+02 6.639316e-01 1.646437e-03
3.350000e+02 1.304449e+00 2.982036e-03
3.350000e+02 1.300400e+00 3.034712e-03
3.350000e+02 1.294657e+00 3.038053e-03
3.350000e+02 1.302114e+00 3.030094e-03
3.350000e+02 1.296309e+00 3.066324e-03
3.350000e+02 1.297164e+00 3.032213e-03
3.350000e+02 1.298141e+00 3.021743e-03
3.350000e+02 1.300369e+00 3.025658e-03
3.350000e+02 1.301047e+00 3.032570e-03
3.350000e+02 1.299015e+00 3.036400e-03
3.360000e+02 2.523241e+00 5.566554e-03
3.360000e+02 2.512734e+00 5.621690e-03
3.360000e+02 2.516274e+00 5.590008e-03
3.360000e+02 2.510838e+00 5.627139e-03
3.360000e+02 2.514361e+00 5.498388e-03
3.360000e+02 2.509531e+00 5.561506e-03
3.360000e+02 2.526012e+00 5.532606e-03
3.360000e+02 2.510788e+00 5.548241e-03
3.360000e+02 2.515358e+00 5.576162e-03
3.360000e+02 2.517211e+00 5.553638e-03
3.370000e+02 4.866288e+00 1.047264e-02
3.370000e+02 4.844912e+00 1.033907e-02
3.370000e+02 4.856245e+00 1.031622e-02
3.370000e+02 4.856210e+00 1.021565e-02
3.370000e+02 4.855623e+00 1.037540e-02
3.370000e+02 4.854989e+00 1.030836e-02
3.370000e+02 4.865620e+00 1.042967e-02
3.370000e+02 4.858402e+00 1.031022e-02
3.370000e+02 4.848481e+00 1.032319e-02
3.370000e+02 4.875515e+00 1.039861e-02
3.380000e+02 9.508381e+00 1.980657e-02
3.380000e+02 9.488677e+00 1.972074e-02
3.380000e+02 9.515867e+00 1.966238e-02
3.380000e+02 9.502509e+00 1.966759e-02
3.380000e+02 9.542944e+00 1.970720e-02
3.380000e+02 9.479571e+00 1.954919e-02
3.380000e+02 9.474202e+00 1.957638e-02
3.380000e+02 9.537431e+00 1.969157e-02
3.380000e+02 9.483001e+00 1.953373e-02
3.380000e+02 9.505315e+00 1.980049e-02
3.390000e+02 1.921225e+01 3.891063e-02
3.390000e+02 1.922665e+01 4.003583e-02
3.390000e+02 1.918926e+01 3.875608e-02
3.390000e+02 1.912380e+01 3.867356e-02
3.390000e+02 1.926370e+01 3.936595e-02
3.390000e+02 1.926685e+01 3.941812e-02
3.390000e+02 1.910990e+01 3.940129e-02
3.390000e+02 1.915988e+01 3.956616e-02
3.390000e+02 1.914874e+01 3.942402e-02
3.390000e+02 1.917289e+01 3.900436e-02
3.400000e+02 4.055080e+01 8.290304e-02
3.400000e+02 4.057682e+01 8.412325e-02
3.400000e+02 4.079530e+01 8.147850e-02
3.400000e+02 4.059586e+01 8.195090e-02
3.400000e+02 4.049788e+01 8.353340e-02
3.400000e+02 4.075548e+01 8.294115e-02
3.400000e+02 4.070318e+01 8.347333e-02
3.400000e+02 4.069416e+01 8.386406e-02
3.400000e+02 4.062102e+01 8.330133e-02
3.400000e+02 4.052066e+01 8.383432e-02
3.402000e+02 4.754597e+01 9.680696e-02
3.402000e+02 4.765297e+01 9.747711e-02
3.402000e+02 4.745860e+01 9.668913e-02
3.402000e+02 4.758089e+01 9.759837e-02
3.402000e+02 4.758273e+01 9.730913e-02
3.402000e+02 4.765910e+01 9.910165e-02
3.402000e+02 4.753762e+01 9.486655e-02
3.402000e+02 4.754724e+01 9.673199e-02
3.402000e+02 4.756847e+01 9.655011e-02
3.402000e+02 4.782598e+01 9.665936e-02
3.404000e+02 5.614301e+01 1.135671e-01
3.404000e+02 5.597074e+01 1.157615e-01
3.404000e+02 5.610162e+01 1.127501e-01
3.404000e+02 5.596507e+01 1.147662e-01
3.404000e+02 5.601563e+01 1.151974e-01
3.404000e+02 5.602126e+01 1.150472e-01
3.404000e+02 5.623944e+01 1.158143e-01
3.404000e+02 5.609495e+01 1.150934e-01
3.404000e+02 5.617110e+01 1.143346e-01
3.404000e+02 5.576219e+01 1.155638e-01
3.406000e+02 6.621999e+01 1.368545e-01
3.406000e+02 6.613046e+01 1.358448e-01
3.406000e+02 6.616983e+01 1.361016e-01
3.406000e+02 6.596702e+01 1.374509e-01
3.406000e+02 6.606790e+01 1.360049e-01
3.406000e+02 6.585899e+01 1.347794e-01
3.406000e+02 6.599141e+01 1.355500e-01
3.406000e+02 6.607078e+01 1.341966e-01
3.406000e+02 6.587194e+01 1.357419e-01
3.406000e+02 6.623016e+01 1.342159e-01
3.408000e+02 7.803710e+01 1.594834e-01
3.408000e+02 7.837091e+01 1.597151e-01
3.408000e+02 7.792306e+01 1.588418e-01
3.408000e+02 7.817279e+01 1.600598e-01
3.408000e+02 7.835347e+01 1.591986e-01
3.408000e+02 7.794480e+01 1.625114e-01
3.408000e+02 7.833812e+01 1.570144e-01
3.408000e+02 7.816612e+01 1.625552e-01
3.408000e+02 7.814455e+01 1.611045e-01
3.408000e+02 7.796773e+01 1.604096e-01
3.410000e+02 9.276303e+01 1.909274e-01
3.410000e+02 9.292651e+01 1.885984e-01
3.410000e+02 9.262006e+01 1.934435e-01
3.410000e+02 9.268639e+01 1.899932e-01
3.410000e+02 9.287971e+01 1.882049e-01
3.410000e+02 9.258868e+01 1.905291e-01
3.410000e+02 9.292870e+01 1.911504e-01
3.410000e+02 9.281585e+01 1.926189e-01
3.410000e+02 9.264576e+01 1.899200e-01
3.410000e+02 9.276021e+01 1.924170e-01
3.412000e+02 1.104698e+02 2.265314e-01
3.412000e+02 1.106999e+02 2.280440e-01
3.412000e+02 1.103856e+02 2.274828e-01
3.412000e+02 1.104308e+02 2.249513e-01
3.412000e+02 1.101122e+02 2.323449e-01
3.412000e+02 1.100961e+02 2.294612e-01
3.412000e+02 1.102969e+02 2.276309e-01
3.412000e+02 1.108985e+02 2.320121e-01
3.412000e+02 1.104850e+02 2.298177e-01
3.412000e+02 1.102115e+02 2.257563e-01
3.414000e+02 1.319603e+02 2.726372e-01
3.414000e+02 1.319492e+02 2.740440e-01
3.414000e+02 1.318881e+02 2.771963e-01
3.414000e+02 1.317361e+02 2.740499e-01
3.414000e+02 1.318585e+02 2.700740e-01
3.414000e+02 1.317129e+02 2.737860e-01
3.414000e+02 1.318548e+02 2.722463e-01
3.414000e+02 1.321011e+02 2.731177e-01
3.414000e+02 1.317708e+02 2.725648e-01
3.414000e+02 1.319025e+02 2.742461e-01
3.416000e+02 1.579631e+02 3.227782e-01
3.416000e+02 1.578646e+02 3.250301e-01
3.416000e+02 1.575219e+02 3.289377e-01
3.416000e+02 1.580583e+02 3.342740e-01
3.416000e+02 1.577695e+02 3.291047e-01
3.416000e+02 1.574459e+02 3.237219e-01
3.416000e+02 1.579616e+02 3.212279e-01
3.416000e+02 1.572451e+02 3.251418e-01
3.416000e+02 1.577802e+02 3.257367e-01
3.416000e+02 1.576288e+02 3.307346e-01
3.418000e+02 1.884570e+02 3.977863e-01
3.418000e+02 1.889859e+02 3.803529e-01
3.418000e+02 1.893320e+02 3.904886e-01
3.418000e+02 1.893739e+02 3.959753e-01
3.418000e+02 1.895054e+02 3.914846e-01
3.418000e+02 1.887017e+02 3.932806e-01
3.418000e+02 1.886853e+02 3.883867e-01
3.418000e+02 1.889257e+02 3.970147e-01
3.418000e+02 1.899800e+02 3.973522e-01
3.418000e+02 1.890746e+02 3.888295e-01
3.420000e+02 2.275489e+02 4.616923e-01
3.420000e+02 2.265825e+02 4.745971e-01
3.420000e+02 2.269442e+02 4.809903e-01
3.420000e+02 2.265876e+02 4.677192e-01
3.420000e+02 2.268776e+02 4.759022e-01
3.420000e+02 2.269412e+02 4.732890e-01
3.420000e+02 2.276194e+02 4.704373e-01
3.420000e+02 2.274497e+02 4.678399e-01
3.420000e+02 2.260435e+02 4.759666e-01
3.420000e+02 2.264680e+02 4.775677e-01
3.422000e+02 2.704585e+02 5.669876e-01
3.422000e+02 2.715340e+02 5.761941e-01
3.422000e+02 2.710630e+02 5.709535e-01
3.422000e+02 2.711540e+02 5.649397e-01
3.422000e+02 2.713215e+02 5.618841e-01
3.422000e+02 2.700195e+02 5.779038e-01
3.422000e+02 2.705802e+02 5.606525e-01
3.422000e+02 2.706415e+02 5.741436e-01
3.422000e+02 2.702639e+02 5.583455e-01
3.422000e+02 2.701632e+02 5.695907e-01
3.424000e+02 3.236892e+02 6.619631e-01
3.424000e+02 3.226506e+02 6.817247e-01
3.424000e+02 3.231028e+02 6.776817e-01
3.424000e+02 3.226691e+02 6.669355e-01
3.424000e+02 3.225842e+02 6.627439e-01
3.424000e+02 3.227546e+02 6.683873e-01
3.424000e+02 3.221368e+02 6.697977e-01
3.424000e+02 3.235230e+02 6.641138e-01
3.424000e+02 3.217731e+02 6.630332e-01
3.424000e+02 3.219138e+02 6.674200e-01
3.426000e+02 3.815627e+02 7.899732e-01
3.426000e+02 3.815551e+02 8.281531e-01
3.426000e+02 3.826036e+02 8.134003e-01
3.426000e+02 3.819632e+02 7.875043e-01
3.426000e+02 3.825397e+02 7.987050e-01
3.426000e+02 3.815876e+02 8.117827e-01
3.426000e+02 3.809304e+02 8.018506e-01
3.426000e+02 3.823969e+02 7.909731e-01
3.426000e+02 3.807399e+02 8.046773e-01
3.426000e+02 3.811911e+02 8.107959e-01
3.428000e+02 4.444984e+02 9.476557e-01
3.428000e+02 4.454864e+02 9.439667e-01
3.428000e+02 4.466051e+02 9.506629e-01
3.428000e+02 4.458766e+02 9.291249e-01
3.428000e+02 4.453062e+02 9.384021e-01
3.428000e+02 4.461497e+02 9.293641e-01
3.428000e+02 4.452308e+02 9.335003e-01
3.428000e+02 4.452576e+02 9.596968e-01
3.428000e+02 4.461959e+02 9.395488e-01
3.428000e+02 4.463276e+02 9.357551e-01
3.430000e+02 5.150819e+02 1.078108e+00
3.430000e+02 5.127806e+02 1.085997e+00
3.430000e+02 5.148563e+02 1.093360e+00
3.430000e+02 5.160292e+02 1.087818e+00
3.430000e+02 5.165636e+02 1.116195e+00
3.430000e+02 5.155513e+02 1.108903e+00
3.430000e+02 5.144757e+02 1.089937e+00
3.430000e+02 5.141372e+02 1.093746e+00
3.430000e+02 5.150345e+02 1.077143e+00
3.430000e+02 5.147913e+02 1.091966e+00
3.432000e+02 5.874468e+02 1.225902e+00
3.432000e+02 5.889046e+02 1.255922e+00
3.432000e+02 5.870109e+02 1.228637e+00
3.432000e+02 5.848681e+02 1.251650e+00
3.432000e+02 5.878113e+02 1.248164e+00
3.432000e+02 5.856380e+02 1.264102e+00
3.432000e+02 5.876792e+02 1.253430e+00
3.432000e+02 5.854678e+02 1.251404e+00
3.432000e+02 5.880131e+02 1.221394e+00
3.432000e+02 5.884014e+02 1.245386e+00
3.434000e+02 6.655446e+02 1.413067e+00
3.434000e+02 6.648124e+02 1.395696e+00
3.434000e+02 6.630025e+02 1.426761e+00
3.434000e+02 6.622667e+02 1.411314e+00
3.434000e+02 6.626974e+02 1.384948e+00
3.434000e+02 6.620295e+02 1.381283e+00
3.434000e+02 6.626733e+02 1.420110e+00
3.434000e+02 6.614928e+02 1.396292e+00
3.434000e+02 6.616172e+02 1.398263e+00
3.434000e+02 6.654927e+02 1.398662e+00
3.436000e+02 7.315510e+02 1.548032e+00
3.436000e+02 7.317756e+02 1.571100e+00
3.436000e+02 7.284745e+02 1.533004e+00
3.436000e+02 7.302090e+02 1.581928e+00
3.436000e+02 7.293651e+02 1.526582e+00
3.436000e+02 7.307126e+02 1.531089e+00
3.436000e+02 7.318385e+02 1.547293e+00
3.436000e+02 7.315980e+02 1.563811e+00
3.436000e+02 7.323363e+02 1.567984e+00
3.436000e+02 7.286372e+02 1.579854e+00
3.438000e+02 7.813309e+02 1.658548e+00
3.438000e+02 7.826881e+02 1.682870e+00
3.438000e+02 7.835264e+02 1.664091e+00
3.438000e+02 7.827256e+02 1.634087e+00
3.438000e+02 7.839667e+02 1.683960e+00
3.438000e+02 7.851913e+02 1.630833e+00
3.438000e+02 7.843417e+02 1.731895e+00
3.438000e+02 7.851081e+02 1.656449e+00
3.438000e+02 7.849073e+02 1.660562e+00
3.438000e+02 7.828301e+02 1.683603e+00
3.440000e+02 8.112864e+02 1.742300e+00
3.440000e+02 8.136721e+02 1.707504e+00
3.440000e+02 8.138326e+02 1.712741e+00
3.440000e+02 8.120801e+02 1.721801e+00
3.440000e+02 8.123070e+02 1.746095e+00
3.440000e+02 8.128334e+02 1.740294e+00
3.440000e+02 8.126462e+02 1.763964e+00
3.440000e+02 8.139160e+02 1.723944e+00
3.440000e+02 8.119273e+02 1.772820e+00
3.440000e+02 8.129807e+02 1.718741e+00
3.442000e+02 8.165343e+02 1.803602e+00
3.442000e+02 8.155481e+02 1.726539e+00
3.442000e+02 8.159652e+02 1.742283e+00
3.442000e+02 8.123092e+02 1.738592e+00
3.442000e+02 8.145300e+02 1.725143e+00
3.442000e+02 8.147390e+02 1.748274e+00
3.442000e+02 8.169319e+02 1.761590e+00
3.442000e+02 8.147862e+02 1.722049e+00
3.442000e+02 8.157584e+02 1.752059e+00
3.442000e+02 8.129726e+02 1.779214e+00
3.444000e+02 7.931699e+02 1.693604e+00
3.444000e+02 7.945537e+02 1.700203e+00
3.444000e+02 7.957233e+02 1.710613e+00
3.444000e+02 7.933823e+02 1.701614e+00
3.444000e+02 7.939889e+02 1.685563e+00
3.444000e+02 7.943536e+02 1.696505e+00
3.444000e+02 7.926441e+02 1.694694e+00
3.444000e+02 7.936680e+02 1.672349e+00
3.444000e+02 7.942017e+02 1.665571e+00
3.444000e+02 7.943632e+02 1.690582e+00
3.446000e+02 7.601539e+02 1.606030e+00
3.446000e+02 7.580895e+02 1.628014e+00
3.446000e+02 7.612524e+02 1.652711e+00
3.446000e+02 7.613908e+02 1.610032e+00
3.446000e+02 7.613057e+02 1.613704e+00
3.446000e+02 7.605645e+02 1.634423e+00
3.446000e+02 7.604080e+02 1.637725e+00
3.446000e+02 7.608119e+02 1.588265e+00
3.446000e+02 7.606650e+02 1.672301e+00
3.446000e+02 7.586751e+02 1.634150e+00
3.448000e+02 7.193625e+02 1.495236e+00
3.448000e+02 7.190524e+02 1.543494e+00
3.448000e+02 7.204768e+02 1.553006e+00
3.448000e+02 7.206159e+02 1.551713e+00
3.448000e+02 7.218577e+02 1.548177e+00
3.448000e+02 7.221220e+02 1.559911e+00
3.448000e+02 7.203034e+02 1.536685e+00
3.448000e+02 7.200991e+02 1.548465e+00
3.448000e+02 7.185111e+02 1.544101e+00
3.448000e+02 7.191060e+02 1.543620e+00
3.450000e+02 6.844106e+02 1.517929e+00
3.450000e+02 6.830863e+02 1.449767e+00
3.450000e+02 6.825999e+02 1.447753e+00
3.450000e+02 6.830415e+02 1.503214e+00
3.450000e+02 6.829678e+02 1.497310e+00
3.450000e+02 6.840361e+02 1.489148e+00
3.450000e+02 6.822816e+02 1.489813e+00
3.450000e+02 6.800769e+02 1.429106e+00
3.450000e+02 6.836996e+02 1.460059e+00
3.450000e+02 6.808052e+02 1.450692e+00
3.452000e+02 6.512218e+02 1.383356e+00
3.452000e+02 6.468361e+02 1.388835e+00
3.452000e+02 6.492692e+02 1.355643e+00
3.452000e+02 6.499410e+02 1.382012e+00
3.452000e+02 6.474050e+02 1.390138e+00
3.452000e+02 6.482433e+02 1.351668e+00
3.452000e+02 6.484158e+02 1.392485e+00
3.452000e+02 6.497317e+02 1.380820e+00
3.452000e+02 6.494093e+02 1.406425e+00
3.452000e+02 6.471760e+02 1.423437e+00
3.454000e+02 6.169161e+02 1.325121e+00
3.454000e+02 6.188242e+02 1.333767e+00
3.454000e+02 6.200392e+02 1.324921e+00
3.454000e+02 6.166840e+02 1.341348e+00
3.454000e+02 6.158134e+02 1.352070e+00
3.454000e+02 6.175088e+02 1.338703e+00
3.454000e+02 6.165060e+02 1.335690e+00
3.454000e+02 6.207115e+02 1.332514e+00
3.454000e+02 6.184750e+02 1.339623e+00
3.454000e+02 6.154029e+02 1.315918e+00
3.456000e+02 5.888436e+02 1.272883e+00
3.456000e+02 5.873593e+02 1.310971e+00
3.456000e+02 5.885212e+02 1.246579e+00
3.456000e+02 5.892408e+02 1.252176e+00
3.456000e+02 5.897839e+02 1.290122e+00
3.456000e+02 5.880839e+02 1.305438e+00
3.456000e+02 5.880100e+02 1.254750e+00
3.456000e+02 5.899836e+02 1.261834e+00
3.456000e+02 5.903611e+02 1.282755e+00
3.456000e+02 5.872736e+02 1.269259e+00
3.458000e+02 5.601641e+02 1.276973e+00
3.458000e+02 5.604355e+02 1.237459e+00
3.458000e+02 5.575594e+02 1.242392e+00
3.458000e+02 5.572261e+02 1.226225e+00
3.458000e+02 5.577633e+02 1.197162e+00
3.458000e+02 5.602386e+02 1.235521e+00
3.458000e+02 5.593000e+02 1.259858e+00
3.458000e+02 5.598508e+02 1.262096e+00
3.458000e+02 5.579617e+02 1.212412e+00
3.458000e+02 5.574674e+02 1.236447e+00
3.460000e+02 5.291360e+02 1.178965e+00
3.460000e+02 5.313475e+02 1.217071e+00
3.460000e+02 5.287653e+02 1.197522e+00
3.460000e+02 5.290784e+02 1.188434e+00
3.460000e+02 5.286407e+02 1.203201e+00
3.460000e+02 5.271853e+02 1.192082e+00
3.460000e+02 5.271195e+02 1.202214e+00
3.460000e+02 5.275755e+02 1.228861e+00
3.460000e+02 5.283614e+02 1.197725e+00
3.460000e+02 5.285102e+02 1.204510e+00
3.462000e+02 4.948520e+02 1.209513e+00
3.462000e+02 4.945371e+02 1.209512e+00
3.462000e+02 4.925540e+02 1.207521e+00
3.462000e+02 4.969777e+02 1.176615e+00
3.462000e+02 4.957097e+02 1.205465e+00
3.462000e+02 4.957183e+02 1.192196e+00
3.462000e+02 4.954240e+02 1.198832e+00
3.462000e+02 4.951446e+02 1.200423e+00
3.462000e+02 4.970800e+02 1.189164e+00
3.462000e+02 4.940820e+02 1.180907e+00
3.464000e+02 4.593312e+02 1.125606e+00
3.464000e+02 4.592218e+02 1.121598e+00
3.464000e+02 4.590012e+02 1.121831e+00
3.464000e+02 4.589923e+02 1.112528e+00
3.464000e+02 4.584159e+02 1.116952e+00
3.464000e+02 4.599482e+02 1.130031e+00
3.464000e+02 4.594375e+02 1.131217e+00
3.464000e+02 4.601104e+02 1.136107e+00
3.464000e+02 4.588930e+02 1.121151e+00
3.464000e+02 4.606388e+02 1.113867e+00
3.466000e+02 4.276276e+02 1.167833e+00
3.466000e+02 4.282314e+02 1.152513e+00
3.466000e+02 4.275073e+02 1.183334e+00
3.466000e+02 4.293172e+02 1.170783e+00
3.466000e+02 4.295202e+02 1.185551e+00
3.466000e+02 4.290658e+02 1.173852e+00
3.466000e+02 4.277210e+02 1.179441e+00
3.466000e+02 4.283338e+02 1.151665e+00
3.466000e+02 4.271524e+02 1.161351e+00
3.466000e+02 4.261146e+02 1.164943e+00
3.468000e+02 3.961283e+02 1.181472e+00
3.468000e+02 3.959442e+02 1.182365e+00
3.468000e+02 3.960254e+02 1.189504e+00
3.468000e+02 3.997103e+02 1.188535e+00
3.468000e+02 3.981499e+02 1.188302e+00
3.468000e+02 3.976851e+02 1.194704e+00
3.468000e+02 3.947277e+02 1.194941e+00
3.468000e+02 3.957624e+02 1.187289e+00
3.468000e+02 3.985251e+02 1.188980e+00
3.468000e+02 3.959448e+02 1.179567e+00
3.470000e+02 3.701048e+02 1.179110e+00
3.470000e+02 3.686593e+02 1.191468e+00
3.470000e+02 3.721809e+02 1.178975e+00
3.470000e+02 3.681833e+02 1.197725e+00
3.470000e+02 3.681582e+02 1.196188e+00
3.470000e+02 3.675618e+02 1.180434e+00
3.470000e+02 3.674791e+02 1.178644e+00
3.470000e+02 3.684604e+02 1.200847e+00
3.470000e+02 3.681384e+02 1.184703e+00
3.470000e+02 3.700425e+02 1.205367e+00
3.472000e+02 3.425747e+02 1.173796e+00
3.472000e+02 3.424888e+02 1.195175e+00
3.472000e+02 3.448880e+02 1.183965e+00
3.472000e+02 3.438170e+02 1.191438e+00
3.472000e+02 3.430312e+02 1.184138e+00
3.472000e+02 3.438199e+02 1.192845e+00
3.472000e+02 3.444133e+02 1.193644e+00
3.472000e+02 3.438509e+02 1.179185e+00
3.472000e+02 3.419524e+02 1.196401e+00
3.472000e+02 3.435818e+02 1.176532e+00
3.474000e+02 3.194995e+02 1.165474e+00
3.474000e+02 3.208073e+02 1.155916e+00
3.474000e+02 3.197209e+02 1.162073e+00
3.474000e+02 3.180265e+02 1.165723e+00
3.474000e+02 3.206488e+02 1.165160e+00
3.474000e+02 3.191202e+02 1.162829e+00
3.474000e+02 3.229089e+02 1.180114e+00
3.474000e+02 3.199687e+02 1.174664e+00
3.474000e+02 3.202772e+02 1.162853e+00
3.474000e+02 3.190387e+02 1.159881e+00
3.476000e+02 2.986824e+02 1.124782e+00
3.476000e+02 2.983247e+02 1.140636e+00
3.476000e+02 2.984826e+02 1.126948e+00
3.476000e+02 2.975422e+02 1.139157e+00
3.476000e+02 2.982801e+02 1.120926e+00
3.476000e+02 2.977819e+02 1.131667e+00
3.476000e+02 2.993091e+02 1.122906e+00
3.476000e+02 2.970401e+02 1.146801e+00
3.476000e+02 2.996441e+02 1.137708e+00
3.476000e+02 2.966420e+02 1.138255e+00
3.478000e+02 2.797622e+02 1.087549e+00
3.478000e+02 2.794534e+02 1.081803e+00
3.478000e+02 2.791862e+02 1.097750e+00
3.478000e+02 2.806537e+02 1.095281e+00
3.478000e+02 2.784827e+02 1.097806e+00
3.478000e+02 2.802045e+02 1.096809e+00
3.478000e+02 2.777061e+02 1.088046e+00
3.478000e+02 2.784674e+02 1.092273e+00
3.478000e+02 2.788245e+02 1.088634e+00
3.478000e+02 2.788261e+02 1.099267e+00
3.480000e+02 2.618930e+02 1.043098e+00
3.480000e+02 2.609289e+02 1.038791e+00
3.480000e+02 2.605531e+02 1.039144e+00
3.480000e+02 2.581573e+02 1.054873e+00
3.480000e+02 2.598617e+02 1.028440e+00
3.480000e+02 2.627598e+02 1.032384e+00
3.480000e+02 2.618552e+02 1.046944e+00
3.480000e+02 2.618001e+02 1.031658e+00
3.480000e+02 2.599650e+02 1.046547e+00
3.480000e+02 2.615888e+02 1.043268e+00
3.482000e+02 2.457325e+02 9.762361e-01
3.482000e+02 2.450708e+02 9.968712e-01
3.482000e+02 2.449973e+02 9.939885e-01
3.482000e+02 2.437654e+02 9.895148e-01
3.482000e+02 2.447754e+02 9.788471e-01
3.482000e+02 2.452882e+02 9.947020e-01
3.482000e+02 2.442417e+02 9.923131e-01
3.482000e+02 2.438629e+02 9.774382e-01
3.482000e+02 2.448134e+02 9.922782e-01
3.482000e+02 2.439015e+02 9.940048e-01
3.484000e+02 2.287453e+02 9.304179e-01
3.484000e+02 2.275491e+02 9.276759e-01
3.484000e+02 2.293905e+02 9.482025e-01
3.484000e+02 2.296721e+02 9.324617e-01
3.484000e+02 2.286724e+02 9.313528e-01
3.484000e+02 2.279645e+02 9.328210e-01
3.484000e+02 2.280935e+02 9.451294e-01
3.484000e+02 2.302632e+02 9.277083e-01
3.484000e+02 2.298786e+02 9.466422e-01
3.484000e+02 2.285889e+02 9.324783e-01
3.486000e+02 2.140434e+02 8.893200e-01
3.486000e+02 2.147324e+02 8.995722e-01
3.486000e+02 2.130538e+02 8.796495e-01
3.486000e+02 2.144736e+02 8.867900e-01
3.486000e+02 2.141456e+02 8.991618e-01
3.486000e+02 2.149757e+02 8.726654e-01
3.486000e+02 2.146618e+02 8.821685e-01
3.486000e+02 2.144757e+02 8.927606e-01
3.486000e+02 2.140156e+02 8.818051e-01
3.486000e+02 2.145364e+02 8.729219e-01
3.488000e+02 2.023415e+02 8.309878e-01
3.488000e+02 2.003330e+02 8.293142e-01
3.488000e+02 2.024802e+02 8.264441e-01
3.488000e+02 2.015278e+02 8.285390e-01
3.488000e+02 2.028933e+02 8.293420e-01
3.488000e+02 2.012900e+02 8.178473e-01
3.488000e+02 2.012280e+02 8.242796e-01
3.488000e+02 2.011721e+02 8.343813e-01
3.488000e+02 2.029592e+02 8.322039e-01
3.488000e+02 2.018085e+02 8.201174e-01
3.490000e+02 1.887155e+02 7.746586e-01
3.490000e+02 1.885185e+02 7.641286e-01
3.490000e+02 1.879101e+02 7.673052e-01
3.490000e+02 1.881313e+02 7.698636e-01
3.490000e+02 1.888641e+02 7.755626e-01
3.490000e+02 1.893260e+02 7.622127e-01
3.490000e+02 1.871184e+02 7.746183e-01
3.490000e+02 1.883404e+02 7.762301e-01
3.490000e+02 1.891081e+02 7.741185e-01
3.490000e+02 1.885121e+02 7.691060e-01
3.492000e+02 1.775369e+02 7.238523e-01
3.492000e+02 1.772129e+02 7.086091e-01
3.492000e+02 1.765207e+02 7.147576e-01
3.492000e+02 1.780115e+02 7.153648e-01
3.492000e+02 1.774716e+02 7.170025e-01
3.492000e+02 1.781654e+02 7.237947e-01
3.492000e+02 1.769418e+02 7.222892e-01
3.492000e+02 1.767277e+02 7.189610e-01
3.492000e+02 1.774674e+02 7.103532e-01
3.492000e+02 1.775142e+02 7.141484e-01
3.494000e+02 1.660479e+02 6.723127e-01
3.494000e+02 1.662872e+02 6.714690e-01
3.494000e+02 1.669793e+02 6.646916e-01
3.494000e+02 1.653162e+02 6.642557e-01
3.494000e+02 1.664679e+02 6.658942e-01
3.494000e+02 1.660256e+02 6.638574e-01
3.494000e+02 1.664986e+02 6.665656e-01
3.494000e+02 1.669054e+02 6.623076e-01
3.494000e+02 1.664177e+02 6.615478e-01
3.494000e+02 1.652456e+02 6.601645e-01
3.496000e+02 1.561449e+02 6.184560e-01
3.496000e+02 1.549024e+02 6.205796e-01
3.496000e+02 1.570213e+02 6.159225e-01
3.496000e+02 1.560165e+02 6.110755e-01
3.496000e+02 1.560936e+02 6.074153e-01
3.496000e+02 1.550012e+02 5.975870e-01
3.496000e+02 1.554942e+02 6.111026e-01
3.496000e+02 1.555370e+02 6.097165e-01
3.496000e+02 1.563807e+02 6.065850e-01
3.496000e+02 1.568516e+02 6.147225e-01
3.498000e+02 1.462433e+02 5.617350e-01
3.498000e+02 1.457575e+02 5.633644e-01
3.498000e+02 1.456984e+02 5.681370e-01
3.498000e+02 1.447408e+02 5.562990e-01
3.498000e+02 1.458206e+02 5.694235e-01
3.498000e+02 1.459880e+02 5.594273e-01
3.498000e+02 1.450832e+02 5.692957e-01
3.498000e+02 1.461782e+02 5.605037e-01
3.498000e+02 1.468541e+02 5.684009e-01
3.498000e+02 1.456463e+02 5.631217e-01
3.500000e+02 1.363485e+02 5.181835e-01
3.500000e+02 1.369530e+02 5.197556e-01
3.500000e+02 1.380467e+02 5.227850e-01
3.500000e+02 1.359945e+02 5.180910e-01
3.500000e+02 1.365873e+02 5.228439e-01
3.500000e+02 1.368121e+02 5.277600e-01
3.500000e+02 1.356873e+02 5.202017e-01
3.500000e+02 1.363835e+02 5.205321e-01
3.500000e+02 1.368728e+02 5.173599e-01
3.500000e+02 1.361591e+02 5.159712e-01
3.510000e+02 9.818789e+01 3.254786e-01
3.510000e+02 9.732121e+01 3.292184e-01
3.510000e+02 9.718955e+01 3.291846e-01
3.510000e+02 9.743472e+01 3.238508e-01
3.510000e+02 9.772444e+01 3.295103e-01
3.510000e+02 9.712154e+01 3.319986e-01
3.510000e+02 9.779540e+01 3.283960e-01
3.510000e+02 9.749934e+01 3.325729e-01
3.510000e+02 9.733459e+01 3.344451e-01
3.510000e+02 9.800718e+01 3.345204e-01
3.520000e+02 6.837539e+01 1.991378e-01
3.520000e+02 6.809176e+01 1.955352e-01
3.520000e+02 6.804716e+01 2.004825e-01
3.520000e+02 6.793925e+01 1.992726e-01
3.520000e+02 6.798110e+01 1.968223e-01
3.520000e+02 6.825914e+01 1.961950e-01
3.520000e+02 6.807106e+01 1.993475e-01
3.520000e+02 6.847972e+01 1.976304e-01
3.520000e+02 6.811550e+01 1.980636e-01
3.520000e+02 6.819375e+01 2.005420e-01
3.530000e+02 4.619360e+01 1.145408e-01
3.530000e+02 4.616152e+01 1.155946e-01
3.530000e+02 4.627178e+01 1.162350e-01
3.530000e+02 4.594426e+01 1.148198e-01
3.530000e+02 4.602870e+01 1.170911e-01
3.530000e+02 4.623296e+01 1.151540e-01
3.530000e+02 4.621924e+01 1.158534e-01
3.530000e+02 4.627636e+01 1.144930e-01
3.530000e+02 4.621623e+01 1.161500e-01
3.530000e+02 4.628413e+01 1.172619e-01
3.540000e+02 3.036435e+01 6.859317e-02
3.540000e+02 3.026151e+01 6.843498e-02
3.540000e+02 3.045110e+01 6.843104e-02
3.540000e+02 3.040199e+01 7.046762e-02
3.540000e+02 3.021237e+01 6.934699e-02
3.540000e+02 3.040614e+01 6.786583e-02
3.540000e+02 3.028440e+01 6.916526e-02
3.540000e+02 3.048228e+01 6.923403e-02
3.540000e+02 3.030069e+01 6.833089e-02
3.540000e+02 3.031524e+01 6.855631e-02
3.550000e+02 1.888024e+01 4.141459e-02
3.550000e+02 1.890328e+01 4.050285e-02
3.550000e+02 1.877665e+01 4.070074e-02
3.550000e+02 1.887204e+01 4.101371e-02
3.550000e+02 1.889328e+01 4.139737e-02
3.550000e+02 1.882639e+01 4.162265e-02
3.550000e+02 1.886613e+01 4.046066e-02
3.550000e+02 1.881189e+01 4.074625e-02
3.550000e+02 1.890061e+01 4.105012e-02
3.550000e+02 1.887480e+01 4.110418e-02
3.560000e+02 1.068586e+01 2.319162e-02
3.560000e+02 1.072897e+01 2.384130e-02
3.560000e+02 1.065936e+01 2.190317e-02
3.560000e+02 1.063892e+01 2.257573e-02
3.560000e+02 1.065265e+01 2.310045e-02
3.560000e+02 1.065255e+01 2.279733e-02
3.560000e+02 1.071758e+01 2.328476e-02
3.560000e+02 1.062709e+01 2.306118e-02
3.560000e+02 1.067119e+01 2.292016e-02
3.560000e+02 1.066810e+01 2.342696e-02
3.570000e+02 5.142464e+00 1.096094e-02
3.570000e+02 5.148451e+00 1.081772e-02
3.570000e+02 5.144696e+00 1.084988e-02
3.570000e+02 5.128868e+00 1.076086e-02
3.570000e+02 5.145207e+00 1.111563e-02
3.570000e+02 5.124627e+00 1.080534e-02
3.570000e+02 5.136291e+00 1.116627e-02
3.570000e+02 5.142334e+00 1.116518e-02
3.570000e+02 5.152087e+00 1.125908e-02
3.570000e+02 5.139101e+00 1.095358e-02
3.580000e+02 1.725274e+00 3.736678e-03
3.580000e+02 1.720269e+00 3.661816e-03
3.580000e+02 1.722108e+00 3.742009e-03
3.580000e+02 1.722530e+00 3.635572e-03
3.580000e+02 1.722864e+00 3.650854e-03
3.580000e+02 1.724170e+00 3.579319e-03
3.580000e+02 1.727278e+00 3.641592e-03
3.580000e+02 1.721758e+00 3.738128e-03
3.580000e+02 1.724859e+00 3.698264e-03
3.580000e+02 1.722936e+00 3.621810e-03
3.590000e+02 1.491387e-01 3.256983e-04
3.590000e+02 1.499249e-01 3.225279e-04
3.590000e+02 1.490975e-01 3.153671e-04
3.590000e+02 1.493209e-01 3.242850e-04
3.590000e+02 1.495246e-01 3.272823e-04
3.590000e+02 1.488451e-01 3.240154e-04
3.590000e+02 1.494792e-01 3.268172e-04
3.590000e+02 1.495281e-01 3.244599e-04
3.590000e+02 1.492580e-01 3.255276e-04
3.590000e+02 1.494588e-01 3.303073e-04
3.600000e+02 -7.559140e-08 1.598365e-10
3.600000e+02 -7.517995e-08 1.725437e-10
3.600000e+02 -7.541768e-08 1.656696e-10
3.600000e+02 -7.499219e-08 1.705397e-10
3.600000e+02 -7.556652e-08 1.668667e-10
3.600000e+02 -7.539230e-08 1.698664e-10
3.600000e+02 -7.550922e-08 1.658938e-10
3.600000e+02 -7.523151e-08 1.611475e-10
3.600000e+02 -7.541073e-08 1.669834e-10
3.600000e+02 -7.569644e-08 1.659255e-10
3.650000e+02 -7.525902e-08 1.666024e-10
3.650000e+02 -7.482504e-08 1.628887e-10
3.650000e+02 -7.523742e-08 1.762191e-10
3.650000e+02 -7.519240e-08 1.664742e-10
3.650000e+02 -7.527372e-08 1.661363e-10
3.650000e+02 -7.507051e-08 1.661267e-10
3.650000e+02 -7.535556e-08 1.629714e-10
3.650000e+02 -7.561054e-08 1.694472e-10
3.650000e+02 -7.539146e-08 1.721601e-10
3.650000e+02 -7.533212e-08 1.722612e-10
3.700000e+02 -7.598283e-08 1.758606e-10
3.700000e+02 -7.641333e-08 1.694130e-10
3.700000e+02 -7.629761e-08 1.701410e-10
3.700000e+02 -7.623735e-08 1.745624e-10
3.700000e+02 -7.598477e-08 1.693730e-10
3.700000e+02 -7.643365e-08 1.728471e-10
3.700000e+02 -7.614121e-08 1.776389e-10
3.700000e+02 -7.612429e-08 1.686501e-10
3.700000e+02 -7.664208e-08 1.729601e-10
3.700000e+02 -7.643212e-08 1.725177e-10
3.750000e+02 -7.792316e-08 1.874631e-10
3.750000e+02 -7.747131e-08 1.850074e-10
3.750000e+02 -7.767811e-08 1.829664e-10
3.750000e+02 -7.775070e-08 1.762270e-10
3.750000e+02 -7.762370e-08 1.788344e-10
3.750000e+02 -7.728652e-08 1.856746e-10
3.750000e+02 -7.764744e-08 1.778627e-10
3.750000e+02 -7.743155e-08 1.803189e-10
3.750000e+02 -7.792312e-08 1.833028e-10
3.750000e+02 -7.783684e-08 1.800724e-10
3.800000e+02 -7.928986e-08 1.891359e-10
3.800000e+02 -7.915355e-08 1.823706e-10
3.800000e+02 -7.906013e-08 1.920933e-10
3.800000e+02 -7.908865e-08 1.883024e-10
3.800000e+02 -7.914197e-08 1.869408e-10
3.800000e+02 -7.922149e-08 1.860578e-10
3.800000e+02 -7.979617e-08 1.826189e-10
3.800000e+02 -7.937730e-08 1.899842e-10
3.800000e+02 -7.891770e-08 1.867559e-10
3.800000e+02 -7.901265e-08 1.862387e-10
3.850000e+02 -8.053786e-08 1.945574e-10
3.850000e+02 -8.043691e-08 1.926011e-10
3.850000e+02 -8.070554e-08 1.876764e-10
3.850000e+02 -8.020291e-08 1.894418e-10
3.850000e+02 -8.083865e-08 1.891226e-10
3.850000e+02 -8.040513e-08 1.903511e-10
3.850000e+02 -8.066435e-08 1.930718e-10
3.850000e+02 -8.062055e-08 1.913873e-10
3.850000e+02 -8.034912e-08 1.878763e-10
3.850000e+02 -8.097238e-08 1.927883e-10
