3.250000e+02 2.809486e-24 5.613720e-27
3.250000e+02 2.810419e-24 5.733347e-27
3.250000e+02 2.813035e-24 5.670070e-27
3.250000e+02 2.802047e-24 5.671962e-27
3.250000e+02 2.802968e-24 5.667042e-27
3.250000e+02 2.810139e-24 5.612502e-27
3.250000e+02 2.815152e-24 5.600530e-27
3.250000e+02 2.799627e-24 5.659304e-27
3.250000e+02 2.801714e-24 5.695175e-27
3.250000e+02 2.808502e-24 5.676416e-27
3.260000e+02 3.363395e-24 6.750770e-27
3.260000e+02 3.365990e-24 6.884623e-27
3.260000e+02 3.360023e-24 6.777067e-27
3.260000e+02 3.363298e-24 6.784716e-27
3.260000e+02 3.364021e-24 6.837139e-27
3.260000e+02 3.357412e-24 6.746056e-27
3.260000e+02 3.369266e-24 6.834215e-27
3.260000e+02 3.371940e-24 6.817000e-27
3.260000e+02 3.360696e-24 6.815241e-27
3.260000e+02 3.370921e-24 6.788499e-27
3.270000e+02 4.048302e-24 8.235981e-27
3.270000e+02 4.063092e-24 8.255531e-27
3.270000e+02 4.054589e-24 8.201889e-27
3.270000e+02 4.058832e-24 8.294684e-27
3.270000e+02 4.061210e-24 8.281796e-27
3.270000e+02 4.047510e-24 8.323164e-27
3.270000e+02 4.055169e-24 8.301786e-27
3.270000e+02 4.048663e-24 8.276891e-27
3.270000e+02 4.059250e-24 8.278073e-27
3.270000e+02 4.053861e-24 8.264650e-27
3.280000e+02 4.939723e-24 1.002404e-26
3.280000e+02 4.957898e-24 1.010598e-26
3.280000e+02 4.965023e-24 1.013493e-26
3.280000e+02 4.948369e-24 1.020063e-26
3.280000e+02 4.940216e-24 1.021620e-26
3.280000e+02 4.942005e-24 1.012539e-26
3.280000e+02 4.952422e-24 1.007326e-26
3.280000e+02 4.942894e-24 1.018856e-26
3.280000e+02 4.952903e-24 1.014920e-26
3.280000e+02 4.957610e-24 1.018625e-26
3.290000e+02 1.547809e-07 3.093506e-10
3.290000e+02 1.542617e-07 3.087257e-10
3.290000e+02 1.541881e-07 3.105263e-10
3.290000e+02 1.540094e-07 3.116864e-10
3.290000e+02 1.545642e-07 3.106967e-10
3.290000e+02 1.552223e-07 3.099818e-10
3.290000e+02 1.546796e-07 3.134253e-10
3.290000e+02 1.543702e-07 3.074769e-10
3.290000e+02 1.544007e-07 3.060711e-10
3.290000e+02 1.543139e-07 3.134169e-10
3.300000e+02 2.278004e-05 4.601978e-08
3.300000e+02 2.277960e-05 4.613604e-08
3.300000e+02 2.269800e-05 4.569981e-08
3.300000e+02 2.270716e-05 4.597478e-08
3.300000e+02 2.288026e-05 4.629388e-08
3.300000e+02 2.280696e-05 4.583210e-08
3.300000e+02 2.274411e-05 4.628550e-08
3.300000e+02 2.278408e-05 4.625839e-08
3.300000e+02 2.280293e-05 4.632218e-08
3.300000e+02 2.275864e-05 4.587101e-08
3.310000e+02 2.239137e-04 4.539751e-07
3.310000e+02 2.233049e-04 4.530769e-07
3.310000e+02 2.239749e-04 4.562990e-07
3.310000e+02 2.242000e-04 4.545322e-07
3.310000e+02 2.226254e-04 4.488601e-07
3.310000e+02 2.237697e-04 4.590514e-07
3.310000e+02 2.235893e-04 4.535032e-07
3.310000e+02 2.228343e-04 4.542032e-07
3.310000e+02 2.245947e-04 4.552265e-07
3.310000e+02 2.232729e-04 4.584566e-07
3.320000e+02 1.056888e-03 2.162361e-06
3.320000e+02 1.057828e-03 2.156866e-06
3.320000e+02 1.059374e-03 2.187804e-06
3.320000e+02 1.060611e-03 2.187468e-06
3.320000e+02 1.058388e-03 2.164488e-06
3.320000e+02 1.060440e-03 2.200848e-06
3.320000e+02 1.057349e-03 2.162423e-06
3.320000e+02 1.060856e-03 2.180111e-06
3.320000e+02 1.058521e-03 2.179920e-06
3.320000e+02 1.060496e-03 2.146358e-06
3.330000e+02 3.571504e-03 7.357282e-06
3.330000e+02 3.577502e-03 7.391500e-06
3.330000e+02 3.572702e-03 7.310447e-06
3.330000e+02 3.579837e-03 7.358130e-06
3.330000e+02 3.565416e-03 7.341477e-06
3.330000e+02 3.581111e-03 7.468423e-06
3.330000e+02 3.582455e-03 7.376884e-06
3.330000e+02 3.583219e-03 7.359205e-06
3.330000e+02 3.571517e-03 7.318220e-06
3.330000e+02 3.578858e-03 7.377048e-06
3.340000e+02 9.941662e-03 2.069271e-05
3.340000e+02 9.978564e-03 2.075934e-05
3.340000e+02 1.000781e-02 2.072267e-05
3.340000e+02 1.001866e-02 2.073550e-05
3.340000e+02 9.994280e-03 2.075289e-05
3.340000e+02 1.000986e-02 2.082567e-05
3.340000e+02 1.002580e-02 2.076532e-05
3.340000e+02 1.001756e-02 2.099125e-05
3.340000e+02 9.998360e-03 2.079254e-05
3.340000e+02 1.001374e-02 2.094246e-05
3.350000e+02 2.505764e-02 5.278448e-05
3.350000e+02 2.506728e-02 5.282348e-05
3.350000e+02 2.493751e-02 5.276055e-05
3.350000e+02 2.500732e-02 5.269115e-05
3.350000e+02 2.502147e-02 5.286095e-05
3.350000e+02 2.503986e-02 5.291366e-05
3.350000e+02 2.498781e-02 5.237430e-05
3.350000e+02 2.492320e-02 5.251658e-05
3.350000e+02 2.491158e-02 5.181634e-05
3.350000e+02 2.503691e-02 5.250594e-05
3.360000e+02 5.840943e-02 1.222310e-04
3.360000e+02 5.851700e-02 1.242314e-04
3.360000e+02 5.839823e-02 1.265625e-04
3.360000e+02 5.844684e-02 1.253019e-04
3.360000e+02 5.864244e-02 1.249694e-04
3.360000e+02 5.844669e-02 1.253505e-04
3.360000e+02 5.828874e-02 1.237212e-04
3.360000e+02 5.853675e-02 1.238452e-04
3.360000e+02 5.844003e-02 1.240866e-04
3.360000e+02 5.842536e-02 1.232546e-04
3.370000e+02 1.318955e-01 2.841965e-04
3.370000e+02 1.326436e-01 2.881290e-04
3.370000e+02 1.322331e-01 2.846700e-04
3.370000e+02 1.325913e-01 2.838420e-04
3.370000e+02 1.330489e-01 2.864451e-04
3.370000e+02 1.326787e-01 2.850760e-04
3.370000e+02 1.325157e-01 2.843662e-04
3.370000e+02 1.326266e-01 2.855651e-04
3.370000e+02 1.326252e-01 2.876057e-04
3.370000e+02 1.322982e-01 2.864861e-04
3.380000e+02 2.991598e-01 6.493587e-04
3.380000e+02 2.975989e-01 6.457834e-04
3.380000e+02 2.978835e-01 6.461178e-04
3.380000e+02 2.966581e-01 6.476603e-04
3.380000e+02 2.976024e-01 6.496268e-04
3.380000e+02 2.970699e-01 6.453801e-04
3.380000e+02 2.971049e-01 6.617211e-04
3.380000e+02 2.975233e-01 6.508640e-04
3.380000e+02 2.975771e-01 6.620489e-04
3.380000e+02 2.980392e-01 6.484660e-04
3.390000e+02 6.815609e-01 1.509350e-03
3.390000e+02 6.845940e-01 1.535731e-03
3.390000e+02 6.853808e-01 1.502133e-03
3.390000e+02 6.847469e-01 1.501347e-03
3.390000e+02 6.826826e-01 1.524559e-03
3.390000e+02 6.850164e-01 1.531724e-03
3.390000e+02 6.857557e-01 1.520417e-03
3.390000e+02 6.826459e-01 1.527924e-03
3.390000e+02 6.836313e-01 1.504869e-03
3.390000e+02 6.852520e-01 1.533469e-03
3.400000e+02 1.651559e+00 3.745308e-03
3.400000e+02 1.659743e+00 3.780659e-03
3.400000e+02 1.654608e+00 3.723295e-03
3.400000e+02 1.652867e+00 3.743724e-03
3.400000e+02 1.654841e+00 3.777944e-03
3.400000e+02 1.650628e+00 3.643773e-03
3.400000e+02 1.653302e+00 3.726074e-03
3.400000e+02 1.645893e+00 3.705894e-03
3.400000e+02 1.649184e+00 3.783951e-03
3.400000e+02 1.655716e+00 3.735156e-03
3.402000e+02 1.989931e+00 4.484350e-03
3.402000e+02 1.995142e+00 4.570495e-03
3.402000e+02 1.991919e+00 4.458373e-03
3.402000e+02 1.989892e+00 4.557268e-03
3.402000e+02 1.996403e+00 4.537725e-03
3.402000e+02 1.995048e+00 4.530419e-03
3.402000e+02 1.988705e+00 4.524958e-03
3.402000e+02 1.997207e+00 4.543863e-03
3.402000e+02 1.993330e+00 4.464912e-03
3.402000e+02 1.985442e+00 4.491980e-03
3.404000e+02 2.405437e+00 5.434505e-03
3.404000e+02 2.394289e+00 5.488419e-03
3.404000e+02 2.400222e+00 5.538508e-03
3.404000e+02 2.401368e+00 5.408105e-03
3.404000e+02 2.405293e+00 5.417173e-03
3.404000e+02 2.391822e+00 5.442419e-03
3.404000e+02 2.406083e+00 5.379639e-03
3.404000e+02 2.401440e+00 5.522564e-03
3.404000e+02 2.401829e+00 5.475248e-03
3.404000e+02 2.404964e+00 5.443805e-03
3.406000e+02 2.906473e+00 6.614895e-03
3.406000e+02 2.916601e+00 6.696477e-03
3.406000e+02 2.918774e+00 6.694638e-03
3.406000e+02 2.913495e+00 6.635519e-03
3.406000e+02 2.914800e+00 6.632300e-03
3.406000e+02 2.923646e+00 6.597018e-03
3.406000e+02 2.915151e+00 6.560439e-03
3.406000e+02 2.920390e+00 6.700127e-03
3.406000e+02 2.915181e+00 6.816893e-03
3.406000e+02 2.909705e+00 6.676555e-03
3.408000e+02 3.553953e+00 8.082634e-03
3.408000e+02 3.558745e+00 8.166373e-03
3.408000e+02 3.550702e+00 8.139564e-03
3.408000e+02 3.539966e+00 7.959692e-03
3.408000e+02 3.537519e+00 8.189729e-03
3.408000e+02 3.554664e+00 8.114801e-03
3.408000e+02 3.532090e+00 8.188528e-03
3.408000e+02 3.541963e+00 8.090159e-03
3.408000e+02 3.562078e+00 8.236134e-03
3.408000e+02 3.554780e+00 8.086298e-03
3.410000e+02 4.339448e+00 1.005544e-02
3.410000e+02 4.340089e+00 9.927514e-03
3.410000e+02 4.355945e+00 1.009110e-02
3.410000e+02 4.342632e+00 1.002995e-02
3.410000e+02 4.340296e+00 9.764647e-03
3.410000e+02 4.338283e+00 1.020242e-02
3.410000e+02 4.336402e+00 9.974679e-03
3.410000e+02 4.326831e+00 9.965880e-03
3.410000e+02 4.332799e+00 9.926040e-03
3.410000e+02 4.345542e+00 1.001593e-02
3.412000e+02 5.308807e+00 1.209818e-02
3.412000e+02 5.314260e+00 1.249688e-02
3.412000e+02 5.303103e+00 1.255051e-02
3.412000e+02 5.301746e+00 1.242378e-02
3.412000e+02 5.310385e+00 1.237862e-02
3.412000e+02 5.305715e+00 1.249086e-02
3.412000e+02 5.326391e+00 1.235903e-02
3.412000e+02 5.325521e+00 1.247850e-02
3.412000e+02 5.311021e+00 1.231030e-02
3.412000e+02 5.322325e+00 1.207828e-02
3.414000e+02 6.536549e+00 1.502476e-02
3.414000e+02 6.549937e+00 1.504873e-02
3.414000e+02 6.556895e+00 1.533891e-02
3.414000e+02 6.563142e+00 1.522669e-02
3.414000e+02 6.548917e+00 1.510903e-02
3.414000e+02 6.543116e+00 1.522084e-02
3.414000e+02 6.574456e+00 1.563975e-02
3.414000e+02 6.541274e+00 1.501318e-02
3.414000e+02 6.535336e+00 1.526142e-02
3.414000e+02 6.524578e+00 1.509432e-02
3.416000e+02 8.086763e+00 1.874267e-02
3.416000e+02 8.107649e+00 1.868754e-02
3.416000e+02 8.043670e+00 1.892574e-02
3.416000e+02 8.072183e+00 1.875304e-02
3.416000e+02 8.087237e+00 1.911706e-02
3.416000e+02 8.093811e+00 1.897062e-02
3.416000e+02 8.102448e+00 1.870296e-02
3.416000e+02 8.060104e+00 1.884271e-02
3.416000e+02 8.083483e+00 1.845503e-02
3.416000e+02 8.087839e+00 1.865510e-02
3.418000e+02 1.001921e+01 2.357860e-02
3.418000e+02 9.986682e+00 2.307223e-02
3.418000e+02 1.000289e+01 2.332764e-02
3.418000e+02 9.981830e+00 2.318756e-02
3.418000e+02 1.000664e+01 2.292844e-02
3.418000e+02 1.007012e+01 2.357641e-02
3.418000e+02 9.998209e+00 2.356678e-02
3.418000e+02 9.998450e+00 2.384867e-02
3.418000e+02 9.973389e+00 2.341190e-02
3.418000e+02 1.004988e+01 2.345156e-02
3.420000e+02 1.234922e+01 2.874355e-02
3.420000e+02 1.233469e+01 2.962230e-02
3.420000e+02 1.237426e+01 2.925466e-02
3.420000e+02 1.234425e+01 2.870277e-02
3.420000e+02 1.238636e+01 2.881947e-02
3.420000e+02 1.238356e+01 2.894680e-02
3.420000e+02 1.236828e+01 2.917336e-02
3.420000e+02 1.234505e+01 2.930372e-02
3.420000e+02 1.235864e+01 3.033640e-02
3.420000e+02 1.234937e+01 2.914126e-02
3.422000e+02 1.529884e+01 3.677782e-02
3.422000e+02 1.524546e+01 3.633312e-02
3.422000e+02 1.527615e+01 3.622169e-02
3.422000e+02 1.529357e+01 3.647690e-02
3.422000e+02 1.524452e+01 3.551315e-02
3.422000e+02 1.527449e+01 3.606758e-02
3.422000e+02 1.522711e+01 3.575858e-02
3.422000e+02 1.526479e+01 3.680919e-02
3.422000e+02 1.523589e+01 3.581220e-02
3.422000e+02 1.526588e+01 3.608291e-02
3.424000e+02 1.871666e+01 4.434128e-02
3.424000e+02 1.875380e+01 4.505327e-02
3.424000e+02 1.886141e+01 4.486901e-02
3.424000e+02 1.883798e+01 4.476682e-02
3.424000e+02 1.877609e+01 4.440932e-02
3.424000e+02 1.877038e+01 4.406449e-02
3.424000e+02 1.878306e+01 4.442338e-02
3.424000e+02 1.877096e+01 4.461159e-02
3.424000e+02 1.883562e+01 4.592936e-02
3.426000e+02 2.295772e+01 5.533508e-02
3.426000e+02 2.297027e+01 5.579319e-02
3.426000e+02 2.290016e+01 5.520253e-02
3.426000e+02 2.298729e+01 5.653526e-02
3.426000e+02 2.289766e+01 5.520396e-02
3.426000e+02 2.305939e+01 5.606274e-02
3.426000e+02 2.291585e+01 5.345368e-02
3.426000e+02 2.286742e+01 5.372182e-02
3.426000e+02 2.281359e+01 5.424545e-02
3.426000e+02 2.301618e+01 5.492231e-02
3.428000e+02 2.766465e+01 6.718305e-02
3.428000e+02 2.774531e+01 6.640235e-02
3.428000e+02 2.767851e+01 6.708951e-02
3.428000e+02 2.779681e+01 6.807883e-02
3.428000e+02 2.769686e+01 6.543845e-02
3.428000e+02 2.772609e+01 6.699427e-02
3.428000e+02 2.770130e+01 6.500340e-02
3.428000e+02 2.771422e+01 6.643628e-02
3.428000e+02 2.766936e+01 6.672324e-02
3.428000e+02 2.776067e+01 6.711339e-02
3.430000e+02 3.317528e+01 7.948300e-02
3.430000e+02 3.314985e+01 7.803410e-02
3.430000e+02 3.323246e+01 7.978349e-02
3.430000e+02 3.290643e+01 8.239978e-02
3.430000e+02 3.302289e+01 7.956904e-02
3.430000e+02 3.312487e+01 7.977268e-02
3.430000e+02 3.316722e+01 8.013753e-02
3.430000e+02 3.317830e+01 7.899155e-02
3.430000e+02 3.317985e+01 7.790964e-02
3.430000e+02 3.311891e+01 7.814159e-02
3.432000e+02 3.929293e+01 9.641230e-02
3.432000e+02 3.918798e+01 9.423376e-02
3.432000e+02 3.921185e+01 9.451541e-02
3.432000e+02 3.935638e+01 9.754205e-02
3.432000e+02 3.929132e+01 9.701166e-02
3.432000e+02 3.942729e+01 9.530368e-02
3.432000e+02 3.930806e+01 9.215802e-02
3.432000e+02 3.930520e+01 9.059140e-02
3.432000e+02 3.927114e+01 9.568575e-02
3.432000e+02 3.932019e+01 9.575037e-02
3.434000e+02 4.589756e+01 1.118830e-01
3.434000e+02 4.616256e+01 1.135394e-01
3.434000e+02 4.610155e+01 1.162573e-01
3.434000e+02 4.604503e+01 1.153493e-01
3.434000e+02 4.615321e+01 1.099310e-01
3.434000e+02 4.597755e+01 1.092167e-01
3.434000e+02 4.610718e+01 1.082842e-01
3.434000e+02 4.605640e+01 1.090455e-01
3.434000e+02 4.589945e+01 1.117385e-01
3.434000e+02 4.601444e+01 1.104127e-01
3.436000e+02 5.304224e+01 1.253199e-01
3.436000e+02 5.290823e+01 1.286407e-01
3.436000e+02 5.271606e+01 1.308510e-01
3.436000e+02 5.310999e+01 1.283920e-01
3.436000e+02 5.274064e+01 1.288603e-01
3.436000e+02 5.279915e+01 1.292794e-01
3.436000e+02 5.269876e+01 1.268025e-01
3.436000e+02 5.299966e+01 1.271578e-01
3.436000e+02 5.296436e+01 1.287054e-01
3.438000e+02 5.915537e+01 1.467291e-01
3.438000e+02 5.944120e+01 1.445355e-01
3.438000e+02 5.916013e+01 1.395940e-01
3.438000e+02 5.922496e+01 1.462283e-01
3.438000e+02 5.923046e+01 1.504845e-01
3.438000e+02 5.929580e+01 1.444144e-01
3.438000e+02 5.900465e+01 1.412716e-01
3.438000e+02 5.920491e+01 1.453345e-01
3.438000e+02 5.944827e+01 1.481924e-01
3.438000e+02 5.918867e+01 1.422261e-01
3.440000e+02 6.360606e+01 1.532093e-01
3.440000e+02 6.403223e+01 1.538561e-01
3.440000e+02 6.378833e+01 1.580196e-01
3.440000e+02 6.378762e+01 1.603363e-01
3.440000e+02 6.397054e+01 1.548079e-01
3.440000e+02 6.405161e+01 1.556616e-01
3.440000e+02 6.382710e+01 1.548000e-01
3.440000e+02 6.412368e+01 1.624636e-01
3.440000e+02 6.384625e+01 1.546676e-01
3.440000e+02 6.422344e+01 1.603168e-01
3.442000e+02 6.693203e+01 1.700581e-01
3.442000e+02 6.661364e+01 1.643858e-01
3.442000e+02 6.705710e+01 1.588024e-01
3.442000e+02 6.717302e+01 1.589588e-01
3.442000e+02 6.701650e+01 1.585543e-01
3.442000e+02 6.688913e+01 1.581231e-01
3.442000e+02 6.687634e+01 1.663959e-01
3.442000e+02 6.696993e+01 1.585784e-01
3.442000e+02 6.696620e+01 1.657847e-01
3.442000e+02 6.718615e+01 1.649892e-01
3.444000e+02 6.797132e+01 1.634746e-01
3.444000e+02 6.813082e+01 1.628679e-01
3.444000e+02 6.832732e+01 1.621957e-01
3.444000e+02 6.798371e+01 1.622601e-01
3.444000e+02 6.815993e+01 1.667897e-01
3.444000e+02 6.805957e+01 1.653521e-01
3.444000e+02 6.835627e+01 1.687701e-01
3.444000e+02 6.808361e+01 1.650954e-01
3.444000e+02 6.805226e+01 1.701191e-01
3.444000e+02 6.805790e+01 1.651803e-01
3.446000e+02 6.790024e+01 1.634974e-01
3.446000e+02 6.777722e+01 1.660783e-01
3.446000e+02 6.802759e+01 1.650589e-01
3.446000e+02 6.792925e+01 1.714527e-01
3.446000e+02 6.818143e+01 1.611598e-01
3.446000e+02 6.803749e+01 1.668876e-01
3.446000e+02 6.827344e+01 1.630716e-01
3.446000e+02 6.786063e+01 1.613882e-01
3.446000e+02 6.818261e+01 1.609495e-01
3.446000e+02 6.801874e+01 1.683341e-01
3.448000e+02 6.739418e+01 1.592112e-01
3.448000e+02 6.727459e+01 1.634616e-01
3.448000e+02 6.729192e+01 1.634144e-01
3.448000e+02 6.744145e+01 1.596993e-01
3.448000e+02 6.731288e+01 1.577191e-01
3.448000e+02 6.708546e+01 1.606020e-01
3.448000e+02 6.712119e+01 1.656908e-01
3.448000e+02 6.729910e+01 1.579439e-01
3.448000e+02 6.743734e+01 1.620130e-01
3.448000e+02 6.713922e+01 1.618686e-01
3.450000e+02 6.662478e+01 1.536980e-01
3.450000e+02 6.702973e+01 1.622910e-01
3.450000e+02 6.642066e+01 1.691297e-01
3.450000e+02 6.676577e+01 1.615921e-01
3.450000e+02 6.664451e+01 1.644548e-01
3.450000e+02 6.693787e+01 1.608110e-01
3.450000e+02 6.673112e+01 1.634751e-01
3.450000e+02 6.659531e+01 1.585923e-01
3.450000e+02 6.658619e+01 1.589827e-01
3.450000e+02 6.668087e+01 1.586043e-01
3.452000e+02 6.621012e+01 1.660592e-01
3.452000e+02 6.633360e+01 1.641427e-01
3.452000e+02 6.613362e+01 1.579542e-01
3.452000e+02 6.661252e+01 1.575202e-01
3.452000e+02 6.645895e+01 1.638712e-01
3.452000e+02 6.676299e+01 1.642623e-01
3.452000e+02 6.616479e+01 1.631771e-01
3.452000e+02 6.647703e+01 1.586434e-01
3.452000e+02 6.640588e+01 1.589181e-01
3.452000e+02 6.687480e+01 1.658180e-01
3.454000e+02 6.659289e+01 1.644560e-01
3.454000e+02 6.676577e+01 1.603078e-01
3.454000e+02 6.649736e+01 1.577564e-01
3.454000e+02 6.670023e+01 1.574935e-01
3.454000e+02 6.654004e+01 1.606113e-01
3.454000e+02 6.673171e+01 1.564930e-01
3.454000e+02 6.668100e+01 1.664559e-01
3.454000e+02 6.657238e+01 1.674618e-01
3.454000e+02 6.681658e+01 1.560977e-01
3.454000e+02 6.652956e+01 1.569513e-01
3.456000e+02 6.693680e+01 1.620712e-01
3.456000e+02 6.699643e+01 1.615052e-01
3.456000e+02 6.707614e+01 1.598786e-01
3.456000e+02 6.695963e+01 1.646687e-01
3.456000e+02 6.706335e+01 1.590429e-01
3.456000e+02 6.712723e+01 1.639681e-01
3.456000e+02 6.676281e+01 1.616400e-01
3.456000e+02 6.673199e+01 1.615789e-01
3.456000e+02 6.686438e+01 1.623947e-01
3.456000e+02 6.690808e+01 1.612992e-01
3.458000e+02 6.722554e+01 1.618039e-01
3.458000e+02 6.714108e+01 1.615192e-01
3.458000e+02 6.704832e+01 1.618131e-01
3.458000e+02 6.714909e+01 1.587721e-01
3.458000e+02 6.747893e+01 1.594558e-01
3.458000e+02 6.719869e+01 1.628638e-01
3.458000e+02 6.751690e+01 1.606659e-01
3.458000e+02 6.752708e+01 1.637033e-01
3.458000e+02 6.731499e+01 1.573698e-01
3.460000e+02 6.783058e+01 1.603242e-01
3.460000e+02 6.758888e+01 1.639240e-01
3.460000e+02 6.767210e+01 1.603588e-01
3.460000e+02 6.773398e+01 1.639497e-01
3.460000e+02 6.769278e+01 1.650951e-01
3.460000e+02 6.766175e+01 1.645765e-01
3.460000e+02 6.769656e+01 1.646118e-01
3.460000e+02 6.782604e+01 1.614248e-01
3.460000e+02 6.764317e+01 1.639848e-01
3.460000e+02 6.772933e+01 1.658344e-01
3.462000e+02 6.775232e+01 1.634214e-01
3.462000e+02 6.773950e+01 1.631701e-01
3.462000e+02 6.762234e+01 1.589601e-01
3.462000e+02 6.787416e+01 1.676112e-01
3.462000e+02 6.772300e+01 1.608545e-01
3.462000e+02 6.750575e+01 1.609386e-01
3.462000e+02 6.767440e+01 1.644331e-01
3.462000e+02 6.789078e+01 1.632923e-01
3.462000e+02 6.774396e+01 1.646702e-01
3.462000e+02 6.807119e+01 1.708206e-01
3.464000e+02 6.733472e+01 1.485556e-01
3.464000e+02 6.696195e+01 1.494136e-01
3.464000e+02 6.680668e+01 1.536678e-01
3.464000e+02 6.745559e+01 1.546302e-01
3.464000e+02 6.717429e+01 1.489212e-01
3.464000e+02 6.727800e+01 1.524384e-01
3.464000e+02 6.717099e+01 1.476294e-01
3.464000e+02 6.709989e+01 1.576203e-01
3.464000e+02 6.694269e+01 1.549266e-01
3.464000e+02 6.710882e+01 1.514417e-01
3.466000e+02 6.660486e+01 1.506560e-01
3.466000e+02 6.689592e+01 1.502783e-01
3.466000e+02 6.673055e+01 1.495509e-01
3.466000e+02 6.683092e+01 1.537417e-01
3.466000e+02 6.677205e+01 1.516849e-01
3.466000e+02 6.671943e+01 1.513791e-01
3.466000e+02 6.669491e+01 1.501037e-01
3.466000e+02 6.661080e+01 1.460250e-01
3.466000e+02 6.661726e+01 1.505865e-01
3.468000e+02 6.581091e+01 1.509727e-01
3.468000e+02 6.581240e+01 1.501968e-01
3.468000e+02 6.592818e+01 1.507933e-01
3.468000e+02 6.613916e+01 1.510635e-01
3.468000e+02 6.585160e+01 1.520802e-01
3.468000e+02 6.592968e+01 1.484366e-01
3.468000e+02 6.580361e+01 1.478503e-01
3.468000e+02 6.586505e+01 1.497920e-01
3.468000e+02 6.615304e+01 1.517210e-01
3.468000e+02 6.600220e+01 1.477272e-01
3.470000e+02 6.460621e+01 1.454172e-01
3.470000e+02 6.509645e+01 1.447137e-01
3.470000e+02 6.484093e+01 1.460812e-01
3.470000e+02 6.503586e+01 1.446089e-01
3.470000e+02 6.506702e+01 1.480565e-01
3.470000e+02 6.507408e+01 1.476886e-01
3.470000e+02 6.477563e+01 1.475405e-01
3.470000e+02 6.468228e+01 1.492392e-01
3.470000e+02 6.455397e+01 1.458293e-01
3.472000e+02 6.351495e+01 1.445477e-01
3.472000e+02 6.371358e+01 1.431503e-01
3.472000e+02 6.350053e+01 1.445214e-01
3.472000e+02 6.320618e+01 1.442904e-01
3.472000e+02 6.367794e+01 1.457630e-01
3.472000e+02 6.338927e+01 1.410985e-01
3.472000e+02 6.342248e+01 1.408618e-01
3.472000e+02 6.342844e+01 1.446059e-01
3.472000e+02 6.361572e+01 1.472564e-01
3.472000e+02 6.342301e+01 1.412630e-01
3.474000e+02 6.175173e+01 1.368495e-01
3.474000e+02 6.157950e+01 1.388928e-01
3.474000e+02 6.162835e+01 1.380570e-01
3.474000e+02 6.167651e+01 1.391967e-01
3.474000e+02 6.182273e+01 1.380992e-01
3.474000e+02 6.183853e+01 1.388862e-01
3.474000e+02 6.146885e+01 1.399239e-01
3.474000e+02 6.152885e+01 1.405260e-01
3.474000e+02 6.191127e+01 1.393473e-01
3.474000e+02 6.176153e+01 1.416714e-01
3.476000e+02 5.944192e+01 1.380773e-01
3.476000e+02 5.930493e+01 1.364097e-01
3.476000e+02 5.958553e+01 1.355378e-01
3.476000e+02 5.980997e+01 1.354883e-01
3.476000e+02 5.965045e+01 1.335913e-01
3.476000e+02 5.945513e+01 1.342560e-01
3.476000e+02 5.943628e+01 1.350624e-01
3.476000e+02 5.964541e+01 1.352905e-01
3.476000e+02 5.962598e+01 1.341434e-01
3.478000e+02 5.707607e+01 1.306435e-01
3.478000e+02 5.715515e+01 1.284764e-01
3.478000e+02 5.741362e+01 1.311401e-01
3.478000e+02 5.725736e+01 1.309644e-01
3.478000e+02 5.733376e+01 1.301636e-01
3.478000e+02 5.714905e+01 1.309085e-01
3.478000e+02 5.716045e+01 1.295853e-01
3.478000e+02 5.730205e+01 1.320783e-01
3.478000e+02 5.741294e+01 1.322094e-01
3.478000e+02 5.713575e+01 1.297776e-01
3.480000e+02 5.494451e+01 1.258735e-01
3.480000e+02 5.478428e+01 1.241726e-01
3.480000e+02 5.481583e+01 1.278899e-01
3.480000e+02 5.492915e+01 1.252284e-01
3.480000e+02 5.458463e+01 1.257006e-01
3.480000e+02 5.469059e+01 1.237287e-01
3.480000e+02 5.493751e+01 1.258358e-01
3.480000e+02 5.464790e+01 1.277898e-01
3.480000e+02 5.480455e+01 1.271141e-01
3.480000e+02 5.461465e+01 1.263582e-01
3.482000e+02 5.206242e+01 1.191467e-01
3.482000e+02 5.213536e+01 1.204888e-01
3.482000e+02 5.187050e+01 1.171179e-01
3.482000e+02 5.228202e+01 1.211509e-01
3.482000e+02 5.221415e+01 1.205982e-01
3.482000e+02 5.215453e+01 1.179537e-01
3.482000e+02 5.203372e+01 1.202978e-01
3.482000e+02 5.197949e+01 1.211965e-01
3.482000e+02 5.218489e+01 1.230383e-01
3.482000e+02 5.198438e+01 1.204403e-01
3.484000e+02 4.934215e+01 1.175356e-01
3.484000e+02 4.925212e+01 1.165048e-01
3.484000e+02 4.934290e+01 1.135168e-01
3.484000e+02 4.917655e+01 1.126036e-01
3.484000e+02 4.940184e+01 1.130268e-01
3.484000e+02 4.917585e+01 1.125629e-01
3.484000e+02 4.933424e+01 1.145932e-01
3.484000e+02 4.928416e+01 1.145349e-01
3.484000e+02 4.919996e+01 1.148153e-01
3.484000e+02 4.908856e+01 1.112015e-01
3.486000e+02 4.643745e+01 1.088380e-01
3.486000e+02 4.661307e+01 1.076309e-01
3.486000e+02 4.634951e+01 1.094110e-01
3.486000e+02 4.637568e+01 1.068050e-01
3.486000e+02 4.622115e+01 1.078243e-01
3.486000e+02 4.632750e+01 1.071549e-01
3.486000e+02 4.635753e+01 1.049588e-01
3.486000e+02 4.634939e+01 1.094534e-01
3.486000e+02 4.640562e+01 1.076016e-01
3.486000e+02 4.660633e+01 1.105874e-01
3.488000e+02 4.371954e+01 1.021070e-01
3.488000e+02 4.357957e+01 1.029488e-01
3.488000e+02 4.369477e+01 1.024157e-01
3.488000e+02 4.376783e+01 9.858450e-02
3.488000e+02 4.375226e+01 1.013112e-01
3.488000e+02 4.358121e+01 1.010526e-01
3.488000e+02 4.357045e+01 1.022638e-01
3.488000e+02 4.333522e+01 1.000600e-01
3.488000e+02 4.329463e+01 1.017012e-01
3.488000e+02 4.335107e+01 1.025997e-01
3.490000e+02 4.070771e+01 9.498053e-02
3.490000e+02 4.061724e+01 9.616055e-02
3.490000e+02 4.078040e+01 9.532654e-02
3.490000e+02 4.063806e+01 9.570200e-02
3.492000e+02 3.799525e+01 8.861450e-02
3.492000e+02 3.803463e+01 8.811043e-02
3.492000e+02 3.805651e+01 9.064497e-02
3.492000e+02 3.802239e+01 8.811296e-02
3.492000e+02 3.796297e+01 8.817208e-02
3.494000e+02 3.540169e+01 8.267053e-02
3.494000e+02 3.512914e+01 8.107417e-02
3.494000e+02 3.518687e+01 8.290075e-02
3.494000e+02 3.505549e+01 8.451583e-02
3.494000e+02 3.515999e+01 8.257437e-02
3.494000e+02 3.517774e+01 8.158131e-02
3.494000e+02 3.510186e+01 8.048776e-02
3.494000e+02 3.506177e+01 8.197758e-02
3.496000e+02 3.254083e+01 7.819080e-02
3.496000e+02 3.235918e+01 7.606777e-02
3.496000e+02 3.236004e+01 7.593723e-02
3.496000e+02 3.234068e+01 7.822859e-02
3.496000e+02 3.244146e+01 7.672523e-02
3.496000e+02 3.244213e+01 7.623634e-02
3.496000e+02 3.247046e+01 7.625754e-02
3.496000e+02 3.248468e+01 7.710539e-02
3.498000e+02 2.998856e+01 7.016183e-02
3.498000e+02 2.976350e+01 7.055293e-02
3.498000e+02 2.997327e+01 7.173333e-02
3.498000e+02 2.991907e+01 7.078473e-02
3.498000e+02 2.978488e+01 7.178573e-02
3.498000e+02 2.977854e+01 6.823423e-02
3.498000e+02 2.988563e+01 7.151901e-02
3.498000e+02 2.986568e+01 6.991547e-02
3.498000e+02 2.970944e+01 7.154703e-02
3.500000e+02 2.734871e+01 6.468690e-02
3.500000e+02 2.742363e+01 6.535251e-02
3.500000e+02 2.736446e+01 6.551495e-02
3.500000e+02 2.732361e+01 6.544278e-02
3.500000e+02 2.735042e+01 6.477797e-02
3.500000e+02 2.742475e+01 6.449795e-02
3.500000e+02 2.740953e+01 6.650285e-02
3.500000e+02 2.738430e+01 6.402500e-02
3.500000e+02 2.730081e+01 6.384547e-02
3.500000e+02 2.724306e+01 6.418809e-02
3.510000e+02 1.690954e+01 4.141992e-02
3.510000e+02 1.695947e+01 4.085629e-02
3.510000e+02 1.686028e+01 3.980759e-02
3.510000e+02 1.689082e+01 3.998500e-02
3.510000e+02 1.694088e+01 4.118720e-02
3.510000e+02 1.691421e+01 3.933941e-02
3.510000e+02 1.692960e+01 4.037841e-02
3.510000e+02 1.683079e+01 4.112735e-02
3.510000e+02 1.692380e+01 3.995690e-02
3.510000e+02 1.693928e+01 4.244193e-02
3.520000e+02 9.681693e+00 2.342874e-02
3.520000e+02 9.649716e+00 2.330024e-02
3.520000e+02 9.619685e+00 2.360891e-02
3.520000e+02 9.658299e+00 2.293376e-02
3.520000e+02 9.660255e+00 2.357700e-02
3.520000e+02 9.659239e+00 2.281926e-02
3.520000e+02 9.664344e+00 2.302433e-02
3.520000e+02 9.648130e+00 2.310429e-02
3.520000e+02 9.672440e+00 2.339546e-02
3.520000e+02 9.631298e+00 2.345935e-02
3.530000e+02 5.079357e+00 1.258622e-02
3.530000e+02 5.079045e+00 1.227704e-02
3.530000e+02 5.073322e+00 1.256601e-02
3.530000e+02 5.097871e+00 1.249786e-02
3.530000e+02 5.096670e+00 1.298367e-02
3.530000e+02 5.073201e+00 1.221004e-02
3.530000e+02 5.080670e+00 1.190630e-02
3.530000e+02 5.070736e+00 1.209975e-02
3.530000e+02 5.092428e+00 1.219312e-02
3.530000e+02 5.075789e+00 1.234776e-02
3.540000e+02 2.410635e+00 5.902594e-03
3.540000e+02 2.429380e+00 5.995721e-03
3.540000e+02 2.421107e+00 5.961073e-03
3.540000e+02 2.422586e+00 5.884724e-03
3.540000e+02 2.429109e+00 5.940136e-03
3.540000e+02 2.438942e+00 6.013178e-03
3.540000e+02 2.419482e+00 5.853884e-03
3.540000e+02 2.419202e+00 5.722014e-03
3.540000e+02 2.421813e+00 5.780780e-03
3.540000e+02 2.419053e+00 5.915191e-03
3.550000e+02 1.008818e+00 2.449701e-03
3.550000e+02 1.008352e+00 2.461180e-03
3.550000e+02 1.003993e+00 2.381110e-03
3.550000e+02 1.016345e+00 2.417553e-03
3.550000e+02 1.008571e+00 2.507302e-03
3.550000e+02 1.007870e+00 2.426846e-03
3.550000e+02 1.008514e+00 2.502066e-03
3.550000e+02 1.008706e+00 2.518133e-03
3.550000e+02 1.014534e+00 2.424490e-03
3.560000e+02 3.431160e-01 8.346672e-04
3.560000e+02 3.446868e-01 8.309026e-04
3.560000e+02 3.453971e-01 8.509850e-04
3.560000e+02 3.432359e-01 8.358554e-04
3.560000e+02 3.429540e-01 8.663134e-04
3.560000e+02 3.437334e-01 8.489755e-04
3.560000e+02 3.428934e-01 8.608498e-04
3.560000e+02 3.435910e-01 8.434264e-04
3.560000e+02 3.415997e-01 8.365034e-04
3.560000e+02 3.431091e-01 8.548934e-04
3.570000e+02 8.222128e-02 2.042091e-04
3.570000e+02 8.228834e-02 2.091837e-04
3.570000e+02 8.214583e-02 2.120188e-04
3.570000e+02 8.221705e-02 2.071315e-04
3.570000e+02 8.230119e-02 2.064380e-04
3.570000e+02 8.209727e-02 1.981863e-04
3.570000e+02 8.248612e-02 2.011283e-04
3.570000e+02 8.197290e-02 2.148423e-04
3.570000e+02 8.211744e-02 2.081040e-04
3.570000e+02 8.280632e-02 2.052690e-04
3.580000e+02 9.502454e-03 2.415841e-05
3.580000e+02 9.540587e-03 2.400712e-05
3.580000e+02 9.503341e-03 2.372232e-05
3.580000e+02 9.475101e-03 2.365708e-05
3.580000e+02 9.496999e-03 2.345405e-05
3.580000e+02 9.530878e-03 2.390387e-05
3.580000e+02 9.486203e-03 2.384504e-05
3.580000e+02 9.527926e-03 2.391201e-05
3.580000e+02 9.577708e-03 2.432494e-05
3.590000e+02 7.257550e-05 1.903650e-07
3.590000e+02 7.297977e-05 1.877679e-07
3.590000e+02 7.307213e-05 1.802979e-07
3.590000e+02 7.231307e-05 1.865429e-07
3.590000e+02 7.283535e-05 1.829689e-07
3.590000e+02 7.289103e-05 1.840192e-07
3.590000e+02 7.306392e-05 1.800542e-07
3.590000e+02 7.287515e-05 1.913902e-07
3.590000e+02 7.286432e-05 1.891029e-07
3.590000e+02 7.259173e-05 1.852419e-07
3.600000e+02 1.853262e-18 4.851499e-21
3.600000e+02 1.857167e-18 4.762927e-21
3.600000e+02 1.863045e-18 4.838548e-21
3.600000e+02 1.862304e-18 4.902914e-21
3.600000e+02 1.843596e-18 4.766468e-21
3.600000e+02 1.856692e-18 4.747735e-21
3.600000e+02 1.848800e-18 4.838024e-21
3.600000e+02 1.854893e-18 4.783373e-21
3.600000e+02 1.851236e-18 4.818301e-21
3.650000e+02 1.770139e-18 4.760786e-21
3.650000e+02 1.774791e-18 4.817955e-21
3.650000e+02 1.763403e-18 4.761007e-21
3.650000e+02 1.781617e-18 4.794396e-21
3.650000e+02 1.767882e-18 4.622249e-21
3.650000e+02 1.772136e-18 4.659933e-21
3.650000e+02 1.771182e-18 4.711426e-21
3.650000e+02 1.773493e-18 4.775305e-21
3.650000e+02 1.769520e-18 4.845892e-21
3.650000e+02 1.775473e-18 4.597261e-21
3.700000e+02 1.658277e-18 4.712607e-21
3.700000e+02 1.666080e-18 4.496157e-21
3.700000e+02 1.666034e-18 4.562180e-21
3.700000e+02 1.666473e-18 4.786538e-21
3.700000e+02 1.670190e-18 4.600611e-21
3.700000e+02 1.654578e-18 4.713602e-21
3.700000e+02 1.676846e-18 4.631527e-21
3.700000e+02 1.663017e-18 4.753079e-21
3.700000e+02 1.666283e-18 4.575803e-21
3.700000e+02 1.656358e-18 4.726165e-21
3.750000e+02 1.542411e-18 4.443274e-21
3.750000e+02 1.542933e-18 4.588163e-21
3.750000e+02 1.539610e-18 4.599033e-21
3.750000e+02 1.544886e-18 4.289919e-21
3.750000e+02 1.538000e-18 4.454225e-21
3.750000e+02 1.538143e-18 4.556690e-21
3.750000e+02 1.538455e-18 4.518958e-21
3.750000e+02 1.542710e-18 4.385238e-21
3.750000e+02 1.556026e-18 4.570461e-21
3.750000e+02 1.546759e-18 4.514998e-21
3.800000e+02 1.416968e-18 4.364596e-21
3.800000e+02 1.412801e-18 4.166924e-21
3.800000e+02 1.412150e-18 4.267788e-21
3.800000e+02 1.417482e-18 4.112426e-21
3.800000e+02 1.407574e-18 4.317163e-21
3.800000e+02 1.418755e-18 4.190345e-21
3.800000e+02 1.423324e-18 4.199174e-21
3.800000e+02 1.419168e-18 4.276127e-21
3.800000e+02 1.417872e-18 4.157195e-21
3.800000e+02 1.418538e-18 4.339392e-21
3.850000e+02 1.288483e-18 3.942110e-21
3.850000e+02 1.288132e-18 4.076356e-21
3.850000e+02 1.287258e-18 3.967885e-21
3.850000e+02 1.290656e-18 3.857326e-21
3.850000e+02 1.286943e-18 4.002557e-21
3.850000e+02 1.293628e-18 3.887760e-21
3.850000e+02 1.292120e-18 3.843428e-21
3.850000e+02 1.277520e-18 3.840239e-21
3.850000e+02 1.290860e-18 3.944052e-21
3.850000e+02 1.291742e-18 4.062267e-21
