3.250000e+02 2.122467e-03 4.204066e-06
3.250000e+02 2.116374e-03 4.181495e-06
3.250000e+02 2.130813e-03 4.169648e-06
3.250000e+02 2.123097e-03 4.211189e-06
3.250000e+02 2.122749e-03 4.138365e-06
3.250000e+02 2.126240e-03 4.250513e-06
3.250000e+02 2.118359e-03 4.217569e-06
3.250000e+02 2.124407e-03 4.193219e-06
3.250000e+02 2.124383e-03 4.192619e-06
3.250000e+02 2.126575e-03 4.182988e-06
3.260000e+02 3.811231e-03 7.507524e-06
3.260000e+02 3.796459e-03 7.597879e-06
3.260000e+02 3.802489e-03 7.560923e-06
3.260000e+02 3.798664e-03 7.571363e-06
3.260000e+02 3.808436e-03 7.529348e-06
3.260000e+02 3.794642e-03 7.585659e-06
3.260000e+02 3.808680e-03 7.612524e-06
3.260000e+02 3.798922e-03 7.543508e-06
3.260000e+02 3.796621e-03 7.622999e-06
3.260000e+02 3.807631e-03 7.505868e-06
3.270000e+02 6.551338e-03 1.317170e-05
3.270000e+02 6.557537e-03 1.307491e-05
3.270000e+02 6.547882e-03 1.302420e-05
3.270000e+02 6.555363e-03 1.313874e-05
3.270000e+02 6.562454e-03 1.311238e-05
3.270000e+02 6.561366e-03 1.300516e-05
3.270000e+02 6.571481e-03 1.313749e-05
3.270000e+02 6.533881e-03 1.304776e-05
3.270000e+02 6.543117e-03 1.313345e-05
3.270000e+02 6.543014e-03 1.296027e-05
3.280000e+02 1.096472e-02 2.202792e-05
3.280000e+02 1.097961e-02 2.193304e-05
3.280000e+02 1.098739e-02 2.178448e-05
3.280000e+02 1.098472e-02 2.193307e-05
3.280000e+02 1.097295e-02 2.186018e-05
3.280000e+02 1.096190e-02 2.179414e-05
3.280000e+02 1.101883e-02 2.196340e-05
3.280000e+02 1.102432e-02 2.202825e-05
3.280000e+02 1.097164e-02 2.210718e-05
3.280000e+02 1.096609e-02 2.217074e-05
3.290000e+02 1.796522e-02 3.633401e-05
3.290000e+02 1.806564e-02 3.645555e-05
3.290000e+02 1.795088e-02 3.669868e-05
3.290000e+02 1.803285e-02 3.653919e-05
3.290000e+02 1.802992e-02 3.681884e-05
3.290000e+02 1.802039e-02 3.643890e-05
3.290000e+02 1.804936e-02 3.628184e-05
3.290000e+02 1.805559e-02 3.661628e-05
3.290000e+02 1.803871e-02 3.616612e-05
3.290000e+02 1.798641e-02 3.584776e-05
3.300000e+02 2.915487e-02 5.908799e-05
3.300000e+02 2.907306e-02 5.955341e-05
3.300000e+02 2.907991e-02 5.853016e-05
3.300000e+02 2.911063e-02 5.893691e-05
3.300000e+02 2.904062e-02 5.958781e-05
3.300000e+02 2.916150e-02 5.953070e-05
3.300000e+02 2.902723e-02 5.967624e-05
3.300000e+02 2.918292e-02 5.952565e-05
3.300000e+02 2.914455e-02 5.965160e-05
3.300000e+02 2.910665e-02 5.868121e-05
3.310000e+02 4.651274e-02 9.460748e-05
3.310000e+02 4.655718e-02 9.619569e-05
3.310000e+02 4.673578e-02 9.581692e-05
3.310000e+02 4.646254e-02 9.509143e-05
3.310000e+02 4.641264e-02 9.405487e-05
3.310000e+02 4.655820e-02 9.496038e-05
3.310000e+02 4.636463e-02 9.561898e-05
3.310000e+02 4.653433e-02 9.471810e-05
3.310000e+02 4.649148e-02 9.448284e-05
3.310000e+02 4.633531e-02 9.448459e-05
3.320000e+02 7.416329e-02 1.527258e-04
3.320000e+02 7.386431e-02 1.513276e-04
3.320000e+02 7.372647e-02 1.528691e-04
3.320000e+02 7.389646e-02 1.525871e-04
3.320000e+02 7.383571e-02 1.518066e-04
3.320000e+02 7.401973e-02 1.517471e-04
3.320000e+02 7.376824e-02 1.526190e-04
3.320000e+02 7.383878e-02 1.523395e-04
3.320000e+02 7.378047e-02 1.517216e-04
3.320000e+02 7.372531e-02 1.542511e-04
3.330000e+02 1.171240e-01 2.437439e-04
3.330000e+02 1.171151e-01 2.455105e-04
3.330000e+02 1.173939e-01 2.455609e-04
3.330000e+02 1.171134e-01 2.421070e-04
3.330000e+02 1.176097e-01 2.410355e-04
3.330000e+02 1.172967e-01 2.428647e-04
3.330000e+02 1.173835e-01 2.440797e-04
3.330000e+02 1.173400e-01 2.420299e-04
3.330000e+02 1.176391e-01 2.422962e-04
3.330000e+02 1.169594e-01 2.438849e-04
3.340000e+02 1.868954e-01 3.942500e-04
3.340000e+02 1.870679e-01 3.892569e-04
3.340000e+02 1.862824e-01 3.885863e-04
3.340000e+02 1.862805e-01 3.894796e-04
3.340000e+02 1.867452e-01 3.986201e-04
3.340000e+02 1.860786e-01 3.923252e-04
3.340000e+02 1.867039e-01 3.839455e-04
3.340000e+02 1.859889e-01 3.880493e-04
3.340000e+02 1.863541e-01 3.880354e-04
3.340000e+02 1.866665e-01 3.873033e-04
3.350000e+02 2.982012e-01 6.317681e-04
3.350000e+02 2.990441e-01 6.352221e-04
3.350000e+02 2.982183e-01 6.346384e-04
3.350000e+02 2.982938e-01 6.390560e-04
3.350000e+02 2.981181e-01 6.318832e-04
3.350000e+02 2.996926e-01 6.411713e-04
3.350000e+02 2.998060e-01 6.251138e-04
3.350000e+02 2.989261e-01 6.317441e-04
3.350000e+02 2.994095e-01 6.326657e-04
3.350000e+02 2.988082e-01 6.351593e-04
3.360000e+02 4.835871e-01 1.043214e-03
3.360000e+02 4.866047e-01 1.039496e-03
3.360000e+02 4.831899e-01 1.023532e-03
3.360000e+02 4.846528e-01 1.043112e-03
3.360000e+02 4.853239e-01 1.038722e-03
3.360000e+02 4.850023e-01 1.037794e-03
3.360000e+02 4.853916e-01 1.051463e-03
3.360000e+02 4.834909e-01 1.044469e-03
3.360000e+02 4.838552e-01 1.029675e-03
3.360000e+02 4.861562e-01 1.032804e-03
3.370000e+02 7.961905e-01 1.749929e-03
3.370000e+02 7.967629e-01 1.717481e-03
3.370000e+02 7.984582e-01 1.728288e-03
3.370000e+02 7.976112e-01 1.731043e-03
3.370000e+02 7.969536e-01 1.730242e-03
3.370000e+02 7.979518e-01 1.752122e-03
3.370000e+02 7.983812e-01 1.729788e-03
3.370000e+02 8.006313e-01 1.726297e-03
3.370000e+02 8.000222e-01 1.732988e-03
3.370000e+02 8.012820e-01 1.731175e-03
3.380000e+02 1.338626e+00 2.966536e-03
3.380000e+02 1.344576e+00 2.993972e-03
3.380000e+02 1.340220e+00 2.913326e-03
3.380000e+02 1.346705e+00 2.952003e-03
3.380000e+02 1.344374e+00 2.984762e-03
3.380000e+02 1.341294e+00 2.986732e-03
3.380000e+02 1.344203e+00 2.913902e-03
3.380000e+02 1.344414e+00 2.961268e-03
3.380000e+02 1.337695e+00 2.944762e-03
3.380000e+02 1.346632e+00 2.979336e-03
3.390000e+02 2.302022e+00 5.148014e-03
3.390000e+02 2.302531e+00 5.077089e-03
3.390000e+02 2.299954e+00 5.171810e-03
3.390000e+02 2.298829e+00 5.159270e-03
3.390000e+02 2.306987e+00 5.183780e-03
3.390000e+02 2.306741e+00 5.117239e-03
3.390000e+02 2.302257e+00 5.139741e-03
3.390000e+02 2.305846e+00 5.142237e-03
3.390000e+02 2.307477e+00 5.098580e-03
3.390000e+02 2.302873e+00 5.044992e-03
3.400000e+02 3.997474e+00 9.044734e-03
3.400000e+02 4.002967e+00 9.175093e-03
3.400000e+02 4.005314e+00 9.068607e-03
3.400000e+02 3.989521e+00 8.982544e-03
3.400000e+02 3.998938e+00 9.139972e-03
3.400000e+02 3.999476e+00 9.047845e-03
3.400000e+02 3.994219e+00 9.115508e-03
3.400000e+02 3.987207e+00 8.996424e-03
3.400000e+02 4.005401e+00 9.106299e-03
3.400000e+02 4.009997e+00 9.090698e-03
3.402000e+02 4.469035e+00 1.020685e-02
3.402000e+02 4.451844e+00 1.021686e-02
3.402000e+02 4.464430e+00 1.011507e-02
3.402000e+02 4.462809e+00 1.031825e-02
3.402000e+02 4.471654e+00 1.014626e-02
3.402000e+02 4.463790e+00 1.025311e-02
3.402000e+02 4.457951e+00 1.008178e-02
3.402000e+02 4.473211e+00 1.038788e-02
3.402000e+02 4.469055e+00 1.024359e-02
3.402000e+02 4.453126e+00 1.025788e-02
3.404000e+02 4.962536e+00 1.156277e-02
3.404000e+02 4.969877e+00 1.153976e-02
3.404000e+02 4.982728e+00 1.129330e-02
3.404000e+02 4.986156e+00 1.130958e-02
3.404000e+02 4.992034e+00 1.106608e-02
3.404000e+02 4.957084e+00 1.130815e-02
3.404000e+02 4.956849e+00 1.134513e-02
3.404000e+02 4.966312e+00 1.125428e-02
3.404000e+02 4.958841e+00 1.133999e-02
3.404000e+02 4.959685e+00 1.138594e-02
3.406000e+02 5.564023e+00 1.269739e-02
3.406000e+02 5.534227e+00 1.283424e-02
3.406000e+02 5.553340e+00 1.282524e-02
3.406000e+02 5.563856e+00 1.285998e-02
3.406000e+02 5.545004e+00 1.253258e-02
3.406000e+02 5.558155e+00 1.285946e-02
3.406000e+02 5.547576e+00 1.273338e-02
3.406000e+02 5.550840e+00 1.294138e-02
3.406000e+02 5.561820e+00 1.277057e-02
3.406000e+02 5.558945e+00 1.298809e-02
3.408000e+02 6.243840e+00 1.446921e-02
3.408000e+02 6.252808e+00 1.458541e-02
3.408000e+02 6.240917e+00 1.433847e-02
3.408000e+02 6.234220e+00 1.463423e-02
3.408000e+02 6.226754e+00 1.443838e-02
3.408000e+02 6.216750e+00 1.433161e-02
3.408000e+02 6.243889e+00 1.444616e-02
3.408000e+02 6.246001e+00 1.436408e-02
3.408000e+02 6.210592e+00 1.453147e-02
3.408000e+02 6.255796e+00 1.475671e-02
3.410000e+02 7.036022e+00 1.641992e-02
3.410000e+02 7.034082e+00 1.641002e-02
3.410000e+02 7.025052e+00 1.617350e-02
3.410000e+02 7.074957e+00 1.623635e-02
3.410000e+02 7.037905e+00 1.621816e-02
3.410000e+02 7.022032e+00 1.622664e-02
3.410000e+02 7.039011e+00 1.628331e-02
3.410000e+02 7.028249e+00 1.607642e-02
3.410000e+02 7.041508e+00 1.613904e-02
3.410000e+02 6.998515e+00 1.607998e-02
3.412000e+02 8.007373e+00 1.853767e-02
3.412000e+02 7.961426e+00 1.888993e-02
3.412000e+02 8.019503e+00 1.872100e-02
3.412000e+02 7.989931e+00 1.875048e-02
3.412000e+02 7.953766e+00 1.846738e-02
3.412000e+02 7.994927e+00 1.853991e-02
3.412000e+02 8.021191e+00 1.902967e-02
3.412000e+02 7.995550e+00 1.915084e-02
3.412000e+02 7.981130e+00 1.870586e-02
3.414000e+02 9.137651e+00 2.113610e-02
3.414000e+02 9.131611e+00 2.127940e-02
3.414000e+02 9.155594e+00 2.099923e-02
3.414000e+02 9.129762e+00 2.153052e-02
3.414000e+02 9.108120e+00 2.141601e-02
3.414000e+02 9.123400e+00 2.127611e-02
3.414000e+02 9.138663e+00 2.140191e-02
3.414000e+02 9.111350e+00 2.105923e-02
3.414000e+02 9.143491e+00 2.116210e-02
3.416000e+02 1.046625e+01 2.480340e-02
3.416000e+02 1.049791e+01 2.428537e-02
3.416000e+02 1.043976e+01 2.489465e-02
3.416000e+02 1.050596e+01 2.469307e-02
3.416000e+02 1.050575e+01 2.536629e-02
3.416000e+02 1.050679e+01 2.429402e-02
3.416000e+02 1.047825e+01 2.519848e-02
3.416000e+02 1.051075e+01 2.477808e-02
3.416000e+02 1.044404e+01 2.440895e-02
3.416000e+02 1.047939e+01 2.478333e-02
3.418000e+02 1.212679e+01 2.806419e-02
3.418000e+02 1.213850e+01 2.842012e-02
3.418000e+02 1.216845e+01 2.854669e-02
3.418000e+02 1.215444e+01 2.828541e-02
3.418000e+02 1.217071e+01 2.860708e-02
3.418000e+02 1.216467e+01 2.875281e-02
3.418000e+02 1.212751e+01 2.844584e-02
3.418000e+02 1.217414e+01 2.872396e-02
3.418000e+02 1.218918e+01 2.865627e-02
3.418000e+02 1.211454e+01 2.842348e-02
3.420000e+02 1.416529e+01 3.345835e-02
3.420000e+02 1.419470e+01 3.342682e-02
3.420000e+02 1.420402e+01 3.359590e-02
3.420000e+02 1.416419e+01 3.335722e-02
3.420000e+02 1.418811e+01 3.337312e-02
3.420000e+02 1.418838e+01 3.298709e-02
3.420000e+02 1.422013e+01 3.294218e-02
3.420000e+02 1.417985e+01 3.380924e-02
3.420000e+02 1.417712e+01 3.362213e-02
3.420000e+02 1.418531e+01 3.316524e-02
3.422000e+02 1.662925e+01 3.965677e-02
3.422000e+02 1.657084e+01 3.978544e-02
3.422000e+02 1.666470e+01 3.927520e-02
3.422000e+02 1.664650e+01 3.887095e-02
3.422000e+02 1.665278e+01 3.932554e-02
3.422000e+02 1.658186e+01 3.882139e-02
3.422000e+02 1.666466e+01 3.923137e-02
3.422000e+02 1.667485e+01 3.939178e-02
3.422000e+02 1.664117e+01 3.897208e-02
3.422000e+02 1.669711e+01 3.869648e-02
3.424000e+02 1.968680e+01 4.745255e-02
3.424000e+02 1.961500e+01 4.607430e-02
3.424000e+02 1.962332e+01 4.738113e-02
3.424000e+02 1.972985e+01 4.650461e-02
3.424000e+02 1.967394e+01 4.592038e-02
3.424000e+02 1.965600e+01 4.562075e-02
3.424000e+02 1.963732e+01 4.551922e-02
3.424000e+02 1.961557e+01 4.615476e-02
3.424000e+02 1.972633e+01 4.592440e-02
3.424000e+02 1.966556e+01 4.741261e-02
3.426000e+02 2.333247e+01 5.607854e-02
3.426000e+02 2.323391e+01 5.641021e-02
3.426000e+02 2.330438e+01 5.590751e-02
3.426000e+02 2.325464e+01 5.619312e-02
3.426000e+02 2.335423e+01 5.639312e-02
3.426000e+02 2.326274e+01 5.427563e-02
3.426000e+02 2.327993e+01 5.529216e-02
3.426000e+02 2.331720e+01 5.610729e-02
3.426000e+02 2.335764e+01 5.470477e-02
3.426000e+02 2.327656e+01 5.551568e-02
3.428000e+02 2.770674e+01 6.840325e-02
3.428000e+02 2.777575e+01 6.816928e-02
3.428000e+02 2.793200e+01 6.715641e-02
3.428000e+02 2.779101e+01 6.691059e-02
3.428000e+02 2.770355e+01 6.650952e-02
3.428000e+02 2.781758e+01 6.766453e-02
3.428000e+02 2.787145e+01 6.759804e-02
3.428000e+02 2.785542e+01 6.647478e-02
3.428000e+02 2.774337e+01 6.705456e-02
3.428000e+02 2.773452e+01 6.718066e-02
3.430000e+02 3.312631e+01 8.297526e-02
3.430000e+02 3.311384e+01 7.926679e-02
3.430000e+02 3.330445e+01 7.899066e-02
3.430000e+02 3.321619e+01 7.760159e-02
3.430000e+02 3.309679e+01 7.960619e-02
3.430000e+02 3.328513e+01 7.794214e-02
3.430000e+02 3.323628e+01 8.041892e-02
3.430000e+02 3.302652e+01 7.941988e-02
3.430000e+02 3.316719e+01 8.098699e-02
3.430000e+02 3.302463e+01 7.956883e-02
3.432000e+02 3.921215e+01 9.424834e-02
3.432000e+02 3.918208e+01 9.303010e-02
3.432000e+02 3.924351e+01 9.439871e-02
3.432000e+02 3.930247e+01 9.304887e-02
3.432000e+02 3.917963e+01 9.562527e-02
3.432000e+02 3.929643e+01 9.528087e-02
3.432000e+02 3.903672e+01 9.244726e-02
3.432000e+02 3.919077e+01 9.481750e-02
3.432000e+02 3.929736e+01 9.565598e-02
3.432000e+02 3.936736e+01 9.482388e-02
3.434000e+02 4.598815e+01 1.076580e-01
3.434000e+02 4.588266e+01 1.110940e-01
3.434000e+02 4.586529e+01 1.098229e-01
3.434000e+02 4.610680e+01 1.085541e-01
3.434000e+02 4.586167e+01 1.143947e-01
3.434000e+02 4.617384e+01 1.111939e-01
3.434000e+02 4.597519e+01 1.124659e-01
3.434000e+02 4.610221e+01 1.130444e-01
3.434000e+02 4.584901e+01 1.084193e-01
3.436000e+02 5.293578e+01 1.295745e-01
3.436000e+02 5.299533e+01 1.265338e-01
3.436000e+02 5.280378e+01 1.238199e-01
3.436000e+02 5.293498e+01 1.269338e-01
3.436000e+02 5.284986e+01 1.265250e-01
3.436000e+02 5.317099e+01 1.328668e-01
3.436000e+02 5.304324e+01 1.252316e-01
3.436000e+02 5.287850e+01 1.291303e-01
3.436000e+02 5.276082e+01 1.273026e-01
3.436000e+02 5.309542e+01 1.272299e-01
3.438000e+02 5.910479e+01 1.443910e-01
3.438000e+02 5.885561e+01 1.410159e-01
3.438000e+02 5.925290e+01 1.395783e-01
3.438000e+02 5.908796e+01 1.424044e-01
3.438000e+02 5.923639e+01 1.436536e-01
3.438000e+02 5.940356e+01 1.433486e-01
3.438000e+02 5.896256e+01 1.451369e-01
3.438000e+02 5.921340e+01 1.452085e-01
3.438000e+02 5.919092e+01 1.424478e-01
3.438000e+02 5.888599e+01 1.417105e-01
3.440000e+02 6.392583e+01 1.576563e-01
3.440000e+02 6.402794e+01 1.576757e-01
3.440000e+02 6.393405e+01 1.543893e-01
3.440000e+02 6.432955e+01 1.554113e-01
3.440000e+02 6.408803e+01 1.545783e-01
3.440000e+02 6.414029e+01 1.574503e-01
3.440000e+02 6.426846e+01 1.537603e-01
3.440000e+02 6.428545e+01 1.541708e-01
3.440000e+02 6.405673e+01 1.514079e-01
3.440000e+02 6.411626e+01 1.558529e-01
3.442000e+02 6.691401e+01 1.609291e-01
3.442000e+02 6.710400e+01 1.601541e-01
3.442000e+02 6.676023e+01 1.678424e-01
3.442000e+02 6.693888e+01 1.692866e-01
3.442000e+02 6.689723e+01 1.643570e-01
3.442000e+02 6.662432e+01 1.648727e-01
3.442000e+02 6.681489e+01 1.626918e-01
3.442000e+02 6.717374e+01 1.611032e-01
3.442000e+02 6.668557e+01 1.653791e-01
3.442000e+02 6.715312e+01 1.620404e-01
3.444000e+02 6.826571e+01 1.667377e-01
3.444000e+02 6.808767e+01 1.661284e-01
3.444000e+02 6.823742e+01 1.670417e-01
3.444000e+02 6.834100e+01 1.646690e-01
3.444000e+02 6.809747e+01 1.641493e-01
3.444000e+02 6.811236e+01 1.650861e-01
3.444000e+02 6.805435e+01 1.659195e-01
3.444000e+02 6.818218e+01 1.641167e-01
3.444000e+02 6.829671e+01 1.649882e-01
3.444000e+02 6.830722e+01 1.667513e-01
3.446000e+02 6.791811e+01 1.619207e-01
3.446000e+02 6.802656e+01 1.608509e-01
3.446000e+02 6.753305e+01 1.636426e-01
3.446000e+02 6.784381e+01 1.608705e-01
3.446000e+02 6.780348e+01 1.633929e-01
3.446000e+02 6.777111e+01 1.634670e-01
3.446000e+02 6.815639e+01 1.642630e-01
3.446000e+02 6.819547e+01 1.650324e-01
3.446000e+02 6.798569e+01 1.638494e-01
3.448000e+02 6.713518e+01 1.633475e-01
3.448000e+02 6.732561e+01 1.684279e-01
3.448000e+02 6.735905e+01 1.615966e-01
3.448000e+02 6.717928e+01 1.573044e-01
3.448000e+02 6.726177e+01 1.612821e-01
3.448000e+02 6.723908e+01 1.612960e-01
3.448000e+02 6.741219e+01 1.639464e-01
3.448000e+02 6.704525e+01 1.624087e-01
3.448000e+02 6.712517e+01 1.660118e-01
3.450000e+02 6.654766e+01 1.595970e-01
3.450000e+02 6.670288e+01 1.625465e-01
3.450000e+02 6.659061e+01 1.546732e-01
3.450000e+02 6.691063e+01 1.600192e-01
3.450000e+02 6.640417e+01 1.573598e-01
3.450000e+02 6.675000e+01 1.623069e-01
3.450000e+02 6.658394e+01 1.615777e-01
3.450000e+02 6.646581e+01 1.572478e-01
3.450000e+02 6.689655e+01 1.570530e-01
3.450000e+02 6.671232e+01 1.583709e-01
3.452000e+02 6.641296e+01 1.617140e-01
3.452000e+02 6.665241e+01 1.580542e-01
3.452000e+02 6.637608e+01 1.572228e-01
3.452000e+02 6.649581e+01 1.584060e-01
3.452000e+02 6.662605e+01 1.574930e-01
3.452000e+02 6.659151e+01 1.630475e-01
3.452000e+02 6.645501e+01 1.609475e-01
3.452000e+02 6.659661e+01 1.586146e-01
3.452000e+02 6.655325e+01 1.598590e-01
3.452000e+02 6.660740e+01 1.601941e-01
3.454000e+02 6.688366e+01 1.644005e-01
3.454000e+02 6.641648e+01 1.603708e-01
3.454000e+02 6.635845e+01 1.593960e-01
3.454000e+02 6.668049e+01 1.607492e-01
3.454000e+02 6.671743e+01 1.588529e-01
3.454000e+02 6.665157e+01 1.604079e-01
3.454000e+02 6.690438e+01 1.614857e-01
3.454000e+02 6.660840e+01 1.564547e-01
3.454000e+02 6.689354e+01 1.665832e-01
3.454000e+02 6.688534e+01 1.652931e-01
3.456000e+02 6.753117e+01 1.636240e-01
3.456000e+02 6.746777e+01 1.637269e-01
3.456000e+02 6.739370e+01 1.665710e-01
3.456000e+02 6.758338e+01 1.606404e-01
3.456000e+02 6.776127e+01 1.614650e-01
3.456000e+02 6.727653e+01 1.615623e-01
3.456000e+02 6.772327e+01 1.642123e-01
3.456000e+02 6.744462e+01 1.658841e-01
3.456000e+02 6.753408e+01 1.638042e-01
3.458000e+02 6.855449e+01 1.647093e-01
3.458000e+02 6.836783e+01 1.627217e-01
3.458000e+02 6.894957e+01 1.702198e-01
3.458000e+02 6.860524e+01 1.625209e-01
3.458000e+02 6.867659e+01 1.711269e-01
3.458000e+02 6.849244e+01 1.646223e-01
3.458000e+02 6.856544e+01 1.681881e-01
3.458000e+02 6.868821e+01 1.713322e-01
3.458000e+02 6.874729e+01 1.614475e-01
3.460000e+02 6.995507e+01 1.668131e-01
3.460000e+02 6.994804e+01 1.685412e-01
3.460000e+02 7.005791e+01 1.660870e-01
3.460000e+02 6.971492e+01 1.729014e-01
3.460000e+02 6.966777e+01 1.729756e-01
3.460000e+02 6.976024e+01 1.689537e-01
3.460000e+02 6.969114e+01 1.670728e-01
3.460000e+02 6.968340e+01 1.696253e-01
3.460000e+02 6.955094e+01 1.735717e-01
3.460000e+02 6.988030e+01 1.697839e-01
3.462000e+02 7.068131e+01 1.731278e-01
3.462000e+02 7.089089e+01 1.696422e-01
3.462000e+02 7.120304e+01 1.698296e-01
3.462000e+02 7.101011e+01 1.693038e-01
3.462000e+02 7.078075e+01 1.750971e-01
3.462000e+02 7.099869e+01 1.713651e-01
3.462000e+02 7.109435e+01 1.705436e-01
3.462000e+02 7.099098e+01 1.746312e-01
3.462000e+02 7.111730e+01 1.722481e-01
3.462000e+02 7.104438e+01 1.733653e-01
3.464000e+02 7.153535e+01 1.647295e-01
3.464000e+02 7.200862e+01 1.649180e-01
3.464000e+02 7.201782e+01 1.629662e-01
3.464000e+02 7.204808e+01 1.654176e-01
3.464000e+02 7.144757e+01 1.618129e-01
3.464000e+02 7.184905e+01 1.587578e-01
3.464000e+02 7.163684e+01 1.594900e-01
3.464000e+02 7.178176e+01 1.630289e-01
3.464000e+02 7.168407e+01 1.660654e-01
3.464000e+02 7.201216e+01 1.688746e-01
3.466000e+02 7.291708e+01 1.663041e-01
3.466000e+02 7.320076e+01 1.659897e-01
3.466000e+02 7.289804e+01 1.647487e-01
3.466000e+02 7.297367e+01 1.625342e-01
3.466000e+02 7.320761e+01 1.680446e-01
3.466000e+02 7.311065e+01 1.640342e-01
3.466000e+02 7.282483e+01 1.657443e-01
3.466000e+02 7.300499e+01 1.673462e-01
3.466000e+02 7.310048e+01 1.659039e-01
3.466000e+02 7.321968e+01 1.655840e-01
3.468000e+02 7.430076e+01 1.720176e-01
3.468000e+02 7.407499e+01 1.628766e-01
3.468000e+02 7.418414e+01 1.701610e-01
3.468000e+02 7.419225e+01 1.676889e-01
3.468000e+02 7.389206e+01 1.667874e-01
3.468000e+02 7.412213e+01 1.647592e-01
3.468000e+02 7.434976e+01 1.653240e-01
3.468000e+02 7.434698e+01 1.677167e-01
3.468000e+02 7.436591e+01 1.676672e-01
3.468000e+02 7.448424e+01 1.711981e-01
3.470000e+02 7.536988e+01 1.739151e-01
3.470000e+02 7.518103e+01 1.719453e-01
3.470000e+02 7.514834e+01 1.670695e-01
3.470000e+02 7.537906e+01 1.724744e-01
3.470000e+02 7.509452e+01 1.719904e-01
3.470000e+02 7.519523e+01 1.696701e-01
3.470000e+02 7.547498e+01 1.717310e-01
3.470000e+02 7.543333e+01 1.721498e-01
3.470000e+02 7.503296e+01 1.745958e-01
3.472000e+02 7.624503e+01 1.740833e-01
3.472000e+02 7.592228e+01 1.743078e-01
3.472000e+02 7.625377e+01 1.713953e-01
3.472000e+02 7.624250e+01 1.721434e-01
3.472000e+02 7.641774e+01 1.773841e-01
3.472000e+02 7.606505e+01 1.725659e-01
3.472000e+02 7.613722e+01 1.723999e-01
3.472000e+02 7.658017e+01 1.730613e-01
3.474000e+02 7.751489e+01 1.794540e-01
3.474000e+02 7.768424e+01 1.794472e-01
3.474000e+02 7.732855e+01 1.789144e-01
3.474000e+02 7.743470e+01 1.776162e-01
3.474000e+02 7.712707e+01 1.771123e-01
3.474000e+02 7.738322e+01 1.791474e-01
3.474000e+02 7.734670e+01 1.746081e-01
3.474000e+02 7.743286e+01 1.801314e-01
3.474000e+02 7.756214e+01 1.791236e-01
3.476000e+02 7.789460e+01 1.775168e-01
3.476000e+02 7.830845e+01 1.799607e-01
3.476000e+02 7.798317e+01 1.803543e-01
3.476000e+02 7.796417e+01 1.788569e-01
3.476000e+02 7.856846e+01 1.804115e-01
3.476000e+02 7.799444e+01 1.808055e-01
3.476000e+02 7.791966e+01 1.753320e-01
3.476000e+02 7.816400e+01 1.761393e-01
3.476000e+02 7.807019e+01 1.791344e-01
3.476000e+02 7.791499e+01 1.790980e-01
3.478000e+02 7.876904e+01 1.813677e-01
3.478000e+02 7.859250e+01 1.852348e-01
3.478000e+02 7.879022e+01 1.762224e-01
3.478000e+02 7.868142e+01 1.798428e-01
3.478000e+02 7.856474e+01 1.769151e-01
3.478000e+02 7.878878e+01 1.831088e-01
3.478000e+02 7.883954e+01 1.816114e-01
3.478000e+02 7.875356e+01 1.798940e-01
3.478000e+02 7.875526e+01 1.788102e-01
3.478000e+02 7.884225e+01 1.773621e-01
3.480000e+02 7.900094e+01 1.815581e-01
3.480000e+02 7.930153e+01 1.836826e-01
3.480000e+02 7.881852e+01 1.753381e-01
3.480000e+02 7.885837e+01 1.834376e-01
3.480000e+02 7.941100e+01 1.827076e-01
3.480000e+02 7.914630e+01 1.806450e-01
3.480000e+02 7.901738e+01 1.809197e-01
3.480000e+02 7.919971e+01 1.814005e-01
3.480000e+02 7.932358e+01 1.789193e-01
3.480000e+02 7.893149e+01 1.814361e-01
3.482000e+02 7.885717e+01 1.809058e-01
3.482000e+02 7.936784e+01 1.795892e-01
3.482000e+02 7.920945e+01 1.832657e-01
3.482000e+02 7.945001e+01 1.836901e-01
3.482000e+02 7.914834e+01 1.832170e-01
3.482000e+02 7.916263e+01 1.811443e-01
3.482000e+02 7.913695e+01 1.821777e-01
3.482000e+02 7.931004e+01 1.852510e-01
3.482000e+02 7.948415e+01 1.864641e-01
3.482000e+02 7.922573e+01 1.809493e-01
3.484000e+02 7.932122e+01 1.833686e-01
3.484000e+02 7.951907e+01 1.833974e-01
3.484000e+02 7.937351e+01 1.842618e-01
3.484000e+02 7.905582e+01 1.808163e-01
3.484000e+02 7.942242e+01 1.825035e-01
3.484000e+02 7.914505e+01 1.844946e-01
3.484000e+02 7.945137e+01 1.865675e-01
3.484000e+02 7.902439e+01 1.851265e-01
3.484000e+02 7.920458e+01 1.841271e-01
3.486000e+02 7.908973e+01 1.847306e-01
3.486000e+02 7.907804e+01 1.872610e-01
3.486000e+02 7.895444e+01 1.849264e-01
3.486000e+02 7.891018e+01 1.812427e-01
3.486000e+02 7.907523e+01 1.814171e-01
3.486000e+02 7.904294e+01 1.844820e-01
3.486000e+02 7.881466e+01 1.839786e-01
3.486000e+02 7.928565e+01 1.871865e-01
3.486000e+02 7.907678e+01 1.838459e-01
3.486000e+02 7.899041e+01 1.842454e-01
3.488000e+02 7.879819e+01 1.821192e-01
3.488000e+02 7.873806e+01 1.819521e-01
3.488000e+02 7.851080e+01 1.839142e-01
3.488000e+02 7.873278e+01 1.841029e-01
3.488000e+02 7.841736e+01 1.861444e-01
3.488000e+02 7.852924e+01 1.819796e-01
3.488000e+02 7.846099e+01 1.886365e-01
3.488000e+02 7.890749e+01 1.838113e-01
3.488000e+02 7.884049e+01 1.848703e-01
3.488000e+02 7.862203e+01 1.823909e-01
3.490000e+02 7.808040e+01 1.827519e-01
3.490000e+02 7.806172e+01 1.815114e-01
3.490000e+02 7.830420e+01 1.825733e-01
3.490000e+02 7.800929e+01 1.844428e-01
3.492000e+02 7.737057e+01 1.834001e-01
3.492000e+02 7.749453e+01 1.777116e-01
3.492000e+02 7.732603e+01 1.827061e-01
3.492000e+02 7.740655e+01 1.806190e-01
3.492000e+02 7.724292e+01 1.798796e-01
3.492000e+02 7.705600e+01 1.861330e-01
3.492000e+02 7.742015e+01 1.808249e-01
3.492000e+02 7.730064e+01 1.772903e-01
3.494000e+02 7.651688e+01 1.871107e-01
3.494000e+02 7.622876e+01 1.819421e-01
3.494000e+02 7.644837e+01 1.809531e-01
3.494000e+02 7.646926e+01 1.780860e-01
3.494000e+02 7.646728e+01 1.796491e-01
3.494000e+02 7.693536e+01 1.857065e-01
3.494000e+02 7.636956e+01 1.807935e-01
3.494000e+02 7.638968e+01 1.810267e-01
3.494000e+02 7.638196e+01 1.799507e-01
3.496000e+02 7.546321e+01 1.784039e-01
3.496000e+02 7.563625e+01 1.838647e-01
3.496000e+02 7.546366e+01 1.809009e-01
3.496000e+02 7.564999e+01 1.813711e-01
3.496000e+02 7.554884e+01 1.774781e-01
3.496000e+02 7.538597e+01 1.785052e-01
3.496000e+02 7.535553e+01 1.801746e-01
3.496000e+02 7.551868e+01 1.778253e-01
3.498000e+02 7.425732e+01 1.740688e-01
3.498000e+02 7.403960e+01 1.791854e-01
3.498000e+02 7.443267e+01 1.763725e-01
3.498000e+02 7.435092e+01 1.830621e-01
3.498000e+02 7.399202e+01 1.785745e-01
3.498000e+02 7.443694e+01 1.798472e-01
3.498000e+02 7.416926e+01 1.742101e-01
3.498000e+02 7.419805e+01 1.789620e-01
3.498000e+02 7.401779e+01 1.748461e-01
3.498000e+02 7.404792e+01 1.747382e-01
3.500000e+02 7.292377e+01 1.744447e-01
3.500000e+02 7.279242e+01 1.736612e-01
3.500000e+02 7.267862e+01 1.738247e-01
3.500000e+02 7.268049e+01 1.705053e-01
3.500000e+02 7.268469e+01 1.759969e-01
3.500000e+02 7.303704e+01 1.730231e-01
3.500000e+02 7.303013e+01 1.779213e-01
3.500000e+02 7.268832e+01 1.728883e-01
3.500000e+02 7.269783e+01 1.764462e-01
3.500000e+02 7.283603e+01 1.740307e-01
3.510000e+02 6.520055e+01 1.581583e-01
3.510000e+02 6.514367e+01 1.582661e-01
3.510000e+02 6.532307e+01 1.579017e-01
3.510000e+02 6.515984e+01 1.552336e-01
3.510000e+02 6.542293e+01 1.584817e-01
3.510000e+02 6.504099e+01 1.587308e-01
3.510000e+02 6.515965e+01 1.601679e-01
3.510000e+02 6.532302e+01 1.593245e-01
3.510000e+02 6.522948e+01 1.569806e-01
3.510000e+02 6.532401e+01 1.553325e-01
3.520000e+02 5.591412e+01 1.336014e-01
3.520000e+02 5.604776e+01 1.336515e-01
3.520000e+02 5.583125e+01 1.383736e-01
3.520000e+02 5.593909e+01 1.383501e-01
3.520000e+02 5.610945e+01 1.379162e-01
3.520000e+02 5.624220e+01 1.389746e-01
3.520000e+02 5.598838e+01 1.386613e-01
3.520000e+02 5.590150e+01 1.357550e-01
3.520000e+02 5.585539e+01 1.383188e-01
3.520000e+02 5.594523e+01 1.372477e-01
3.530000e+02 4.667781e+01 1.163732e-01
3.530000e+02 4.666115e+01 1.144285e-01
3.530000e+02 4.660062e+01 1.162822e-01
3.530000e+02 4.645668e+01 1.179074e-01
3.530000e+02 4.667859e+01 1.124930e-01
3.530000e+02 4.670334e+01 1.169008e-01
3.530000e+02 4.651981e+01 1.163807e-01
3.530000e+02 4.665875e+01 1.145668e-01
3.530000e+02 4.661586e+01 1.144155e-01
3.530000e+02 4.664076e+01 1.126243e-01
3.540000e+02 3.771242e+01 9.264052e-02
3.540000e+02 3.774849e+01 9.401969e-02
3.540000e+02 3.761524e+01 9.319881e-02
3.540000e+02 3.775225e+01 9.207280e-02
3.540000e+02 3.770935e+01 9.381719e-02
3.540000e+02 3.769505e+01 9.036851e-02
3.540000e+02 3.770219e+01 9.222343e-02
3.540000e+02 3.774848e+01 9.198530e-02
3.540000e+02 3.756997e+01 9.262596e-02
3.540000e+02 3.765682e+01 9.395789e-02
3.550000e+02 2.948627e+01 7.331252e-02
3.550000e+02 2.964844e+01 7.529851e-02
3.550000e+02 2.957101e+01 7.435348e-02
3.550000e+02 2.964868e+01 7.203034e-02
3.550000e+02 2.957253e+01 7.493227e-02
3.550000e+02 2.954455e+01 7.532230e-02
3.550000e+02 2.948603e+01 7.383756e-02
3.550000e+02 2.952145e+01 7.257755e-02
3.550000e+02 2.958923e+01 7.445660e-02
3.550000e+02 2.956926e+01 7.458071e-02
3.560000e+02 2.270125e+01 5.678811e-02
3.560000e+02 2.262429e+01 5.646652e-02
3.560000e+02 2.267105e+01 5.798886e-02
3.560000e+02 2.256405e+01 5.512919e-02
3.560000e+02 2.271222e+01 5.550268e-02
3.560000e+02 2.264853e+01 5.730562e-02
3.560000e+02 2.261722e+01 5.611504e-02
3.560000e+02 2.259539e+01 5.686231e-02
3.560000e+02 2.268700e+01 5.800319e-02
3.560000e+02 2.274078e+01 5.819184e-02
3.570000e+02 1.690282e+01 4.466678e-02
3.570000e+02 1.683036e+01 4.135087e-02
3.570000e+02 1.690146e+01 4.281929e-02
3.570000e+02 1.686412e+01 4.207134e-02
3.570000e+02 1.690953e+01 4.206291e-02
3.570000e+02 1.699038e+01 4.121564e-02
3.570000e+02 1.690887e+01 4.328062e-02
3.570000e+02 1.691705e+01 4.295442e-02
3.570000e+02 1.690589e+01 4.161469e-02
3.570000e+02 1.694797e+01 4.428331e-02
3.580000e+02 1.230506e+01 3.132311e-02
3.580000e+02 1.229831e+01 3.133830e-02
3.580000e+02 1.235127e+01 3.074902e-02
3.580000e+02 1.235644e+01 3.152672e-02
3.580000e+02 1.231256e+01 3.105760e-02
3.580000e+02 1.234414e+01 3.152136e-02
3.580000e+02 1.226265e+01 3.097836e-02
3.580000e+02 1.231881e+01 3.114912e-02
3.580000e+02 1.230819e+01 3.149319e-02
3.580000e+02 1.231657e+01 3.170420e-02
3.590000e+02 8.769686e+00 2.171855e-02
3.590000e+02 8.772812e+00 2.191835e-02
3.590000e+02 8.767363e+00 2.262123e-02
3.590000e+02 8.756960e+00 2.216608e-02
3.590000e+02 8.717202e+00 2.207058e-02
3.590000e+02 8.746729e+00 2.128803e-02
3.590000e+02 8.759773e+00 2.255078e-02
3.590000e+02 8.736834e+00 2.252006e-02
3.590000e+02 8.766150e+00 2.227192e-02
3.590000e+02 8.703817e+00 2.280000e-02
3.600000e+02 6.021923e+00 1.613051e-02
3.600000e+02 6.026586e+00 1.593709e-02
3.600000e+02 6.036407e+00 1.520151e-02
3.600000e+02 6.047422e+00 1.567456e-02
3.600000e+02 6.023317e+00 1.479426e-02
3.600000e+02 6.029847e+00 1.581835e-02
3.600000e+02 6.033867e+00 1.545139e-02
3.600000e+02 6.007835e+00 1.526112e-02
3.600000e+02 6.035952e+00 1.556476e-02
3.600000e+02 6.040172e+00 1.544399e-02
3.650000e+02 5.133507e-01 1.317028e-03
3.650000e+02 5.107841e-01 1.360758e-03
3.650000e+02 5.137448e-01 1.362101e-03
3.650000e+02 5.126227e-01 1.351414e-03
3.650000e+02 5.152403e-01 1.381980e-03
3.650000e+02 5.147975e-01 1.380054e-03
3.650000e+02 5.125708e-01 1.414976e-03
3.650000e+02 5.152793e-01 1.411916e-03
3.650000e+02 5.109209e-01 1.373782e-03
3.650000e+02 5.126457e-01 1.406584e-03
3.700000e+02 1.251109e-03 3.564314e-06
3.700000e+02 1.242466e-03 3.416715e-06
3.700000e+02 1.244268e-03 3.636085e-06
3.700000e+02 1.254613e-03 3.511842e-06
3.700000e+02 1.246538e-03 3.519717e-06
3.700000e+02 1.252438e-03 3.537069e-06
3.700000e+02 1.244703e-03 3.513967e-06
3.700000e+02 1.252229e-03 3.502309e-06
3.700000e+02 1.256852e-03 3.474692e-06
3.750000e+02 1.553658e-18 4.388085e-21
3.750000e+02 1.543860e-18 4.306493e-21
3.750000e+02 1.538007e-18 4.637150e-21
3.750000e+02 1.540937e-18 4.527075e-21
3.750000e+02 1.547343e-18 4.481187e-21
3.750000e+02 1.542513e-18 4.535258e-21
3.750000e+02 1.543158e-18 4.356255e-21
3.750000e+02 1.541476e-18 4.490584e-21
3.750000e+02 1.549879e-18 4.374607e-21
3.800000e+02 1.421628e-18 4.185549e-21
3.800000e+02 1.416220e-18 4.202757e-21
3.800000e+02 1.422410e-18 4.225816e-21
3.800000e+02 1.413309e-18 4.366887e-21
3.800000e+02 1.418301e-18 4.261551e-21
3.800000e+02 1.417438e-18 4.268156e-21
3.800000e+02 1.427243e-18 4.259692e-21
3.800000e+02 1.425577e-18 4.142486e-21
3.800000e+02 1.419964e-18 4.278864e-21
3.800000e+02 1.414739e-18 4.276113e-21
3.850000e+02 1.290090e-18 3.887110e-21
3.850000e+02 1.287665e-18 4.102748e-21
3.850000e+02 1.283753e-18 3.981052e-21
3.850000e+02 1.286018e-18 3.929379e-21
3.850000e+02 1.295804e-18 3.863495e-21
3.850000e+02 1.287768e-18 3.889954e-21
3.850000e+02 1.287978e-18 3.868027e-21
3.850000e+02 1.283168e-18 4.017489e-21
3.850000e+02 1.292930e-18 4.030716e-21
3.850000e+02 1.287697e-18 3.968229e-21
