3.250000e+02 -4.605706e-10 1.746732e-12
3.250000e+02 -4.635288e-10 1.726919e-12
3.250000e+02 -4.601528e-10 1.732772e-12
3.250000e+02 -4.603940e-10 1.740184e-12
3.250000e+02 -4.619316e-10 1.736281e-12
3.250000e+02 -4.592757e-10 1.751875e-12
3.250000e+02 -4.623323e-10 1.735316e-12
3.250000e+02 -4.608366e-10 1.740150e-12
3.250000e+02 -4.605103e-10 1.728905e-12
3.250000e+02 -4.646677e-10 1.733373e-12
3.260000e+02 -5.123100e-10 1.871257e-12
3.260000e+02 -5.110907e-10 1.889450e-12
3.260000e+02 -5.147998e-10 1.880451e-12
3.260000e+02 -5.157589e-10 1.896445e-12
3.260000e+02 -5.150686e-10 1.871731e-12
3.260000e+02 -5.134616e-10 1.886441e-12
3.260000e+02 -5.142805e-10 1.868123e-12
3.260000e+02 -5.119716e-10 1.871238e-12
3.260000e+02 -5.110260e-10 1.873325e-12
3.260000e+02 -5.140667e-10 1.884976e-12
3.270000e+02 -5.753760e-10 2.016035e-12
3.270000e+02 -5.758507e-10 2.032327e-12
3.270000e+02 -5.696053e-10 2.051796e-12
3.270000e+02 -5.764536e-10 2.029671e-12
3.270000e+02 -5.750677e-10 2.015345e-12
3.270000e+02 -5.793736e-10 2.016373e-12
3.270000e+02 -5.735269e-10 2.032335e-12
3.270000e+02 -5.725435e-10 2.032287e-12
3.270000e+02 -5.738253e-10 2.037151e-12
3.270000e+02 -5.775677e-10 2.018483e-12
3.280000e+02 -6.386068e-10 2.218313e-12
3.280000e+02 -6.425623e-10 2.197288e-12
3.280000e+02 -6.447785e-10 2.172135e-12
3.280000e+02 -6.425170e-10 2.204108e-12
3.280000e+02 -6.415787e-10 2.206731e-12
3.280000e+02 -6.428153e-10 2.208330e-12
3.280000e+02 -6.406002e-10 2.198459e-12
3.280000e+02 -6.404035e-10 2.206159e-12
3.280000e+02 -6.452128e-10 2.209139e-12
3.280000e+02 -6.401245e-10 2.216430e-12
3.290000e+02 1.374236e-03 4.751421e-06
3.290000e+02 1.360499e-03 4.757100e-06
3.290000e+02 1.371679e-03 4.741003e-06
3.290000e+02 1.379602e-03 4.664457e-06
3.290000e+02 1.368859e-03 4.760524e-06
3.290000e+02 1.365362e-03 4.757340e-06
3.290000e+02 1.377213e-03 4.695757e-06
3.290000e+02 1.368490e-03 4.723664e-06
3.290000e+02 1.365380e-03 4.754423e-06
3.290000e+02 1.365523e-03 4.733096e-06
3.300000e+02 1.927333e-02 6.163528e-05
3.300000e+02 1.919343e-02 6.154315e-05
3.300000e+02 1.919083e-02 6.165466e-05
3.300000e+02 1.929255e-02 6.144232e-05
3.300000e+02 1.924469e-02 6.183540e-05
3.300000e+02 1.916347e-02 6.212056e-05
3.300000e+02 1.921513e-02 6.209373e-05
3.300000e+02 1.921428e-02 6.189973e-05
3.300000e+02 1.919943e-02 6.184381e-05
3.300000e+02 1.923257e-02 6.156956e-05
3.310000e+02 7.491432e-02 2.149314e-04
3.310000e+02 7.472315e-02 2.199184e-04
3.310000e+02 7.492725e-02 2.169796e-04
3.310000e+02 7.481812e-02 2.182032e-04
3.310000e+02 7.505377e-02 2.190578e-04
3.310000e+02 7.499967e-02 2.171342e-04
3.310000e+02 7.473077e-02 2.189314e-04
3.310000e+02 7.468703e-02 2.205307e-04
3.310000e+02 7.500077e-02 2.161231e-04
3.310000e+02 7.467295e-02 2.198820e-04
3.320000e+02 2.108910e-01 5.599602e-04
3.320000e+02 2.113658e-01 5.571119e-04
3.320000e+02 2.121181e-01 5.550706e-04
3.320000e+02 2.125876e-01 5.596000e-04
3.320000e+02 2.113487e-01 5.532337e-04
3.320000e+02 2.124301e-01 5.578669e-04
3.320000e+02 2.117748e-01 5.596912e-04
3.320000e+02 2.124583e-01 5.626198e-04
3.320000e+02 2.115381e-01 5.520774e-04
3.320000e+02 2.128601e-01 5.568988e-04
3.330000e+02 5.216800e-01 1.248067e-03
3.330000e+02 5.243085e-01 1.240214e-03
3.330000e+02 5.221476e-01 1.252835e-03
3.330000e+02 5.203666e-01 1.248623e-03
3.330000e+02 5.214937e-01 1.237656e-03
3.330000e+02 5.195618e-01 1.254889e-03
3.330000e+02 5.212068e-01 1.240776e-03
3.330000e+02 5.210078e-01 1.247314e-03
3.330000e+02 5.232947e-01 1.255698e-03
3.330000e+02 5.213911e-01 1.241158e-03
3.340000e+02 1.175295e+00 2.610040e-03
3.340000e+02 1.179493e+00 2.645391e-03
3.340000e+02 1.180603e+00 2.593684e-03
3.340000e+02 1.185032e+00 2.619630e-03
3.340000e+02 1.177817e+00 2.644167e-03
3.340000e+02 1.182229e+00 2.630817e-03
3.340000e+02 1.178659e+00 2.638708e-03
3.340000e+02 1.178870e+00 2.643676e-03
3.340000e+02 1.183960e+00 2.596628e-03
3.340000e+02 1.182080e+00 2.629725e-03
3.350000e+02 2.535868e+00 5.426356e-03
3.350000e+02 2.535856e+00 5.386667e-03
3.350000e+02 2.539048e+00 5.385043e-03
3.350000e+02 2.541104e+00 5.424031e-03
3.350000e+02 2.542368e+00 5.378507e-03
3.350000e+02 2.537943e+00 5.382351e-03
3.350000e+02 2.533058e+00 5.374149e-03
3.350000e+02 2.527942e+00 5.364756e-03
3.350000e+02 2.536056e+00 5.367951e-03
3.350000e+02 2.537360e+00 5.419106e-03
3.360000e+02 5.299780e+00 1.089522e-02
3.360000e+02 5.290068e+00 1.085174e-02
3.360000e+02 5.279361e+00 1.088768e-02
3.360000e+02 5.294976e+00 1.065133e-02
3.360000e+02 5.292451e+00 1.083317e-02
3.360000e+02 5.295641e+00 1.089223e-02
3.360000e+02 5.288830e+00 1.081061e-02
3.360000e+02 5.280723e+00 1.086753e-02
3.360000e+02 5.275766e+00 1.097828e-02
3.360000e+02 5.286197e+00 1.075401e-02
3.370000e+02 1.082363e+01 2.179232e-02
3.370000e+02 1.081421e+01 2.188543e-02
3.370000e+02 1.080322e+01 2.161239e-02
3.370000e+02 1.080103e+01 2.171529e-02
3.370000e+02 1.082737e+01 2.209842e-02
3.370000e+02 1.081769e+01 2.175676e-02
3.370000e+02 1.086450e+01 2.205640e-02
3.370000e+02 1.083327e+01 2.175994e-02
3.370000e+02 1.083370e+01 2.164739e-02
3.370000e+02 1.080832e+01 2.180210e-02
3.380000e+02 2.195647e+01 4.428519e-02
3.380000e+02 2.195192e+01 4.359037e-02
3.380000e+02 2.186750e+01 4.413968e-02
3.380000e+02 2.193147e+01 4.345618e-02
3.380000e+02 2.188879e+01 4.348600e-02
3.380000e+02 2.200735e+01 4.408812e-02
3.380000e+02 2.190035e+01 4.374813e-02
3.380000e+02 2.193360e+01 4.396241e-02
3.380000e+02 2.191022e+01 4.364428e-02
3.380000e+02 2.202340e+01 4.442270e-02
3.390000e+02 4.381218e+01 8.916433e-02
3.390000e+02 4.381989e+01 8.756721e-02
3.390000e+02 4.384213e+01 8.703537e-02
3.390000e+02 4.357765e+01 8.833067e-02
3.390000e+02 4.373744e+01 8.713613e-02
3.390000e+02 4.373383e+01 8.824614e-02
3.390000e+02 4.389378e+01 8.850770e-02
3.390000e+02 4.375517e+01 8.729649e-02
3.390000e+02 4.372242e+01 8.807891e-02
3.390000e+02 4.379141e+01 8.837061e-02
3.400000e+02 8.224597e+01 1.663301e-01
3.400000e+02 8.179268e+01 1.663757e-01
3.400000e+02 8.230760e+01 1.681813e-01
3.400000e+02 8.220656e+01 1.660987e-01
3.400000e+02 8.197387e+01 1.642886e-01
3.400000e+02 8.214194e+01 1.680992e-01
3.400000e+02 8.232888e+01 1.652085e-01
3.400000e+02 8.209355e+01 1.630952e-01
3.400000e+02 8.245662e+01 1.651982e-01
3.400000e+02 8.203015e+01 1.665253e-01
3.402000e+02 9.169947e+01 1.848478e-01
3.402000e+02 9.210291e+01 1.865203e-01
3.402000e+02 9.180345e+01 1.882835e-01
3.402000e+02 9.162351e+01 1.823430e-01
3.402000e+02 9.149470e+01 1.891685e-01
3.402000e+02 9.142829e+01 1.855804e-01
3.402000e+02 9.175329e+01 1.845663e-01
3.402000e+02 9.151984e+01 1.882031e-01
3.402000e+02 9.173914e+01 1.853205e-01
3.402000e+02 9.175332e+01 1.835696e-01
3.404000e+02 1.010336e+02 2.066045e-01
3.404000e+02 1.011262e+02 2.020609e-01
3.404000e+02 1.011100e+02 2.066429e-01
3.404000e+02 1.015840e+02 2.033045e-01
3.404000e+02 1.016259e+02 2.053003e-01
3.404000e+02 1.013961e+02 2.071255e-01
3.404000e+02 1.013810e+02 2.078962e-01
3.404000e+02 1.012236e+02 2.067782e-01
3.404000e+02 1.010003e+02 2.074607e-01
3.404000e+02 1.015873e+02 2.059905e-01
3.406000e+02 1.116183e+02 2.263190e-01
3.406000e+02 1.119123e+02 2.269032e-01
3.406000e+02 1.119896e+02 2.281062e-01
3.406000e+02 1.114870e+02 2.272847e-01
3.406000e+02 1.116317e+02 2.306997e-01
3.406000e+02 1.116901e+02 2.282990e-01
3.406000e+02 1.118537e+02 2.302049e-01
3.406000e+02 1.115105e+02 2.277647e-01
3.406000e+02 1.116687e+02 2.279169e-01
3.406000e+02 1.119326e+02 2.277949e-01
3.408000e+02 1.241811e+02 2.545728e-01
3.408000e+02 1.244425e+02 2.526469e-01
3.408000e+02 1.246070e+02 2.582748e-01
3.408000e+02 1.244315e+02 2.542884e-01
3.408000e+02 1.236724e+02 2.534178e-01
3.408000e+02 1.238478e+02 2.537145e-01
3.408000e+02 1.236682e+02 2.542319e-01
3.408000e+02 1.238448e+02 2.561026e-01
3.408000e+02 1.237849e+02 2.571630e-01
3.408000e+02 1.238274e+02 2.544281e-01
3.410000e+02 1.382319e+02 2.796950e-01
3.410000e+02 1.377693e+02 2.855720e-01
3.410000e+02 1.376833e+02 2.813354e-01
3.410000e+02 1.376319e+02 2.888648e-01
3.410000e+02 1.383410e+02 2.840179e-01
3.410000e+02 1.378714e+02 2.802298e-01
3.410000e+02 1.381800e+02 2.790624e-01
3.410000e+02 1.379605e+02 2.819222e-01
3.410000e+02 1.373692e+02 2.829604e-01
3.410000e+02 1.380870e+02 2.852932e-01
3.412000e+02 1.537839e+02 3.151969e-01
3.412000e+02 1.534759e+02 3.150389e-01
3.412000e+02 1.544470e+02 3.148546e-01
3.412000e+02 1.543221e+02 3.145926e-01
3.412000e+02 1.539948e+02 3.163748e-01
3.412000e+02 1.541060e+02 3.198965e-01
3.412000e+02 1.539782e+02 3.152455e-01
3.412000e+02 1.541607e+02 3.190006e-01
3.412000e+02 1.543672e+02 3.183850e-01
3.412000e+02 1.543789e+02 3.165985e-01
3.414000e+02 1.739458e+02 3.592371e-01
3.414000e+02 1.736248e+02 3.573652e-01
3.414000e+02 1.731521e+02 3.568365e-01
3.414000e+02 1.732735e+02 3.617072e-01
3.414000e+02 1.731896e+02 3.598128e-01
3.414000e+02 1.734636e+02 3.497978e-01
3.414000e+02 1.733383e+02 3.636860e-01
3.414000e+02 1.730779e+02 3.575706e-01
3.414000e+02 1.732874e+02 3.621643e-01
3.414000e+02 1.731774e+02 3.559614e-01
3.416000e+02 1.960564e+02 4.091147e-01
3.416000e+02 1.955524e+02 4.042877e-01
3.416000e+02 1.952440e+02 4.112373e-01
3.416000e+02 1.948095e+02 4.106542e-01
3.416000e+02 1.956821e+02 3.995589e-01
3.416000e+02 1.954735e+02 4.046033e-01
3.416000e+02 1.955039e+02 4.071150e-01
3.416000e+02 1.959496e+02 4.092827e-01
3.416000e+02 1.957127e+02 4.054747e-01
3.416000e+02 1.960885e+02 4.043238e-01
3.418000e+02 2.216773e+02 4.655616e-01
3.418000e+02 2.221977e+02 4.617350e-01
3.418000e+02 2.222948e+02 4.554873e-01
3.418000e+02 2.221328e+02 4.562142e-01
3.418000e+02 2.231058e+02 4.594493e-01
3.418000e+02 2.225886e+02 4.658316e-01
3.418000e+02 2.228395e+02 4.603183e-01
3.418000e+02 2.220207e+02 4.590215e-01
3.418000e+02 2.227160e+02 4.588409e-01
3.418000e+02 2.228190e+02 4.598700e-01
3.420000e+02 2.541939e+02 5.281123e-01
3.420000e+02 2.539860e+02 5.246135e-01
3.420000e+02 2.549440e+02 5.295523e-01
3.420000e+02 2.547121e+02 5.240541e-01
3.420000e+02 2.544230e+02 5.192115e-01
3.420000e+02 2.533973e+02 5.346350e-01
3.420000e+02 2.539361e+02 5.272805e-01
3.420000e+02 2.539901e+02 5.143712e-01
3.420000e+02 2.533798e+02 5.295725e-01
3.420000e+02 2.540964e+02 5.238669e-01
3.422000e+02 2.903805e+02 6.112736e-01
3.422000e+02 2.911209e+02 6.092715e-01
3.422000e+02 2.912377e+02 6.072412e-01
3.422000e+02 2.913494e+02 6.131208e-01
3.422000e+02 2.911708e+02 6.127278e-01
3.422000e+02 2.918448e+02 6.077739e-01
3.422000e+02 2.913272e+02 6.089638e-01
3.422000e+02 2.929390e+02 6.050390e-01
3.422000e+02 2.917822e+02 5.962476e-01
3.422000e+02 2.915728e+02 6.142383e-01
3.424000e+02 3.358212e+02 7.024029e-01
3.424000e+02 3.367520e+02 6.955963e-01
3.424000e+02 3.371349e+02 6.935195e-01
3.424000e+02 3.351458e+02 7.040554e-01
3.424000e+02 3.358295e+02 7.053044e-01
3.424000e+02 3.370265e+02 7.083744e-01
3.424000e+02 3.353637e+02 6.968746e-01
3.424000e+02 3.374845e+02 7.027031e-01
3.424000e+02 3.347827e+02 7.074998e-01
3.424000e+02 3.370281e+02 6.961135e-01
3.426000e+02 3.880841e+02 8.185149e-01
3.426000e+02 3.888598e+02 8.083649e-01
3.426000e+02 3.878598e+02 8.209765e-01
3.426000e+02 3.891606e+02 8.194254e-01
3.426000e+02 3.903390e+02 8.272343e-01
3.426000e+02 3.877931e+02 8.072932e-01
3.426000e+02 3.906167e+02 8.215421e-01
3.426000e+02 3.888830e+02 8.230714e-01
3.426000e+02 3.893038e+02 8.188542e-01
3.426000e+02 3.892631e+02 8.145804e-01
3.428000e+02 4.481146e+02 9.535625e-01
3.428000e+02 4.505587e+02 9.422242e-01
3.428000e+02 4.500475e+02 9.511377e-01
3.428000e+02 4.498620e+02 9.561949e-01
3.428000e+02 4.499578e+02 9.541885e-01
3.428000e+02 4.500002e+02 9.362816e-01
3.428000e+02 4.487506e+02 9.684216e-01
3.428000e+02 4.486937e+02 9.464093e-01
3.428000e+02 4.505002e+02 9.322295e-01
3.428000e+02 4.506858e+02 9.489652e-01
3.430000e+02 5.190960e+02 1.079306e+00
3.430000e+02 5.196244e+02 1.095724e+00
3.430000e+02 5.189170e+02 1.086721e+00
3.430000e+02 5.171488e+02 1.113493e+00
3.430000e+02 5.187560e+02 1.079425e+00
3.430000e+02 5.196583e+02 1.110787e+00
3.430000e+02 5.209480e+02 1.078168e+00
3.430000e+02 5.208563e+02 1.128735e+00
3.430000e+02 5.185887e+02 1.121105e+00
3.430000e+02 5.206204e+02 1.075645e+00
3.432000e+02 5.974542e+02 1.263771e+00
3.432000e+02 5.969701e+02 1.257325e+00
3.432000e+02 5.952573e+02 1.287168e+00
3.432000e+02 5.963335e+02 1.238928e+00
3.432000e+02 5.961058e+02 1.250285e+00
3.432000e+02 5.963618e+02 1.273209e+00
3.432000e+02 5.952620e+02 1.248378e+00
3.432000e+02 5.973187e+02 1.247994e+00
3.432000e+02 5.963558e+02 1.271878e+00
3.432000e+02 5.954911e+02 1.247273e+00
3.434000e+02 6.710722e+02 1.420050e+00
3.434000e+02 6.703282e+02 1.457702e+00
3.434000e+02 6.731429e+02 1.412717e+00
3.434000e+02 6.736924e+02 1.425460e+00
3.434000e+02 6.711959e+02 1.422340e+00
3.434000e+02 6.757394e+02 1.463811e+00
3.434000e+02 6.743069e+02 1.392329e+00
3.434000e+02 6.734495e+02 1.459711e+00
3.434000e+02 6.727519e+02 1.434880e+00
3.434000e+02 6.757859e+02 1.407525e+00
3.436000e+02 7.441273e+02 1.565243e+00
3.436000e+02 7.490385e+02 1.608852e+00
3.436000e+02 7.481851e+02 1.587870e+00
3.436000e+02 7.487320e+02 1.544924e+00
3.436000e+02 7.436890e+02 1.609845e+00
3.436000e+02 7.452644e+02 1.583370e+00
3.436000e+02 7.457193e+02 1.584593e+00
3.436000e+02 7.450142e+02 1.594246e+00
3.436000e+02 7.447322e+02 1.577078e+00
3.436000e+02 7.445375e+02 1.578068e+00
3.438000e+02 8.023569e+02 1.742613e+00
3.438000e+02 8.017038e+02 1.693510e+00
3.438000e+02 8.018565e+02 1.712846e+00
3.438000e+02 7.984091e+02 1.709921e+00
3.438000e+02 8.020206e+02 1.715756e+00
3.438000e+02 8.015569e+02 1.720842e+00
3.438000e+02 8.014496e+02 1.699479e+00
3.438000e+02 7.988838e+02 1.744041e+00
3.438000e+02 8.019661e+02 1.719328e+00
3.438000e+02 7.987433e+02 1.706709e+00
3.440000e+02 8.296083e+02 1.757639e+00
3.440000e+02 8.293820e+02 1.714803e+00
3.440000e+02 8.300578e+02 1.767409e+00
3.440000e+02 8.301287e+02 1.749710e+00
3.440000e+02 8.319629e+02 1.793776e+00
3.440000e+02 8.292230e+02 1.753554e+00
3.440000e+02 8.324809e+02 1.779716e+00
3.440000e+02 8.326453e+02 1.806017e+00
3.440000e+02 8.295747e+02 1.764016e+00
3.440000e+02 8.284053e+02 1.805999e+00
3.442000e+02 8.299719e+02 1.773831e+00
3.442000e+02 8.300903e+02 1.765730e+00
3.442000e+02 8.299065e+02 1.768191e+00
3.442000e+02 8.304444e+02 1.777711e+00
3.442000e+02 8.311242e+02 1.765174e+00
3.442000e+02 8.296364e+02 1.791990e+00
3.442000e+02 8.312140e+02 1.781443e+00
3.442000e+02 8.316031e+02 1.759798e+00
3.442000e+02 8.309932e+02 1.831906e+00
3.442000e+02 8.329289e+02 1.763330e+00
3.444000e+02 8.082644e+02 1.770048e+00
3.444000e+02 8.081913e+02 1.721802e+00
3.444000e+02 8.105614e+02 1.747214e+00
3.444000e+02 8.115644e+02 1.754296e+00
3.444000e+02 8.082295e+02 1.713105e+00
3.444000e+02 8.081898e+02 1.712904e+00
3.444000e+02 8.092594e+02 1.755983e+00
3.444000e+02 8.089209e+02 1.715021e+00
3.444000e+02 8.065563e+02 1.752713e+00
3.444000e+02 8.115637e+02 1.719794e+00
3.446000e+02 7.719137e+02 1.625542e+00
3.446000e+02 7.693481e+02 1.626825e+00
3.446000e+02 7.666701e+02 1.652287e+00
3.446000e+02 7.715015e+02 1.658239e+00
3.446000e+02 7.699995e+02 1.644776e+00
3.446000e+02 7.685050e+02 1.619867e+00
3.446000e+02 7.672996e+02 1.661941e+00
3.446000e+02 7.706015e+02 1.633864e+00
3.446000e+02 7.698715e+02 1.661574e+00
3.446000e+02 7.689072e+02 1.646791e+00
3.448000e+02 7.283870e+02 1.534532e+00
3.448000e+02 7.263913e+02 1.551756e+00
3.448000e+02 7.272249e+02 1.538701e+00
3.448000e+02 7.268393e+02 1.572544e+00
3.448000e+02 7.236837e+02 1.494337e+00
3.448000e+02 7.266903e+02 1.567372e+00
3.448000e+02 7.263913e+02 1.547953e+00
3.448000e+02 7.271683e+02 1.551607e+00
3.448000e+02 7.239513e+02 1.578498e+00
3.448000e+02 7.279462e+02 1.578670e+00
3.450000e+02 6.827401e+02 1.506208e+00
3.450000e+02 6.853767e+02 1.469434e+00
3.450000e+02 6.858021e+02 1.475529e+00
3.450000e+02 6.822549e+02 1.471856e+00
3.450000e+02 6.846155e+02 1.444508e+00
3.450000e+02 6.853896e+02 1.466273e+00
3.450000e+02 6.881983e+02 1.499577e+00
3.450000e+02 6.848653e+02 1.471717e+00
3.450000e+02 6.842540e+02 1.500242e+00
3.450000e+02 6.832786e+02 1.458942e+00
3.452000e+02 6.456622e+02 1.392862e+00
3.452000e+02 6.466370e+02 1.395591e+00
3.452000e+02 6.472546e+02 1.383665e+00
3.452000e+02 6.483766e+02 1.397005e+00
3.452000e+02 6.441636e+02 1.372110e+00
3.452000e+02 6.465440e+02 1.374338e+00
3.452000e+02 6.486723e+02 1.394351e+00
3.452000e+02 6.471924e+02 1.375585e+00
3.452000e+02 6.487556e+02 1.401947e+00
3.452000e+02 6.454933e+02 1.384014e+00
3.454000e+02 6.150313e+02 1.309934e+00
3.454000e+02 6.138546e+02 1.324815e+00
3.454000e+02 6.166799e+02 1.336411e+00
3.454000e+02 6.126559e+02 1.308151e+00
3.454000e+02 6.150179e+02 1.384484e+00
3.454000e+02 6.122548e+02 1.327176e+00
3.454000e+02 6.140678e+02 1.347950e+00
3.454000e+02 6.126559e+02 1.303688e+00
3.454000e+02 6.122390e+02 1.299577e+00
3.454000e+02 6.135408e+02 1.308383e+00
3.456000e+02 5.819016e+02 1.273696e+00
3.456000e+02 5.835342e+02 1.284396e+00
3.456000e+02 5.845712e+02 1.254001e+00
3.456000e+02 5.831003e+02 1.258315e+00
3.456000e+02 5.830792e+02 1.259103e+00
3.456000e+02 5.814049e+02 1.259917e+00
3.456000e+02 5.837905e+02 1.251516e+00
3.456000e+02 5.839483e+02 1.256845e+00
3.456000e+02 5.815177e+02 1.259806e+00
3.456000e+02 5.830277e+02 1.261640e+00
3.458000e+02 5.543649e+02 1.217903e+00
3.458000e+02 5.525787e+02 1.200124e+00
3.458000e+02 5.521921e+02 1.214615e+00
3.458000e+02 5.525654e+02 1.237716e+00
3.458000e+02 5.534845e+02 1.217761e+00
3.458000e+02 5.515131e+02 1.236208e+00
3.458000e+02 5.538316e+02 1.252090e+00
3.458000e+02 5.513127e+02 1.219218e+00
3.458000e+02 5.503568e+02 1.216594e+00
3.458000e+02 5.521376e+02 1.229463e+00
3.460000e+02 5.212271e+02 1.205299e+00
3.460000e+02 5.211033e+02 1.224004e+00
3.460000e+02 5.209132e+02 1.224769e+00
3.460000e+02 5.215100e+02 1.245913e+00
3.460000e+02 5.196476e+02 1.217339e+00
3.460000e+02 5.213561e+02 1.203379e+00
3.460000e+02 5.232435e+02 1.215343e+00
3.460000e+02 5.214405e+02 1.206397e+00
3.460000e+02 5.189897e+02 1.226825e+00
3.460000e+02 5.219709e+02 1.223881e+00
3.462000e+02 4.885476e+02 1.250898e+00
3.462000e+02 4.885641e+02 1.240543e+00
3.462000e+02 4.888434e+02 1.251934e+00
3.462000e+02 4.882678e+02 1.239175e+00
3.462000e+02 4.861257e+02 1.276934e+00
3.462000e+02 4.892387e+02 1.246586e+00
3.462000e+02 4.894825e+02 1.266934e+00
3.462000e+02 4.879526e+02 1.237078e+00
3.462000e+02 4.871636e+02 1.247449e+00
3.462000e+02 4.906898e+02 1.258637e+00
3.464000e+02 4.510344e+02 1.247253e+00
3.464000e+02 4.523565e+02 1.246293e+00
3.464000e+02 4.522815e+02 1.232652e+00
3.464000e+02 4.526354e+02 1.263091e+00
3.464000e+02 4.504305e+02 1.256037e+00
3.464000e+02 4.527720e+02 1.239815e+00
3.464000e+02 4.516053e+02 1.243626e+00
3.464000e+02 4.531508e+02 1.239460e+00
3.464000e+02 4.511090e+02 1.239605e+00
3.464000e+02 4.525884e+02 1.260273e+00
3.466000e+02 4.184499e+02 1.343105e+00
3.466000e+02 4.183737e+02 1.352194e+00
3.466000e+02 4.179840e+02 1.339026e+00
3.466000e+02 4.208953e+02 1.339110e+00
3.466000e+02 4.213138e+02 1.311989e+00
3.466000e+02 4.202630e+02 1.312857e+00
3.466000e+02 4.195700e+02 1.325309e+00
3.466000e+02 4.187492e+02 1.316608e+00
3.466000e+02 4.211000e+02 1.331448e+00
3.466000e+02 4.204438e+02 1.342733e+00
3.468000e+02 3.916454e+02 1.416461e+00
3.468000e+02 3.900731e+02 1.417851e+00
3.468000e+02 3.905100e+02 1.427687e+00
3.468000e+02 3.910173e+02 1.418249e+00
3.468000e+02 3.919498e+02 1.412556e+00
3.468000e+02 3.900124e+02 1.440326e+00
3.468000e+02 3.913699e+02 1.405632e+00
3.468000e+02 3.880314e+02 1.439907e+00
3.468000e+02 3.895985e+02 1.440573e+00
3.468000e+02 3.867639e+02 1.434414e+00
3.470000e+02 3.635550e+02 1.484892e+00
3.470000e+02 3.631722e+02 1.479621e+00
3.470000e+02 3.614245e+02 1.490196e+00
3.470000e+02 3.653013e+02 1.485118e+00
3.470000e+02 3.637816e+02 1.491596e+00
3.470000e+02 3.631806e+02 1.499993e+00
3.470000e+02 3.606233e+02 1.490865e+00
3.470000e+02 3.642161e+02 1.484319e+00
3.470000e+02 3.627014e+02 1.488742e+00
3.470000e+02 3.655592e+02 1.505051e+00
3.472000e+02 3.376488e+02 1.541827e+00
3.472000e+02 3.425581e+02 1.579575e+00
3.472000e+02 3.407896e+02 1.546368e+00
3.472000e+02 3.382199e+02 1.547877e+00
3.472000e+02 3.393743e+02 1.557463e+00
3.472000e+02 3.404938e+02 1.545598e+00
3.472000e+02 3.371701e+02 1.536988e+00
3.472000e+02 3.385933e+02 1.548712e+00
3.472000e+02 3.394614e+02 1.554919e+00
3.472000e+02 3.403308e+02 1.545938e+00
3.474000e+02 3.189588e+02 1.594406e+00
3.474000e+02 3.203801e+02 1.579731e+00
3.474000e+02 3.181195e+02 1.597429e+00
3.474000e+02 3.169161e+02 1.594850e+00
3.474000e+02 3.171944e+02 1.576559e+00
3.474000e+02 3.183066e+02 1.586663e+00
3.474000e+02 3.165791e+02 1.598280e+00
3.474000e+02 3.169546e+02 1.602846e+00
3.474000e+02 3.159242e+02 1.603375e+00
3.474000e+02 3.189757e+02 1.597125e+00
3.476000e+02 3.013670e+02 1.626057e+00
3.476000e+02 2.979174e+02 1.601464e+00
3.476000e+02 2.995717e+02 1.634346e+00
3.476000e+02 2.977094e+02 1.604225e+00
3.476000e+02 2.979143e+02 1.623046e+00
3.476000e+02 2.997929e+02 1.636920e+00
3.476000e+02 2.975552e+02 1.617571e+00
3.476000e+02 3.023255e+02 1.611829e+00
3.476000e+02 2.988768e+02 1.634499e+00
3.476000e+02 3.004648e+02 1.625141e+00
3.478000e+02 2.826578e+02 1.668574e+00
3.478000e+02 2.873430e+02 1.661998e+00
3.478000e+02 2.854277e+02 1.648730e+00
3.478000e+02 2.856701e+02 1.645883e+00
3.478000e+02 2.797248e+02 1.635895e+00
3.478000e+02 2.858343e+02 1.628822e+00
3.478000e+02 2.821699e+02 1.659154e+00
3.478000e+02 2.801123e+02 1.654191e+00
3.478000e+02 2.826898e+02 1.629083e+00
3.478000e+02 2.812182e+02 1.640795e+00
3.480000e+02 2.662733e+02 1.639557e+00
3.480000e+02 2.674201e+02 1.645780e+00
3.480000e+02 2.660554e+02 1.653441e+00
3.480000e+02 2.671096e+02 1.646684e+00
3.480000e+02 2.680261e+02 1.620550e+00
3.480000e+02 2.639598e+02 1.666758e+00
3.480000e+02 2.676302e+02 1.647968e+00
3.480000e+02 2.670962e+02 1.640488e+00
3.480000e+02 2.682650e+02 1.641921e+00
3.480000e+02 2.673923e+02 1.655318e+00
3.482000e+02 2.543553e+02 1.649766e+00
3.482000e+02 2.516878e+02 1.624927e+00
3.482000e+02 2.575794e+02 1.642905e+00
3.482000e+02 2.535469e+02 1.645653e+00
3.482000e+02 2.534722e+02 1.636130e+00
3.482000e+02 2.594043e+02 1.637649e+00
3.482000e+02 2.511977e+02 1.640574e+00
3.482000e+02 2.528595e+02 1.643554e+00
3.482000e+02 2.521581e+02 1.651756e+00
3.482000e+02 2.531196e+02 1.651963e+00
3.484000e+02 2.406052e+02 1.604119e+00
3.484000e+02 2.386414e+02 1.610921e+00
3.484000e+02 2.389071e+02 1.587707e+00
3.484000e+02 2.404645e+02 1.617377e+00
3.484000e+02 2.417360e+02 1.583237e+00
3.484000e+02 2.403991e+02 1.620297e+00
3.484000e+02 2.387355e+02 1.592067e+00
3.484000e+02 2.391418e+02 1.611656e+00
3.484000e+02 2.378369e+02 1.597240e+00
3.484000e+02 2.383621e+02 1.623745e+00
3.486000e+02 2.290204e+02 1.562949e+00
3.486000e+02 2.281331e+02 1.575778e+00
3.486000e+02 2.279715e+02 1.563441e+00
3.486000e+02 2.284224e+02 1.558830e+00
3.486000e+02 2.285853e+02 1.585966e+00
3.486000e+02 2.264201e+02 1.561482e+00
3.486000e+02 2.277623e+02 1.575572e+00
3.486000e+02 2.304862e+02 1.577248e+00
3.486000e+02 2.292726e+02 1.569535e+00
3.486000e+02 2.313897e+02 1.558730e+00
3.488000e+02 2.185929e+02 1.533101e+00
3.488000e+02 2.175617e+02 1.542010e+00
3.488000e+02 2.174879e+02 1.536504e+00
3.488000e+02 2.167697e+02 1.537911e+00
3.488000e+02 2.189123e+02 1.529482e+00
3.488000e+02 2.211656e+02 1.518931e+00
3.488000e+02 2.181939e+02 1.534063e+00
3.488000e+02 2.167299e+02 1.546922e+00
3.488000e+02 2.178440e+02 1.533808e+00
3.488000e+02 2.179141e+02 1.526715e+00
3.490000e+02 2.079379e+02 1.479131e+00
3.490000e+02 2.102844e+02 1.493990e+00
3.490000e+02 2.080498e+02 1.463886e+00
3.490000e+02 2.057024e+02 1.471585e+00
3.490000e+02 2.054666e+02 1.469484e+00
3.490000e+02 2.080747e+02 1.485718e+00
3.490000e+02 2.057465e+02 1.452826e+00
3.490000e+02 2.057622e+02 1.485890e+00
3.490000e+02 2.055977e+02 1.475787e+00
3.490000e+02 2.054861e+02 1.473880e+00
3.492000e+02 1.965900e+02 1.423603e+00
3.492000e+02 1.984322e+02 1.419640e+00
3.492000e+02 1.982804e+02 1.416027e+00
3.492000e+02 1.985024e+02 1.401248e+00
3.492000e+02 1.980219e+02 1.408045e+00
3.492000e+02 1.964048e+02 1.407089e+00
3.492000e+02 1.964189e+02 1.408410e+00
3.492000e+02 1.956466e+02 1.402188e+00
3.492000e+02 1.964217e+02 1.425668e+00
3.492000e+02 1.977118e+02 1.423254e+00
3.494000e+02 1.878491e+02 1.357182e+00
3.494000e+02 1.870215e+02 1.355097e+00
3.494000e+02 1.888882e+02 1.372757e+00
3.494000e+02 1.876490e+02 1.350968e+00
3.494000e+02 1.879603e+02 1.340491e+00
3.494000e+02 1.877368e+02 1.359851e+00
3.494000e+02 1.871779e+02 1.343626e+00
3.494000e+02 1.882793e+02 1.355423e+00
3.494000e+02 1.868650e+02 1.358038e+00
3.494000e+02 1.860662e+02 1.356417e+00
3.496000e+02 1.798742e+02 1.280053e+00
3.496000e+02 1.791085e+02 1.281178e+00
3.496000e+02 1.792882e+02 1.292543e+00
3.496000e+02 1.765088e+02 1.282579e+00
3.496000e+02 1.806777e+02 1.294492e+00
3.496000e+02 1.787409e+02 1.263887e+00
3.496000e+02 1.785541e+02 1.277400e+00
3.496000e+02 1.775497e+02 1.273094e+00
3.496000e+02 1.786374e+02 1.289540e+00
3.496000e+02 1.776098e+02 1.289657e+00
3.498000e+02 1.690370e+02 1.228670e+00
3.498000e+02 1.695638e+02 1.207430e+00
3.498000e+02 1.695377e+02 1.214521e+00
3.498000e+02 1.692088e+02 1.201111e+00
3.498000e+02 1.718628e+02 1.218139e+00
3.498000e+02 1.717098e+02 1.213137e+00
3.498000e+02 1.694535e+02 1.213477e+00
3.498000e+02 1.716548e+02 1.217918e+00
3.498000e+02 1.689967e+02 1.215648e+00
3.498000e+02 1.701867e+02 1.234388e+00
3.500000e+02 1.621758e+02 1.153980e+00
3.500000e+02 1.609745e+02 1.153848e+00
3.500000e+02 1.621341e+02 1.151952e+00
3.500000e+02 1.627608e+02 1.150809e+00
3.500000e+02 1.630899e+02 1.146875e+00
3.500000e+02 1.616105e+02 1.154280e+00
3.500000e+02 1.634383e+02 1.152290e+00
3.500000e+02 1.623748e+02 1.163903e+00
3.500000e+02 1.614093e+02 1.154181e+00
3.500000e+02 1.610391e+02 1.139245e+00
3.510000e+02 1.220613e+02 7.866089e-01
3.510000e+02 1.220039e+02 7.874341e-01
3.510000e+02 1.236028e+02 7.838029e-01
3.510000e+02 1.209046e+02 7.833662e-01
3.510000e+02 1.231399e+02 7.887178e-01
3.510000e+02 1.229753e+02 7.901062e-01
3.510000e+02 1.242488e+02 7.881385e-01
3.510000e+02 1.221951e+02 7.923474e-01
3.510000e+02 1.220756e+02 7.937976e-01
3.510000e+02 1.246778e+02 7.912845e-01
3.520000e+02 9.030334e+01 4.875868e-01
3.520000e+02 8.897585e+01 4.886181e-01
3.520000e+02 8.977004e+01 4.854863e-01
3.520000e+02 8.916150e+01 4.900663e-01
3.520000e+02 8.964083e+01 4.876492e-01
3.520000e+02 8.976885e+01 4.949753e-01
3.520000e+02 8.991837e+01 4.930266e-01
3.520000e+02 9.022148e+01 4.844899e-01
3.520000e+02 8.932295e+01 4.908248e-01
3.520000e+02 8.984345e+01 4.912863e-01
3.530000e+02 6.126557e+01 2.783940e-01
3.530000e+02 6.124444e+01 2.750129e-01
3.530000e+02 6.158810e+01 2.721229e-01
3.530000e+02 6.202843e+01 2.746509e-01
3.530000e+02 6.176692e+01 2.690125e-01
3.530000e+02 6.136929e+01 2.700603e-01
3.530000e+02 6.146082e+01 2.699763e-01
3.530000e+02 6.156317e+01 2.758619e-01
3.530000e+02 6.109962e+01 2.724837e-01
3.530000e+02 6.168028e+01 2.760664e-01
3.540000e+02 4.004681e+01 1.398612e-01
3.540000e+02 3.988207e+01 1.437217e-01
3.540000e+02 4.014337e+01 1.403883e-01
3.540000e+02 4.022647e+01 1.432593e-01
3.540000e+02 4.006058e+01 1.403812e-01
3.540000e+02 4.012913e+01 1.391348e-01
3.540000e+02 4.005870e+01 1.418988e-01
3.540000e+02 4.026097e+01 1.403254e-01
3.540000e+02 4.026443e+01 1.402919e-01
3.540000e+02 3.991882e+01 1.396917e-01
3.550000e+02 2.408155e+01 6.735991e-02
3.550000e+02 2.417346e+01 6.632774e-02
3.550000e+02 2.398859e+01 6.591280e-02
3.550000e+02 2.405483e+01 6.575330e-02
3.550000e+02 2.412711e+01 6.577379e-02
3.550000e+02 2.421423e+01 6.570401e-02
3.550000e+02 2.407952e+01 6.572105e-02
3.550000e+02 2.415045e+01 6.549646e-02
3.550000e+02 2.421824e+01 6.749982e-02
3.550000e+02 2.402722e+01 6.599347e-02
3.560000e+02 1.310482e+01 3.013754e-02
3.560000e+02 1.311368e+01 3.054353e-02
3.560000e+02 1.321598e+01 2.992318e-02
3.560000e+02 1.307608e+01 2.966412e-02
3.560000e+02 1.317068e+01 2.936840e-02
3.560000e+02 1.311252e+01 2.932286e-02
3.560000e+02 1.313452e+01 2.923599e-02
3.560000e+02 1.313661e+01 3.011827e-02
3.560000e+02 1.312498e+01 2.996462e-02
3.560000e+02 1.313293e+01 3.025668e-02
3.570000e+02 6.124124e+00 1.358408e-02
3.570000e+02 6.118616e+00 1.347246e-02
3.570000e+02 6.094969e+00 1.393345e-02
3.570000e+02 6.101389e+00 1.359858e-02
3.570000e+02 6.094119e+00 1.311845e-02
3.570000e+02 6.110400e+00 1.323742e-02
3.570000e+02 6.111143e+00 1.338798e-02
3.570000e+02 6.115731e+00 1.344801e-02
3.570000e+02 6.109627e+00 1.328996e-02
3.570000e+02 6.107175e+00 1.319110e-02
3.580000e+02 1.986217e+00 4.382730e-03
3.580000e+02 1.998303e+00 4.424579e-03
3.580000e+02 1.985246e+00 4.416962e-03
3.580000e+02 1.994230e+00 4.598963e-03
3.580000e+02 1.992905e+00 4.437080e-03
3.580000e+02 1.996920e+00 4.509090e-03
3.580000e+02 1.994225e+00 4.446131e-03
3.580000e+02 1.988537e+00 4.430111e-03
3.580000e+02 1.986922e+00 4.457388e-03
3.580000e+02 1.987944e+00 4.443033e-03
3.590000e+02 1.719155e-01 3.845660e-04
3.590000e+02 1.711204e-01 3.969262e-04
3.590000e+02 1.717961e-01 3.962090e-04
3.590000e+02 1.715945e-01 4.011640e-04
3.590000e+02 1.713171e-01 3.873775e-04
3.590000e+02 1.718407e-01 3.886678e-04
3.590000e+02 1.715049e-01 3.946177e-04
3.590000e+02 1.716249e-01 3.831294e-04
3.590000e+02 1.712590e-01 3.888936e-04
3.590000e+02 1.723556e-01 3.844192e-04
3.600000e+02 -8.709404e-08 1.882167e-10
3.600000e+02 -8.710833e-08 1.929146e-10
3.600000e+02 -8.732150e-08 1.933185e-10
3.600000e+02 -8.702967e-08 1.960076e-10
3.600000e+02 -8.689222e-08 1.933702e-10
3.600000e+02 -8.732609e-08 1.953967e-10
3.600000e+02 -8.681332e-08 1.930565e-10
3.600000e+02 -8.714078e-08 1.957115e-10
3.600000e+02 -8.721549e-08 1.886605e-10
3.600000e+02 -8.721955e-08 1.864458e-10
3.650000e+02 -8.766218e-08 2.013774e-10
3.650000e+02 -8.731362e-08 2.005375e-10
3.650000e+02 -8.747157e-08 1.947741e-10
3.650000e+02 -8.787462e-08 1.942520e-10
3.650000e+02 -8.774389e-08 2.022312e-10
3.650000e+02 -8.755822e-08 1.997788e-10
3.650000e+02 -8.784011e-08 1.963377e-10
3.650000e+02 -8.764264e-08 1.972951e-10
3.650000e+02 -8.760694e-08 1.965541e-10
3.650000e+02 -8.736215e-08 1.928572e-10
3.700000e+02 -8.929315e-08 2.052375e-10
3.700000e+02 -8.898552e-08 2.025431e-10
3.700000e+02 -8.916462e-08 2.013145e-10
3.700000e+02 -8.919880e-08 2.008145e-10
3.700000e+02 -8.889384e-08 2.083845e-10
3.700000e+02 -8.889532e-08 2.029401e-10
3.700000e+02 -8.906658e-08 2.011921e-10
3.700000e+02 -8.915233e-08 1.992061e-10
3.700000e+02 -8.883330e-08 2.050649e-10
3.700000e+02 -8.887328e-08 2.000448e-10
3.750000e+02 -9.090360e-08 2.099703e-10
3.750000e+02 -9.114111e-08 2.119638e-10
3.750000e+02 -9.116920e-08 2.069765e-10
3.750000e+02 -9.086666e-08 2.110628e-10
3.750000e+02 -9.120994e-08 2.104614e-10
3.750000e+02 -9.140624e-08 2.091462e-10
3.750000e+02 -9.100369e-08 2.164556e-10
3.750000e+02 -9.142728e-08 2.089385e-10
3.750000e+02 -9.103084e-08 2.125648e-10
3.750000e+02 -9.139185e-08 2.097492e-10
3.800000e+02 -9.325004e-08 2.141002e-10
3.800000e+02 -9.365367e-08 2.159111e-10
3.800000e+02 -9.321000e-08 2.253437e-10
3.800000e+02 -9.338748e-08 2.191772e-10
3.800000e+02 -9.317681e-08 2.169684e-10
3.800000e+02 -9.324425e-08 2.128767e-10
3.800000e+02 -9.325030e-08 2.141704e-10
3.800000e+02 -9.336818e-08 2.219733e-10
3.800000e+02 -9.350285e-08 2.260505e-10
3.800000e+02 -9.344759e-08 2.243546e-10
3.850000e+02 -9.491370e-08 2.219445e-10
3.850000e+02 -9.495546e-08 2.220418e-10
3.850000e+02 -9.484739e-08 2.209327e-10
3.850000e+02 -9.538477e-08 2.137333e-10
3.850000e+02 -9.477216e-08 2.215349e-10
3.850000e+02 -9.501201e-08 2.292879e-10
3.850000e+02 -9.551820e-08 2.217932e-10
3.850000e+02 -9.533973e-08 2.271880e-10
3.850000e+02 -9.497287e-08 2.203545e-10
3.850000e+02 -9.491694e-08 2.267389e-10
