3.250000e+02 -5.077217e-10 1.911319e-12
3.250000e+02 -5.096887e-10 1.906649e-12
3.250000e+02 -5.025474e-10 1.915527e-12
3.250000e+02 -5.073683e-10 1.933882e-12
3.250000e+02 -5.075659e-10 1.905241e-12
3.250000e+02 -5.069287e-10 1.916256e-12
3.250000e+02 -5.062370e-10 1.921260e-12
3.250000e+02 -5.092331e-10 1.904039e-12
3.250000e+02 -5.007835e-10 1.915491e-12
3.250000e+02 -5.055430e-10 1.922800e-12
3.260000e+02 -5.619811e-10 2.099241e-12
3.260000e+02 -5.583607e-10 2.057335e-12
3.260000e+02 -5.627762e-10 2.075398e-12
3.260000e+02 -5.601497e-10 2.071008e-12
3.260000e+02 -5.627376e-10 2.077597e-12
3.260000e+02 -5.644230e-10 2.081153e-12
3.260000e+02 -5.696676e-10 2.063644e-12
3.260000e+02 -5.599597e-10 2.061639e-12
3.260000e+02 -5.629223e-10 2.076112e-12
3.260000e+02 -5.636097e-10 2.062472e-12
3.270000e+02 -6.259882e-10 2.239260e-12
3.270000e+02 -6.289986e-10 2.235679e-12
3.270000e+02 -6.292473e-10 2.231591e-12
3.270000e+02 -6.269555e-10 2.270910e-12
3.270000e+02 -6.283158e-10 2.241756e-12
3.270000e+02 -6.276510e-10 2.266414e-12
3.270000e+02 -6.262941e-10 2.231454e-12
3.270000e+02 -6.264196e-10 2.248321e-12
3.270000e+02 -6.289546e-10 2.225166e-12
3.270000e+02 -6.257938e-10 2.249913e-12
3.280000e+02 -6.993590e-10 2.441715e-12
3.280000e+02 -7.046301e-10 2.427521e-12
3.280000e+02 -7.009100e-10 2.464983e-12
3.280000e+02 -7.041399e-10 2.407774e-12
3.280000e+02 -7.036146e-10 2.417172e-12
3.280000e+02 -7.060261e-10 2.417427e-12
3.280000e+02 -6.994742e-10 2.429904e-12
3.280000e+02 -7.013660e-10 2.444511e-12
3.280000e+02 -7.000576e-10 2.417406e-12
3.280000e+02 -7.004852e-10 2.430893e-12
3.290000e+02 1.682723e-03 5.860098e-06
3.290000e+02 1.682393e-03 5.907278e-06
3.290000e+02 1.691078e-03 5.836226e-06
3.290000e+02 1.686816e-03 5.877015e-06
3.290000e+02 1.682564e-03 5.873688e-06
3.290000e+02 1.687635e-03 5.869812e-06
3.290000e+02 1.680974e-03 5.841147e-06
3.290000e+02 1.693867e-03 5.889438e-06
3.290000e+02 1.683190e-03 5.915617e-06
3.290000e+02 1.684126e-03 5.877800e-06
3.300000e+02 2.335177e-02 7.568778e-05
3.300000e+02 2.329763e-02 7.553604e-05
3.300000e+02 2.336442e-02 7.498921e-05
3.300000e+02 2.326948e-02 7.463693e-05
3.300000e+02 2.325636e-02 7.598258e-05
3.300000e+02 2.331912e-02 7.593344e-05
3.300000e+02 2.332918e-02 7.487070e-05
3.300000e+02 2.326790e-02 7.578646e-05
3.300000e+02 2.338054e-02 7.521804e-05
3.300000e+02 2.323031e-02 7.559261e-05
3.310000e+02 8.888982e-02 2.628050e-04
3.310000e+02 8.879184e-02 2.614028e-04
3.310000e+02 8.907943e-02 2.591658e-04
3.310000e+02 8.877257e-02 2.561108e-04
3.310000e+02 8.916695e-02 2.581410e-04
3.310000e+02 8.933580e-02 2.591205e-04
3.310000e+02 8.856948e-02 2.603313e-04
3.310000e+02 8.900092e-02 2.586600e-04
3.310000e+02 8.885222e-02 2.614492e-04
3.310000e+02 8.908510e-02 2.576890e-04
3.320000e+02 2.455162e-01 6.463158e-04
3.320000e+02 2.457615e-01 6.389045e-04
3.320000e+02 2.469882e-01 6.319640e-04
3.320000e+02 2.445852e-01 6.418030e-04
3.320000e+02 2.461713e-01 6.451843e-04
3.320000e+02 2.453730e-01 6.492504e-04
3.320000e+02 2.461890e-01 6.421853e-04
3.320000e+02 2.458145e-01 6.501114e-04
3.320000e+02 2.467049e-01 6.411566e-04
3.320000e+02 2.461199e-01 6.381389e-04
3.330000e+02 5.889208e-01 1.391373e-03
3.330000e+02 5.883987e-01 1.401970e-03
3.330000e+02 5.907027e-01 1.394835e-03
3.330000e+02 5.896617e-01 1.390567e-03
3.330000e+02 5.886507e-01 1.382480e-03
3.330000e+02 5.899210e-01 1.378987e-03
3.330000e+02 5.874451e-01 1.380859e-03
3.330000e+02 5.884970e-01 1.389833e-03
3.330000e+02 5.887680e-01 1.389117e-03
3.330000e+02 5.899068e-01 1.386020e-03
3.340000e+02 1.299235e+00 2.855237e-03
3.340000e+02 1.301547e+00 2.857351e-03
3.340000e+02 1.298865e+00 2.839393e-03
3.340000e+02 1.298277e+00 2.832230e-03
3.340000e+02 1.300695e+00 2.830908e-03
3.340000e+02 1.300830e+00 2.823329e-03
3.340000e+02 1.299046e+00 2.839083e-03
3.340000e+02 1.308688e+00 2.860638e-03
3.340000e+02 1.303448e+00 2.835185e-03
3.340000e+02 1.299471e+00 2.857396e-03
3.350000e+02 2.728158e+00 5.646773e-03
3.350000e+02 2.718021e+00 5.774557e-03
3.350000e+02 2.721462e+00 5.633489e-03
3.350000e+02 2.727683e+00 5.675674e-03
3.350000e+02 2.720948e+00 5.596655e-03
3.350000e+02 2.717291e+00 5.640747e-03
3.350000e+02 2.721569e+00 5.709072e-03
3.350000e+02 2.722410e+00 5.642144e-03
3.350000e+02 2.728443e+00 5.703028e-03
3.350000e+02 2.726768e+00 5.697067e-03
3.360000e+02 5.518245e+00 1.116585e-02
3.360000e+02 5.519728e+00 1.126043e-02
3.360000e+02 5.510290e+00 1.103444e-02
3.360000e+02 5.493393e+00 1.108042e-02
3.360000e+02 5.515571e+00 1.114894e-02
3.360000e+02 5.499624e+00 1.123667e-02
3.360000e+02 5.523135e+00 1.101967e-02
3.360000e+02 5.518662e+00 1.108198e-02
3.360000e+02 5.490859e+00 1.102648e-02
3.360000e+02 5.510970e+00 1.112141e-02
3.370000e+02 1.092579e+01 2.200377e-02
3.370000e+02 1.093441e+01 2.166330e-02
3.370000e+02 1.093814e+01 2.164882e-02
3.370000e+02 1.091605e+01 2.203089e-02
3.370000e+02 1.093454e+01 2.184897e-02
3.370000e+02 1.091044e+01 2.191618e-02
3.370000e+02 1.092511e+01 2.156507e-02
3.370000e+02 1.091720e+01 2.155807e-02
3.370000e+02 1.093615e+01 2.181774e-02
3.370000e+02 1.090847e+01 2.197333e-02
3.380000e+02 2.148254e+01 4.262595e-02
3.380000e+02 2.151938e+01 4.288570e-02
3.380000e+02 2.146618e+01 4.298362e-02
3.380000e+02 2.149711e+01 4.268980e-02
3.380000e+02 2.146741e+01 4.228108e-02
3.380000e+02 2.152392e+01 4.286375e-02
3.380000e+02 2.145690e+01 4.292775e-02
3.380000e+02 2.141354e+01 4.259173e-02
3.380000e+02 2.153550e+01 4.280599e-02
3.380000e+02 2.137092e+01 4.244613e-02
3.390000e+02 4.139833e+01 8.339114e-02
3.390000e+02 4.151133e+01 8.159659e-02
3.390000e+02 4.155514e+01 8.285493e-02
3.390000e+02 4.150498e+01 8.319250e-02
3.390000e+02 4.135610e+01 8.311712e-02
3.390000e+02 4.158835e+01 8.312930e-02
3.390000e+02 4.135744e+01 8.239262e-02
3.390000e+02 4.145686e+01 8.428873e-02
3.390000e+02 4.150330e+01 8.381180e-02
3.390000e+02 4.140408e+01 8.382606e-02
3.400000e+02 7.621199e+01 1.528740e-01
3.400000e+02 7.632952e+01 1.537157e-01
3.400000e+02 7.625773e+01 1.556338e-01
3.400000e+02 7.631293e+01 1.534811e-01
3.400000e+02 7.600955e+01 1.551775e-01
3.400000e+02 7.617119e+01 1.555526e-01
3.400000e+02 7.636700e+01 1.530450e-01
3.400000e+02 7.604818e+01 1.551724e-01
3.400000e+02 7.597952e+01 1.528005e-01
3.400000e+02 7.604998e+01 1.559314e-01
3.402000e+02 8.479766e+01 1.716253e-01
3.402000e+02 8.449259e+01 1.736404e-01
3.402000e+02 8.463898e+01 1.708503e-01
3.402000e+02 8.470117e+01 1.730623e-01
3.402000e+02 8.519081e+01 1.708189e-01
3.402000e+02 8.483018e+01 1.702975e-01
3.402000e+02 8.483705e+01 1.709375e-01
3.402000e+02 8.468972e+01 1.720912e-01
3.402000e+02 8.453025e+01 1.707557e-01
3.402000e+02 8.480066e+01 1.736036e-01
3.404000e+02 9.366103e+01 1.946105e-01
3.404000e+02 9.369741e+01 1.904365e-01
3.404000e+02 9.375414e+01 1.916764e-01
3.404000e+02 9.343059e+01 1.914927e-01
3.404000e+02 9.406078e+01 1.912074e-01
3.404000e+02 9.356612e+01 1.934941e-01
3.404000e+02 9.346222e+01 1.902123e-01
3.404000e+02 9.372328e+01 1.885022e-01
3.404000e+02 9.375941e+01 1.892972e-01
3.404000e+02 9.366113e+01 1.886980e-01
3.406000e+02 1.030478e+02 2.079437e-01
3.406000e+02 1.030666e+02 2.120137e-01
3.406000e+02 1.033143e+02 2.153349e-01
3.406000e+02 1.035428e+02 2.054296e-01
3.406000e+02 1.033420e+02 2.112308e-01
3.406000e+02 1.035793e+02 2.103229e-01
3.406000e+02 1.036955e+02 2.092522e-01
3.406000e+02 1.029536e+02 2.146399e-01
3.406000e+02 1.035540e+02 2.089895e-01
3.406000e+02 1.032764e+02 2.087038e-01
3.408000e+02 1.149401e+02 2.327706e-01
3.408000e+02 1.144069e+02 2.363483e-01
3.408000e+02 1.150685e+02 2.386516e-01
3.408000e+02 1.143060e+02 2.317563e-01
3.408000e+02 1.146063e+02 2.331627e-01
3.408000e+02 1.148470e+02 2.320559e-01
3.408000e+02 1.145944e+02 2.350254e-01
3.408000e+02 1.148656e+02 2.332566e-01
3.408000e+02 1.148470e+02 2.353165e-01
3.408000e+02 1.145464e+02 2.323077e-01
3.410000e+02 1.277307e+02 2.650526e-01
3.410000e+02 1.276339e+02 2.640240e-01
3.410000e+02 1.271643e+02 2.644641e-01
3.410000e+02 1.275735e+02 2.570684e-01
3.410000e+02 1.274996e+02 2.621284e-01
3.410000e+02 1.274273e+02 2.577030e-01
3.410000e+02 1.274855e+02 2.605870e-01
3.410000e+02 1.276150e+02 2.616235e-01
3.410000e+02 1.279079e+02 2.605205e-01
3.410000e+02 1.273682e+02 2.602265e-01
3.412000e+02 1.427406e+02 2.926513e-01
3.412000e+02 1.428907e+02 2.978691e-01
3.412000e+02 1.430081e+02 2.956371e-01
3.412000e+02 1.428941e+02 2.907716e-01
3.412000e+02 1.433771e+02 2.975744e-01
3.412000e+02 1.430588e+02 2.881736e-01
3.412000e+02 1.433690e+02 2.991074e-01
3.412000e+02 1.424978e+02 2.949750e-01
3.412000e+02 1.428232e+02 2.947588e-01
3.412000e+02 1.429245e+02 2.944549e-01
3.414000e+02 1.614651e+02 3.353778e-01
3.414000e+02 1.605000e+02 3.354030e-01
3.414000e+02 1.596872e+02 3.376722e-01
3.414000e+02 1.608110e+02 3.340261e-01
3.414000e+02 1.609014e+02 3.286933e-01
3.414000e+02 1.606250e+02 3.233352e-01
3.414000e+02 1.598668e+02 3.285996e-01
3.414000e+02 1.603540e+02 3.369520e-01
3.414000e+02 1.609015e+02 3.372729e-01
3.414000e+02 1.608061e+02 3.307137e-01
3.416000e+02 1.815325e+02 3.758483e-01
3.416000e+02 1.810131e+02 3.749193e-01
3.416000e+02 1.815711e+02 3.734209e-01
3.416000e+02 1.815171e+02 3.785996e-01
3.416000e+02 1.814708e+02 3.801062e-01
3.416000e+02 1.820008e+02 3.717755e-01
3.416000e+02 1.813001e+02 3.729332e-01
3.416000e+02 1.815604e+02 3.789389e-01
3.416000e+02 1.810635e+02 3.814655e-01
3.416000e+02 1.813036e+02 3.764022e-01
3.418000e+02 2.063465e+02 4.335742e-01
3.418000e+02 2.070201e+02 4.307343e-01
3.418000e+02 2.071206e+02 4.239869e-01
3.418000e+02 2.072645e+02 4.314967e-01
3.418000e+02 2.056169e+02 4.208446e-01
3.418000e+02 2.061643e+02 4.297504e-01
3.418000e+02 2.067718e+02 4.243785e-01
3.418000e+02 2.072174e+02 4.256359e-01
3.418000e+02 2.060148e+02 4.219483e-01
3.418000e+02 2.070058e+02 4.281066e-01
3.420000e+02 2.368254e+02 4.904146e-01
3.420000e+02 2.366745e+02 4.957353e-01
3.420000e+02 2.357501e+02 5.013571e-01
3.420000e+02 2.363702e+02 4.822576e-01
3.420000e+02 2.357593e+02 4.893348e-01
3.420000e+02 2.361731e+02 4.840555e-01
3.420000e+02 2.360530e+02 4.898715e-01
3.420000e+02 2.353005e+02 4.933655e-01
3.420000e+02 2.365278e+02 5.035409e-01
3.420000e+02 2.359866e+02 4.879514e-01
3.422000e+02 2.720850e+02 5.672131e-01
3.422000e+02 2.707911e+02 5.749187e-01
3.422000e+02 2.713129e+02 5.717941e-01
3.422000e+02 2.713084e+02 5.695166e-01
3.422000e+02 2.723102e+02 5.753607e-01
3.422000e+02 2.706004e+02 5.542623e-01
3.422000e+02 2.716484e+02 5.676982e-01
3.422000e+02 2.707694e+02 5.693263e-01
3.422000e+02 2.713783e+02 5.755014e-01
3.422000e+02 2.715570e+02 5.619825e-01
3.424000e+02 3.140093e+02 6.605071e-01
3.424000e+02 3.124336e+02 6.560463e-01
3.424000e+02 3.127385e+02 6.612502e-01
3.424000e+02 3.136609e+02 6.580755e-01
3.424000e+02 3.139511e+02 6.489194e-01
3.424000e+02 3.136842e+02 6.637073e-01
3.424000e+02 3.127859e+02 6.542518e-01
3.424000e+02 3.127103e+02 6.534164e-01
3.424000e+02 3.115788e+02 6.542246e-01
3.424000e+02 3.128870e+02 6.597604e-01
3.426000e+02 3.627187e+02 7.537145e-01
3.426000e+02 3.622108e+02 7.735265e-01
3.426000e+02 3.623470e+02 7.703748e-01
3.426000e+02 3.635803e+02 7.578294e-01
3.426000e+02 3.624566e+02 7.610001e-01
3.426000e+02 3.620444e+02 7.761690e-01
3.426000e+02 3.630000e+02 7.570280e-01
3.426000e+02 3.639668e+02 7.571756e-01
3.426000e+02 3.643037e+02 7.484805e-01
3.426000e+02 3.630546e+02 7.729007e-01
3.428000e+02 4.202672e+02 8.689383e-01
3.428000e+02 4.214420e+02 9.216923e-01
3.428000e+02 4.209396e+02 9.180345e-01
3.428000e+02 4.192399e+02 8.949995e-01
3.428000e+02 4.213253e+02 8.958824e-01
3.428000e+02 4.213756e+02 8.635706e-01
3.428000e+02 4.210555e+02 9.044509e-01
3.428000e+02 4.206680e+02 8.964063e-01
3.428000e+02 4.195351e+02 8.807544e-01
3.428000e+02 4.196593e+02 8.715160e-01
3.430000e+02 4.845330e+02 1.033413e+00
3.430000e+02 4.853496e+02 1.011911e+00
3.430000e+02 4.866743e+02 1.004957e+00
3.430000e+02 4.877608e+02 1.016347e+00
3.430000e+02 4.847333e+02 1.029322e+00
3.430000e+02 4.860823e+02 1.053877e+00
3.430000e+02 4.848086e+02 1.026162e+00
3.430000e+02 4.867712e+02 1.018180e+00
3.430000e+02 4.854544e+02 1.018924e+00
3.430000e+02 4.866135e+02 1.009989e+00
3.432000e+02 5.566174e+02 1.169423e+00
3.432000e+02 5.560844e+02 1.197807e+00
3.432000e+02 5.560870e+02 1.162134e+00
3.432000e+02 5.570056e+02 1.163320e+00
3.432000e+02 5.570084e+02 1.179931e+00
3.432000e+02 5.550997e+02 1.184808e+00
3.432000e+02 5.559940e+02 1.199054e+00
3.432000e+02 5.576772e+02 1.187512e+00
3.432000e+02 5.570110e+02 1.209667e+00
3.432000e+02 5.570272e+02 1.190851e+00
3.434000e+02 6.248155e+02 1.370874e+00
3.434000e+02 6.245335e+02 1.357275e+00
3.434000e+02 6.240224e+02 1.337331e+00
3.434000e+02 6.250665e+02 1.337321e+00
3.434000e+02 6.254955e+02 1.341409e+00
3.434000e+02 6.234367e+02 1.365616e+00
3.434000e+02 6.255003e+02 1.348731e+00
3.434000e+02 6.245131e+02 1.346688e+00
3.434000e+02 6.262045e+02 1.329703e+00
3.434000e+02 6.261665e+02 1.340865e+00
3.436000e+02 6.864636e+02 1.448783e+00
3.436000e+02 6.858531e+02 1.443260e+00
3.436000e+02 6.852782e+02 1.471138e+00
3.436000e+02 6.847798e+02 1.478143e+00
3.436000e+02 6.824827e+02 1.453524e+00
3.436000e+02 6.857068e+02 1.434962e+00
3.436000e+02 6.859052e+02 1.480438e+00
3.436000e+02 6.848655e+02 1.455406e+00
3.436000e+02 6.853757e+02 1.501614e+00
3.436000e+02 6.842779e+02 1.438361e+00
3.438000e+02 7.266952e+02 1.615515e+00
3.438000e+02 7.276372e+02 1.552709e+00
3.438000e+02 7.261467e+02 1.545362e+00
3.438000e+02 7.262521e+02 1.589794e+00
3.438000e+02 7.284312e+02 1.583785e+00
3.438000e+02 7.289839e+02 1.571226e+00
3.438000e+02 7.262344e+02 1.576661e+00
3.438000e+02 7.253499e+02 1.575550e+00
3.438000e+02 7.278878e+02 1.551454e+00
3.438000e+02 7.283565e+02 1.562414e+00
3.440000e+02 7.447727e+02 1.595076e+00
3.440000e+02 7.456083e+02 1.578664e+00
3.440000e+02 7.435909e+02 1.578275e+00
3.440000e+02 7.434562e+02 1.589521e+00
3.440000e+02 7.450581e+02 1.619825e+00
3.440000e+02 7.424879e+02 1.618543e+00
3.440000e+02 7.448244e+02 1.578267e+00
3.440000e+02 7.416390e+02 1.573129e+00
3.440000e+02 7.424370e+02 1.582772e+00
3.440000e+02 7.434205e+02 1.606050e+00
3.442000e+02 7.375788e+02 1.583850e+00
3.442000e+02 7.348965e+02 1.602101e+00
3.442000e+02 7.341998e+02 1.582268e+00
3.442000e+02 7.340016e+02 1.582920e+00
3.442000e+02 7.371835e+02 1.540189e+00
3.442000e+02 7.353901e+02 1.570063e+00
3.442000e+02 7.352042e+02 1.627710e+00
3.442000e+02 7.343487e+02 1.611362e+00
3.442000e+02 7.376857e+02 1.602657e+00
3.442000e+02 7.369426e+02 1.575155e+00
3.444000e+02 7.102373e+02 1.525236e+00
3.444000e+02 7.108308e+02 1.494668e+00
3.444000e+02 7.085286e+02 1.549072e+00
3.444000e+02 7.083741e+02 1.522579e+00
3.444000e+02 7.059992e+02 1.529307e+00
3.444000e+02 7.099697e+02 1.588915e+00
3.444000e+02 7.072387e+02 1.509303e+00
3.444000e+02 7.076393e+02 1.544793e+00
3.444000e+02 7.068980e+02 1.530184e+00
3.444000e+02 7.081076e+02 1.494233e+00
3.446000e+02 6.700804e+02 1.461265e+00
3.446000e+02 6.713524e+02 1.474804e+00
3.446000e+02 6.755629e+02 1.446074e+00
3.446000e+02 6.729948e+02 1.421823e+00
3.446000e+02 6.704504e+02 1.464987e+00
3.446000e+02 6.717991e+02 1.441263e+00
3.446000e+02 6.715716e+02 1.458539e+00
3.446000e+02 6.713445e+02 1.450530e+00
3.446000e+02 6.747734e+02 1.512308e+00
3.446000e+02 6.721524e+02 1.474141e+00
3.448000e+02 6.329420e+02 1.361994e+00
3.448000e+02 6.349691e+02 1.326824e+00
3.448000e+02 6.359823e+02 1.376579e+00
3.448000e+02 6.334147e+02 1.381960e+00
3.448000e+02 6.346974e+02 1.327367e+00
3.448000e+02 6.319011e+02 1.368235e+00
3.448000e+02 6.357366e+02 1.362351e+00
3.448000e+02 6.324575e+02 1.360261e+00
3.448000e+02 6.315456e+02 1.346623e+00
3.448000e+02 6.325185e+02 1.356835e+00
3.450000e+02 5.967749e+02 1.279086e+00
3.450000e+02 5.973870e+02 1.302518e+00
3.450000e+02 5.985166e+02 1.312339e+00
3.450000e+02 5.987835e+02 1.299094e+00
3.450000e+02 5.993776e+02 1.282367e+00
3.450000e+02 5.983708e+02 1.289777e+00
3.450000e+02 5.998836e+02 1.277024e+00
3.450000e+02 5.977218e+02 1.290684e+00
3.450000e+02 6.001927e+02 1.332953e+00
3.450000e+02 6.011669e+02 1.275968e+00
3.452000e+02 5.681538e+02 1.233448e+00
3.452000e+02 5.675766e+02 1.218285e+00
3.452000e+02 5.676967e+02 1.246881e+00
3.452000e+02 5.685183e+02 1.258167e+00
3.452000e+02 5.668488e+02 1.218803e+00
3.452000e+02 5.667979e+02 1.200048e+00
3.452000e+02 5.670419e+02 1.237158e+00
3.452000e+02 5.678922e+02 1.238965e+00
3.452000e+02 5.684613e+02 1.209741e+00
3.452000e+02 5.696318e+02 1.203257e+00
3.454000e+02 5.410114e+02 1.174884e+00
3.454000e+02 5.407913e+02 1.160243e+00
3.454000e+02 5.401302e+02 1.195490e+00
3.454000e+02 5.421638e+02 1.187569e+00
3.454000e+02 5.410464e+02 1.182910e+00
3.454000e+02 5.407265e+02 1.178962e+00
3.454000e+02 5.425005e+02 1.179417e+00
3.454000e+02 5.411984e+02 1.185020e+00
3.454000e+02 5.393830e+02 1.151460e+00
3.454000e+02 5.407952e+02 1.166050e+00
3.456000e+02 5.129471e+02 1.101266e+00
3.456000e+02 5.154428e+02 1.098391e+00
3.456000e+02 5.152725e+02 1.122534e+00
3.456000e+02 5.124144e+02 1.143730e+00
3.456000e+02 5.155793e+02 1.131849e+00
3.456000e+02 5.134306e+02 1.134432e+00
3.456000e+02 5.154391e+02 1.130583e+00
3.456000e+02 5.144387e+02 1.132348e+00
3.456000e+02 5.143276e+02 1.120950e+00
3.456000e+02 5.167846e+02 1.136262e+00
3.458000e+02 4.876830e+02 1.107051e+00
3.458000e+02 4.884600e+02 1.096823e+00
3.458000e+02 4.880208e+02 1.089991e+00
3.458000e+02 4.871142e+02 1.094013e+00
3.458000e+02 4.874947e+02 1.110581e+00
3.458000e+02 4.869250e+02 1.081967e+00
3.458000e+02 4.883738e+02 1.096688e+00
3.458000e+02 4.875717e+02 1.053795e+00
3.458000e+02 4.878006e+02 1.106613e+00
3.458000e+02 4.877007e+02 1.111079e+00
3.460000e+02 4.592876e+02 1.109992e+00
3.460000e+02 4.581983e+02 1.110361e+00
3.460000e+02 4.567845e+02 1.085185e+00
3.460000e+02 4.580721e+02 1.120862e+00
3.460000e+02 4.596328e+02 1.117311e+00
3.460000e+02 4.581427e+02 1.126529e+00
3.460000e+02 4.598030e+02 1.115689e+00
3.460000e+02 4.578623e+02 1.098231e+00
3.460000e+02 4.591842e+02 1.100446e+00
3.460000e+02 4.594991e+02 1.109934e+00
3.462000e+02 4.289524e+02 1.179004e+00
3.462000e+02 4.279654e+02 1.177636e+00
3.462000e+02 4.288935e+02 1.181965e+00
3.462000e+02 4.278838e+02 1.167810e+00
3.462000e+02 4.288108e+02 1.191166e+00
3.462000e+02 4.286044e+02 1.191061e+00
3.462000e+02 4.309574e+02 1.172617e+00
3.462000e+02 4.301036e+02 1.203123e+00
3.462000e+02 4.273504e+02 1.156185e+00
3.462000e+02 4.264961e+02 1.181820e+00
3.464000e+02 3.924849e+02 1.212609e+00
3.464000e+02 3.921319e+02 1.220440e+00
3.464000e+02 3.914851e+02 1.216265e+00
3.464000e+02 3.914066e+02 1.233453e+00
3.464000e+02 3.929380e+02 1.233894e+00
3.464000e+02 3.940627e+02 1.222968e+00
3.464000e+02 3.901292e+02 1.225283e+00
3.464000e+02 3.922232e+02 1.218932e+00
3.464000e+02 3.921832e+02 1.225572e+00
3.464000e+02 3.915564e+02 1.227702e+00
3.466000e+02 3.584404e+02 1.321632e+00
3.466000e+02 3.579907e+02 1.320617e+00
3.466000e+02 3.582570e+02 1.327753e+00
3.466000e+02 3.588893e+02 1.327160e+00
3.466000e+02 3.562997e+02 1.330401e+00
3.466000e+02 3.565813e+02 1.320900e+00
3.466000e+02 3.582329e+02 1.314942e+00
3.466000e+02 3.566489e+02 1.333425e+00
3.466000e+02 3.584171e+02 1.340604e+00
3.466000e+02 3.589631e+02 1.321446e+00
3.468000e+02 3.274780e+02 1.432059e+00
3.468000e+02 3.264795e+02 1.451643e+00
3.468000e+02 3.233111e+02 1.453480e+00
3.468000e+02 3.251666e+02 1.456822e+00
3.468000e+02 3.259160e+02 1.435024e+00
3.468000e+02 3.252343e+02 1.430952e+00
3.468000e+02 3.251796e+02 1.447206e+00
3.468000e+02 3.260660e+02 1.444386e+00
3.468000e+02 3.266379e+02 1.443532e+00
3.468000e+02 3.253965e+02 1.434402e+00
3.470000e+02 2.942064e+02 1.542417e+00
3.470000e+02 2.948554e+02 1.531318e+00
3.470000e+02 2.946782e+02 1.533249e+00
3.470000e+02 2.955332e+02 1.536384e+00
3.470000e+02 2.960502e+02 1.517996e+00
3.470000e+02 2.933680e+02 1.538160e+00
3.470000e+02 2.956562e+02 1.544122e+00
3.470000e+02 2.986233e+02 1.518098e+00
3.470000e+02 2.958756e+02 1.521679e+00
3.470000e+02 2.958418e+02 1.539870e+00
3.472000e+02 2.693809e+02 1.595987e+00
3.472000e+02 2.666751e+02 1.587107e+00
3.472000e+02 2.690915e+02 1.621771e+00
3.472000e+02 2.693181e+02 1.593276e+00
3.472000e+02 2.674051e+02 1.617279e+00
3.472000e+02 2.659644e+02 1.605898e+00
3.472000e+02 2.690101e+02 1.592060e+00
3.472000e+02 2.676276e+02 1.622335e+00
3.472000e+02 2.650322e+02 1.617026e+00
3.472000e+02 2.671582e+02 1.594539e+00
3.474000e+02 2.462826e+02 1.665629e+00
3.474000e+02 2.453500e+02 1.657328e+00
3.474000e+02 2.427300e+02 1.648783e+00
3.474000e+02 2.447922e+02 1.667062e+00
3.474000e+02 2.449691e+02 1.678476e+00
3.474000e+02 2.440779e+02 1.633796e+00
3.474000e+02 2.453594e+02 1.664836e+00
3.474000e+02 2.455474e+02 1.638320e+00
3.474000e+02 2.425367e+02 1.634546e+00
3.474000e+02 2.443671e+02 1.666453e+00
3.476000e+02 2.251757e+02 1.695188e+00
3.476000e+02 2.246182e+02 1.663389e+00
3.476000e+02 2.224984e+02 1.710296e+00
3.476000e+02 2.216598e+02 1.697749e+00
3.476000e+02 2.236955e+02 1.692638e+00
3.476000e+02 2.250384e+02 1.685985e+00
3.476000e+02 2.230227e+02 1.689210e+00
3.476000e+02 2.249588e+02 1.669786e+00
3.476000e+02 2.235457e+02 1.682145e+00
3.476000e+02 2.192730e+02 1.682625e+00
3.478000e+02 2.059759e+02 1.717594e+00
3.478000e+02 2.056665e+02 1.732070e+00
3.478000e+02 2.042369e+02 1.673041e+00
3.478000e+02 2.052764e+02 1.709608e+00
3.478000e+02 2.062263e+02 1.694748e+00
3.478000e+02 2.065380e+02 1.682129e+00
3.478000e+02 2.084801e+02 1.706099e+00
3.478000e+02 2.042900e+02 1.703361e+00
3.478000e+02 2.061006e+02 1.674081e+00
3.478000e+02 2.039724e+02 1.681774e+00
3.480000e+02 1.890946e+02 1.711848e+00
3.480000e+02 1.933816e+02 1.704243e+00
3.480000e+02 1.873695e+02 1.719622e+00
3.480000e+02 1.906961e+02 1.680953e+00
3.480000e+02 1.884892e+02 1.695224e+00
3.480000e+02 1.860661e+02 1.730071e+00
3.480000e+02 1.915379e+02 1.721560e+00
3.480000e+02 1.928946e+02 1.744535e+00
3.480000e+02 1.904638e+02 1.728924e+00
3.480000e+02 1.912361e+02 1.684442e+00
3.482000e+02 1.762749e+02 1.690629e+00
3.482000e+02 1.746785e+02 1.736447e+00
3.482000e+02 1.781555e+02 1.674034e+00
3.482000e+02 1.765785e+02 1.690672e+00
3.482000e+02 1.750695e+02 1.702122e+00
3.482000e+02 1.780926e+02 1.721912e+00
3.482000e+02 1.776989e+02 1.686745e+00
3.482000e+02 1.762427e+02 1.691637e+00
3.482000e+02 1.779157e+02 1.658697e+00
3.482000e+02 1.761456e+02 1.695314e+00
3.484000e+02 1.674572e+02 1.703716e+00
3.484000e+02 1.666525e+02 1.670411e+00
3.484000e+02 1.656428e+02 1.667269e+00
3.484000e+02 1.661163e+02 1.653705e+00
3.484000e+02 1.645879e+02 1.688657e+00
3.484000e+02 1.651524e+02 1.692312e+00
3.484000e+02 1.640978e+02 1.691569e+00
3.484000e+02 1.649053e+02 1.700848e+00
3.484000e+02 1.628207e+02 1.702170e+00
3.484000e+02 1.664952e+02 1.664531e+00
3.486000e+02 1.538180e+02 1.633443e+00
3.486000e+02 1.554365e+02 1.659011e+00
3.486000e+02 1.556352e+02 1.645449e+00
3.486000e+02 1.531209e+02 1.682013e+00
3.486000e+02 1.566260e+02 1.626567e+00
3.486000e+02 1.552009e+02 1.619806e+00
3.486000e+02 1.563077e+02 1.644945e+00
3.486000e+02 1.568041e+02 1.667906e+00
3.486000e+02 1.535122e+02 1.668581e+00
3.486000e+02 1.560038e+02 1.659220e+00
3.488000e+02 1.460368e+02 1.632753e+00
3.488000e+02 1.481708e+02 1.653560e+00
3.488000e+02 1.465326e+02 1.615700e+00
3.488000e+02 1.487748e+02 1.609758e+00
3.488000e+02 1.480926e+02 1.634733e+00
3.488000e+02 1.470910e+02 1.602031e+00
3.488000e+02 1.446140e+02 1.635710e+00
3.488000e+02 1.477623e+02 1.631515e+00
3.488000e+02 1.447196e+02 1.634591e+00
3.488000e+02 1.498497e+02 1.666362e+00
3.490000e+02 1.414860e+02 1.543320e+00
3.490000e+02 1.421153e+02 1.542586e+00
3.490000e+02 1.419627e+02 1.565600e+00
3.490000e+02 1.427538e+02 1.573256e+00
3.490000e+02 1.392431e+02 1.554515e+00
3.490000e+02 1.441858e+02 1.550361e+00
3.490000e+02 1.402678e+02 1.534669e+00
3.490000e+02 1.413182e+02 1.594380e+00
3.490000e+02 1.392596e+02 1.565663e+00
3.490000e+02 1.430012e+02 1.563774e+00
3.492000e+02 1.365863e+02 1.512154e+00
3.492000e+02 1.342812e+02 1.528996e+00
3.492000e+02 1.357994e+02 1.513701e+00
3.492000e+02 1.334957e+02 1.501852e+00
3.492000e+02 1.361804e+02 1.529304e+00
3.492000e+02 1.337612e+02 1.530209e+00
3.492000e+02 1.382469e+02 1.532098e+00
3.492000e+02 1.345301e+02 1.509741e+00
3.492000e+02 1.355801e+02 1.516546e+00
3.492000e+02 1.337702e+02 1.544623e+00
3.494000e+02 1.295636e+02 1.463075e+00
3.494000e+02 1.297465e+02 1.475954e+00
3.494000e+02 1.281712e+02 1.463770e+00
3.494000e+02 1.313186e+02 1.475317e+00
3.494000e+02 1.307243e+02 1.455274e+00
3.494000e+02 1.304146e+02 1.432090e+00
3.494000e+02 1.312517e+02 1.473661e+00
3.494000e+02 1.316452e+02 1.495357e+00
3.494000e+02 1.305649e+02 1.469131e+00
3.494000e+02 1.286689e+02 1.461578e+00
3.496000e+02 1.262067e+02 1.414334e+00
3.496000e+02 1.237653e+02 1.389868e+00
3.496000e+02 1.230344e+02 1.407712e+00
3.496000e+02 1.248209e+02 1.398086e+00
3.496000e+02 1.267843e+02 1.439957e+00
3.496000e+02 1.239996e+02 1.401121e+00
3.496000e+02 1.241372e+02 1.436072e+00
3.496000e+02 1.231035e+02 1.395000e+00
3.496000e+02 1.235369e+02 1.430922e+00
3.496000e+02 1.260435e+02 1.414187e+00
3.498000e+02 1.186170e+02 1.353082e+00
3.498000e+02 1.240174e+02 1.341578e+00
3.498000e+02 1.205620e+02 1.368025e+00
3.498000e+02 1.217076e+02 1.350556e+00
3.498000e+02 1.225368e+02 1.338513e+00
3.498000e+02 1.211501e+02 1.316785e+00
3.498000e+02 1.196087e+02 1.338903e+00
3.498000e+02 1.224206e+02 1.322391e+00
3.498000e+02 1.220569e+02 1.347535e+00
3.498000e+02 1.215341e+02 1.331029e+00
3.500000e+02 1.156380e+02 1.262290e+00
3.500000e+02 1.138780e+02 1.273247e+00
3.500000e+02 1.168531e+02 1.277206e+00
3.500000e+02 1.163412e+02 1.268843e+00
3.500000e+02 1.171347e+02 1.272395e+00
3.500000e+02 1.141873e+02 1.266112e+00
3.500000e+02 1.156244e+02 1.296534e+00
3.500000e+02 1.154894e+02 1.265242e+00
3.500000e+02 1.143958e+02 1.282533e+00
3.500000e+02 1.160608e+02 1.295093e+00
3.510000e+02 9.817536e+01 9.317234e-01
3.510000e+02 9.811875e+01 9.224084e-01
3.510000e+02 9.594440e+01 9.369115e-01
3.510000e+02 9.617224e+01 9.515095e-01
3.510000e+02 9.753790e+01 9.443162e-01
3.510000e+02 9.728822e+01 9.408594e-01
3.510000e+02 9.706560e+01 9.426825e-01
3.510000e+02 9.766576e+01 9.146658e-01
3.510000e+02 9.688048e+01 9.314349e-01
3.510000e+02 9.820024e+01 9.467203e-01
3.520000e+02 7.856558e+01 6.057294e-01
3.520000e+02 7.812719e+01 5.986210e-01
3.520000e+02 7.849883e+01 5.989853e-01
3.520000e+02 7.800929e+01 5.987359e-01
3.520000e+02 7.895509e+01 5.968555e-01
3.520000e+02 7.813227e+01 5.960112e-01
3.520000e+02 7.895686e+01 6.028286e-01
3.520000e+02 7.902199e+01 5.921523e-01
3.520000e+02 7.822244e+01 6.000453e-01
3.520000e+02 7.867834e+01 5.952950e-01
3.530000e+02 5.915107e+01 3.416315e-01
3.530000e+02 5.982607e+01 3.394461e-01
3.530000e+02 5.905199e+01 3.378949e-01
3.530000e+02 5.906777e+01 3.373630e-01
3.530000e+02 5.940605e+01 3.391117e-01
3.530000e+02 5.905786e+01 3.425964e-01
3.530000e+02 5.885056e+01 3.363158e-01
3.530000e+02 5.964583e+01 3.417846e-01
3.530000e+02 5.947979e+01 3.415063e-01
3.530000e+02 5.922959e+01 3.413415e-01
3.540000e+02 4.142485e+01 1.751818e-01
3.540000e+02 4.138517e+01 1.718438e-01
3.540000e+02 4.137220e+01 1.739524e-01
3.540000e+02 4.164090e+01 1.731875e-01
3.540000e+02 4.149893e+01 1.712895e-01
3.540000e+02 4.128620e+01 1.712602e-01
3.540000e+02 4.168927e+01 1.710099e-01
3.540000e+02 4.170791e+01 1.729870e-01
3.540000e+02 4.156359e+01 1.719505e-01
3.540000e+02 4.136916e+01 1.765081e-01
3.550000e+02 2.668357e+01 8.022368e-02
3.550000e+02 2.645004e+01 7.930349e-02
3.550000e+02 2.661796e+01 8.123067e-02
3.550000e+02 2.652629e+01 7.940743e-02
3.550000e+02 2.668002e+01 8.039564e-02
3.550000e+02 2.669738e+01 7.966375e-02
3.550000e+02 2.656912e+01 7.896833e-02
3.550000e+02 2.657632e+01 8.090663e-02
3.550000e+02 2.675366e+01 7.932834e-02
3.550000e+02 2.656013e+01 8.075587e-02
3.560000e+02 1.525023e+01 3.534859e-02
3.560000e+02 1.523708e+01 3.562412e-02
3.560000e+02 1.523387e+01 3.639688e-02
3.560000e+02 1.530940e+01 3.469206e-02
3.560000e+02 1.524690e+01 3.578404e-02
3.560000e+02 1.519858e+01 3.578054e-02
3.560000e+02 1.530709e+01 3.577582e-02
3.560000e+02 1.522535e+01 3.561788e-02
3.560000e+02 1.534080e+01 3.570772e-02
3.560000e+02 1.528563e+01 3.542786e-02
3.570000e+02 7.356949e+00 1.654501e-02
3.570000e+02 7.332399e+00 1.604283e-02
3.570000e+02 7.343547e+00 1.631467e-02
3.570000e+02 7.355888e+00 1.589529e-02
3.570000e+02 7.375725e+00 1.616495e-02
3.570000e+02 7.371946e+00 1.598283e-02
3.570000e+02 7.324534e+00 1.644084e-02
3.570000e+02 7.379318e+00 1.628494e-02
3.570000e+02 7.367032e+00 1.611290e-02
3.570000e+02 7.334111e+00 1.574389e-02
3.580000e+02 2.469568e+00 5.364770e-03
3.580000e+02 2.464587e+00 5.307331e-03
3.580000e+02 2.463771e+00 5.514410e-03
3.580000e+02 2.459154e+00 5.301617e-03
3.580000e+02 2.460649e+00 5.420135e-03
3.580000e+02 2.467394e+00 5.303156e-03
3.580000e+02 2.455525e+00 5.380768e-03
3.580000e+02 2.459371e+00 5.612269e-03
3.580000e+02 2.458134e+00 5.425550e-03
3.580000e+02 2.461186e+00 5.430850e-03
3.590000e+02 2.155746e-01 4.913942e-04
3.590000e+02 2.159273e-01 4.824308e-04
3.590000e+02 2.154048e-01 4.857795e-04
3.590000e+02 2.166006e-01 4.916324e-04
3.590000e+02 2.154827e-01 4.737001e-04
3.590000e+02 2.155299e-01 4.696233e-04
3.590000e+02 2.160607e-01 4.808773e-04
3.590000e+02 2.165802e-01 4.794727e-04
3.590000e+02 2.158186e-01 4.827847e-04
3.590000e+02 2.160484e-01 4.712789e-04
3.600000e+02 -9.890983e-08 2.197892e-10
3.600000e+02 -9.886278e-08 2.178088e-10
3.600000e+02 -9.918145e-08 2.185721e-10
3.600000e+02 -9.871278e-08 2.171027e-10
3.600000e+02 -9.863604e-08 2.194515e-10
3.600000e+02 -9.903359e-08 2.173479e-10
3.600000e+02 -9.877719e-08 2.141368e-10
3.600000e+02 -9.902104e-08 2.232668e-10
3.600000e+02 -9.903840e-08 2.101752e-10
3.600000e+02 -9.876048e-08 2.194272e-10
3.650000e+02 -9.916503e-08 2.261529e-10
3.650000e+02 -9.921786e-08 2.232652e-10
3.650000e+02 -9.933315e-08 2.216433e-10
3.650000e+02 -9.935257e-08 2.293185e-10
3.650000e+02 -9.914199e-08 2.179643e-10
3.650000e+02 -9.912649e-08 2.259596e-10
3.650000e+02 -9.916692e-08 2.224930e-10
3.650000e+02 -9.912703e-08 2.214819e-10
3.650000e+02 -9.912573e-08 2.304360e-10
3.650000e+02 -9.921673e-08 2.239579e-10
3.700000e+02 -1.002230e-07 2.213951e-10
3.700000e+02 -1.010395e-07 2.332685e-10
3.700000e+02 -1.008182e-07 2.222805e-10
3.700000e+02 -1.010449e-07 2.233669e-10
3.700000e+02 -1.009118e-07 2.301369e-10
3.700000e+02 -1.008430e-07 2.299391e-10
3.700000e+02 -1.007688e-07 2.313258e-10
3.700000e+02 -1.008813e-07 2.218948e-10
3.700000e+02 -1.006842e-07 2.204677e-10
3.700000e+02 -1.006896e-07 2.268467e-10
3.750000e+02 -1.031446e-07 2.378599e-10
3.750000e+02 -1.030552e-07 2.505575e-10
3.750000e+02 -1.029530e-07 2.415463e-10
3.750000e+02 -1.033421e-07 2.401212e-10
3.750000e+02 -1.033753e-07 2.400238e-10
3.750000e+02 -1.031809e-07 2.332096e-10
3.750000e+02 -1.031778e-07 2.368286e-10
3.750000e+02 -1.033007e-07 2.438521e-10
3.750000e+02 -1.029226e-07 2.446299e-10
3.750000e+02 -1.032567e-07 2.399278e-10
3.800000e+02 -1.053207e-07 2.434787e-10
3.800000e+02 -1.054015e-07 2.389076e-10
3.800000e+02 -1.054604e-07 2.527480e-10
3.800000e+02 -1.058464e-07 2.512438e-10
3.800000e+02 -1.059988e-07 2.515812e-10
3.800000e+02 -1.057399e-07 2.492417e-10
3.800000e+02 -1.058589e-07 2.551880e-10
3.800000e+02 -1.058393e-07 2.450233e-10
3.800000e+02 -1.055004e-07 2.449767e-10
3.800000e+02 -1.057448e-07 2.525591e-10
3.850000e+02 -1.074125e-07 2.516695e-10
3.850000e+02 -1.073109e-07 2.512106e-10
3.850000e+02 -1.077468e-07 2.504498e-10
3.850000e+02 -1.074533e-07 2.520741e-10
3.850000e+02 -1.074595e-07 2.589241e-10
3.850000e+02 -1.078451e-07 2.507480e-10
3.850000e+02 -1.078190e-07 2.484523e-10
3.850000e+02 -1.078841e-07 2.535680e-10
3.850000e+02 -1.074929e-07 2.447708e-10
3.850000e+02 -1.073103e-07 2.501079e-10
