344.000010 435.614151 0.000002
344.000020 435.771605 0.000003
344.000030 435.892422 0.000004
344.000040 435.994275 0.000005
344.000050 436.084009 0.000005
344.000060 436.165135 0.000006
344.000070 436.239736 0.000006
344.000080 436.309174 0.000007
344.000090 436.374392 0.000007
344.000110 436.494745 0.000008
344.000120 436.550800 0.000008
344.000130 436.604566 0.000008
344.000140 436.656301 0.000009
344.000150 436.706219 0.000009
344.000160 436.754498 0.000009
344.000170 436.801291 0.000010
344.000180 436.846726 0.000010
344.000190 436.890916 0.000010
344.000100 436.436074 0.000007
344.000210 436.975935 0.000011
344.000220 437.016925 0.000011
344.000230 437.056993 0.000011
344.000240 437.096199 0.000012
344.000250 437.134596 0.000012
344.000260 437.172233 0.000012
344.000270 437.209153 0.000012
344.000280 437.245394 0.000012
344.000290 437.280995 0.000013
344.000200 436.933957 0.000011
344.000310 437.350399 0.000013
344.000320 437.384261 0.000013
344.000330 437.417598 0.000014
344.000340 437.450433 0.000014
344.000350 437.482789 0.000014
344.000360 437.514686 0.000014
344.000370 437.546142 0.000014
344.000380 437.577177 0.000015
344.000390 437.607805 0.000015
344.000300 437.315986 0.000013
344.000410 437.667906 0.000015
344.000420 437.697407 0.000015
344.000430 437.726558 0.000015
344.000440 437.755372 0.000016
344.000450 437.783861 0.000016
344.000460 437.812034 0.000016
344.000470 437.839903 0.000016
344.000480 437.867477 0.000016
344.000490 437.894765 0.000016
344.000400 437.638044 0.000015
344.000510 437.948519 0.000017
344.000520 437.975000 0.000017
344.000530 438.001227 0.000017
344.000540 438.027209 0.000017
344.000550 438.052951 0.000017
344.000560 438.078460 0.000018
344.000570 438.103742 0.000018
344.000580 438.128803 0.000018
344.000590 438.153649 0.000018
344.000500 437.921776 0.000017
344.000610 438.202717 0.000018
344.000620 438.226950 0.000019
344.000630 438.250987 0.000019
344.000640 438.274835 0.000019
344.000650 438.298497 0.000019
344.000660 438.321977 0.000019
344.000670 438.345280 0.000019
344.000680 438.368410 0.000019
344.000690 438.391371 0.000020
344.000600 438.178285 0.000018
344.000710 438.436798 0.000020
344.000720 438.459272 0.000020
344.000730 438.481590 0.000020
344.000740 438.503755 0.000020
344.000750 438.525771 0.000020
344.000760 438.547641 0.000021
344.000770 438.569368 0.000021
344.000780 438.590953 0.000021
344.000790 438.612402 0.000021
344.000700 438.414165 0.000020
344.000810 438.654894 0.000021
344.000820 438.675943 0.000021
344.000830 438.696864 0.000021
344.000840 438.717660 0.000022
344.000850 438.738332 0.000022
344.000860 438.758883 0.000022
344.000870 438.779314 0.000022
344.000880 438.799629 0.000022
344.000890 438.819829 0.000022
344.000800 438.633714 0.000021
344.000910 438.859890 0.000022
344.000920 438.879755 0.000023
344.000930 438.899513 0.000023
344.000940 438.919165 0.000023
344.000950 438.938712 0.000023
344.000960 438.958157 0.000023
344.000970 438.977501 0.000023
344.000980 438.996745 0.000023
344.000990 439.015892 0.000023
344.000900 438.839915 0.000022
344.001 439.035 2.35534e-05
344.002 440.609 3.32855e-05
344.003 441.817 4.07487e-05
344.004 442.835 4.70494e-05
344.005 443.732 5.2604e-05
344.006 444.542 5.75729e-05
344.007 445.288 6.22355e-05
344.008 445.981 6.64627e-05
344.009 446.633 7.04646e-05
344.011 447.835 7.78845e-05
344.012 448.395 8.13265e-05
344.013 448.932 8.47001e-05
344.014 449.449 8.77976e-05
344.015 449.947 9.08652e-05
344.016 450.429 9.38524e-05
344.017 450.897 9.67637e-05
344.018 451.35 9.94716e-05
344.019 451.791 0.000102181
344.01 447.249 7.43463e-05
344.021 452.64 0.000107393
344.022 453.049 0.000109915
344.023 453.449 0.000112406
344.024 453.84 0.000114772
344.025 454.224 0.000117171
344.026 454.599 0.00011942
344.027 454.968 0.000121673
344.028 455.329 0.000123893
344.029 455.684 0.000126072
344.02 452.221 0.000104857
344.031 456.377 0.000130365
344.032 456.715 0.000132517
344.033 457.047 0.000134488
344.034 457.375 0.000136457
344.035 457.697 0.000138417
344.036 458.015 0.000140359
344.037 458.329 0.000142275
344.038 458.638 0.000144217
344.039 458.944 0.000146036
344.03 456.033 0.000128255
344.041 459.543 0.00014972
344.042 459.837 0.000151568
344.043 460.128 0.000153316
344.044 460.415 0.000155039
344.045 460.699 0.000156787
344.046 460.98 0.000158494
344.047 461.257 0.000160198
344.048 461.532 0.000161875
344.049 461.804 0.000163557
344.04 459.245 0.000147889
344.051 462.34 0.000166825
344.052 462.604 0.000168529
344.053 462.865 0.000170025
344.054 463.124 0.000171619
344.055 463.38 0.000173174
344.056 463.634 0.00017479
344.057 463.886 0.000176261
344.058 464.136 0.000177807
344.059 464.383 0.0001793
344.05 462.073 0.000165184
344.061 464.872 0.000182286
344.062 465.113 0.000183757
344.063 465.352 0.000185218
344.064 465.59 0.000186674
344.065 465.825 0.000188125
344.066 466.059 0.000189533
344.067 466.291 0.00019095
344.068 466.521 0.000192394
344.069 466.75 0.000193855
344.06 464.628 0.000180806
344.071 467.202 0.000196513
344.072 467.426 0.000197875
344.073 467.648 0.000199232
344.074 467.868 0.000200579
344.075 468.087 0.00020192
344.076 468.305 0.000203252
344.077 468.521 0.000204561
344.078 468.736 0.000205869
344.079 468.949 0.000207171
344.07 466.977 0.000195161
344.081 469.372 0.000209749
344.082 469.581 0.000211026
344.083 469.789 0.0002123
344.084 469.996 0.000213593
344.085 470.202 0.00021481
344.086 470.406 0.000216056
344.087 470.609 0.000217305
344.088 470.811 0.000218542
344.089 471.012 0.000219753
344.08 469.161 0.000208464
344.091 471.41 0.000222198
344.092 471.608 0.000223388
344.093 471.804 0.000224584
344.094 472 0.000225789
344.095 472.194 0.000226955
344.096 472.387 0.000228147
344.097 472.579 0.000229307
344.098 472.771 0.000230482
344.099 472.961 0.000231634
344.09 471.212 0.000220994
344.101 473.338 0.000233937
344.102 473.526 0.000235072
344.103 473.712 0.000236211
344.104 473.898 0.000237339
344.105 474.083 0.000238464
344.106 474.266 0.000239583
344.107 474.449 0.000240697
344.108 474.631 0.000241808
344.109 474.812 0.00024291
344.111 475.172 0.000245131
344.112 475.351 0.000246189
344.113 475.529 0.000247278
344.114 475.706 0.000248355
344.115 475.882 0.000249425
344.116 476.058 0.000250531
344.117 476.233 0.000251561
344.118 476.407 0.000252621
344.119 476.58 0.00025368
344.11 474.993 0.000244009
344.121 476.924 0.000255769
344.122 477.095 0.000256815
344.123 477.266 0.000257848
344.124 477.435 0.000258885
344.125 477.604 0.000259911
344.126 477.773 0.000260935
344.127 477.94 0.000261986
344.128 478.107 0.000262979
344.129 478.274 0.000263988
344.12 476.752 0.000254725
344.131 478.604 0.000266009
344.132 478.769 0.000266997
344.133 478.932 0.000267994
344.134 479.096 0.000268987
344.135 479.258 0.000270006
344.136 479.42 0.000270964
344.137 479.581 0.000271946
344.138 479.742 0.00027292
344.139 479.902 0.000273895
344.13 478.439 0.000264992
344.141 480.221 0.000275833
344.142 480.379 0.000276799
344.143 480.537 0.000277758
344.144 480.694 0.000278723
344.145 480.851 0.000279688
344.146 481.007 0.000280617
344.147 481.162 0.000281564
344.148 481.318 0.000282508
344.149 481.472 0.000283448
344.14 480.062 0.00027487
344.151 481.78 0.000285321
344.152 481.933 0.00028625
344.153 482.085 0.000287176
344.154 482.237 0.000288103
344.155 482.389 0.000289024
344.156 482.539 0.000289941
344.157 482.69 0.000290863
344.158 482.84 0.000291771
344.159 482.989 0.000292678
344.15 481.626 0.000284395
344.161 483.287 0.000294488
344.162 483.435 0.000295389
344.163 483.583 0.000296287
344.164 483.73 0.000297182
344.165 483.877 0.000298074
344.166 484.023 0.000298965
344.167 484.169 0.000299859
344.168 484.314 0.000300735
344.169 484.459 0.000301616
344.16 483.138 0.000293585
344.171 484.748 0.000303371
344.172 484.891 0.000304245
344.173 485.034 0.000305125
344.174 485.177 0.000305984
344.175 485.32 0.00030685
344.176 485.462 0.000307713
344.177 485.603 0.000308576
344.178 485.744 0.000309433
344.179 485.885 0.000310293
344.17 484.604 0.000302512
344.181 486.165 0.000311994
344.182 486.305 0.000312843
344.183 486.444 0.000313696
344.184 486.583 0.000314558
344.185 486.721 0.000315389
344.186 486.859 0.000316212
344.187 486.997 0.000317071
344.188 487.134 0.000317883
344.189 487.271 0.000318718
344.18 486.025 0.000311143
344.191 487.544 0.000320374
344.192 487.679 0.000321213
344.193 487.815 0.000322024
344.194 487.95 0.000322846
344.195 488.085 0.000323663
344.196 488.219 0.00032448
344.197 488.353 0.000325306
344.198 488.487 0.000326108
344.199 488.62 0.000326919
344.19 487.408 0.000319546
344.1 473.15 0.000232788
344.201 488.886 0.000328534
344.202 489.018 0.000329343
344.203 489.15 0.000330141
344.204 489.282 0.000330946
344.205 489.413 0.00033174
344.206 489.544 0.000332536
344.207 489.675 0.000333331
344.208 489.805 0.000334132
344.209 489.935 0.000334914
344.211 490.194 0.00033649
344.212 490.323 0.000337274
344.213 490.452 0.000338075
344.214 490.58 0.000338839
344.215 490.709 0.000339617
344.216 490.836 0.000340394
344.217 490.964 0.000341172
344.218 491.091 0.000341955
344.219 491.218 0.000342715
344.21 490.065 0.000335702
344.221 491.471 0.000344254
344.222 491.597 0.00034502
344.223 491.723 0.000345804
344.224 491.849 0.000346565
344.225 491.974 0.000347309
344.226 492.099 0.000348071
344.227 492.223 0.00034883
344.228 492.348 0.000349593
344.229 492.472 0.000350339
344.22 491.345 0.000343485
344.231 492.719 0.000351844
344.232 492.842 0.000352599
344.233 492.965 0.000353338
344.234 493.088 0.000354085
344.235 493.211 0.000354828
344.236 493.333 0.000355571
344.237 493.455 0.000356314
344.238 493.576 0.000357053
344.239 493.698 0.00035779
344.23 492.596 0.0003511
344.241 493.94 0.000359261
344.242 494.06 0.000359995
344.243 494.181 0.000360733
344.244 494.301 0.000361457
344.245 494.421 0.000362185
344.246 494.54 0.000362914
344.247 494.66 0.000363638
344.248 494.779 0.000364363
344.249 494.898 0.000365085
344.24 493.819 0.000358528
344.250000 495.016204 0.000366
344.2 488.753 0.000327733
344.500000 519.420787 0.000514
344.750000 537.929794 0.000628
345.000000 553.360011 0.000724
345.250000 566.806600 0.000808
345.500000 578.833228 0.000885
345.750000 589.775895 0.000956
346.000000 599.854280 0.001022
346.250000 609.221489 0.001085
346.500000 617.989372 0.001144
346.750000 626.242654 0.001201
347.000000 634.047378 0.001256
347.250000 641.456240 0.001309
347.500000 648.512108 0.001361
347.750000 655.250432 0.001410
348.000000 661.700936 0.001459
348.250000 667.888845 0.001506
348.500000 673.835796 0.001553
348.750000 679.560520 0.001598
349.000000 685.079366 0.001642
349.250000 690.406709 0.001686
349.500000 695.555274 0.001729
349.750000 700.536390 0.001771
350.000000 705.360205 0.001813
350.25 710.036 0.00185392
350.5 714.572 0.00189437
350.75 718.975 0.00193429
351.000000 723.252506 0.001974
351.25 727.411 0.00201268
351.5 731.455 0.0020512
351.75 735.392 0.0020893
352.000000 739.224463 0.002127
352.25 742.958 0.00216431
352.5 746.597 0.00220126
352.75 750.145 0.00223787
353.000000 753.605594 0.002274
353.25 756.982 0.00231007
353.5 760.278 0.0023457
353.75 763.496 0.00238103
354.000000 766.638944 0.002416
354.25 769.709 0.00245084
354.5 772.71 0.00248533
354.75 775.643 0.00251955
355.000000 778.510348 0.002554
355.25 781.314 0.00258725
355.5 784.057 0.00262073
355.75 786.74 0.00265398
356.000000 789.366002 0.002687
356.25 791.936 0.00271979
356.5 794.451 0.00275236
356.75 796.913 0.00278472
357.000000 799.323601 0.002817
357.25 801.684 0.0028488
357.5 803.996 0.00288054
357.75 806.261 0.00291208
358.000000 808.479729 0.002943
358.25 810.653 0.00297457
358.5 812.783 0.00300553
358.75 814.87 0.0030363
359.000000 816.914924 0.003067
359.25 818.919 0.0030973
359.5 820.884 0.00312753
359.75 822.81 0.00315759
360.000000 824.697268 0.003187
360 824.697 0.00318748
361.000000 831.885001 0.003305
361 831.885 0.00330533
362.000000 838.528449 0.003421
362 838.528 0.00342058
363.000000 844.671497 0.003533
363 844.671 0.00353333
364.000000 850.352712 0.003644
364 850.353 0.00364369
365.000000 855.606235 0.003752
365 855.606 0.00375173
366.000000 860.462473 0.003858
366 860.462 0.00385754
367.000000 864.948665 0.003961
367 864.949 0.00396116
368.000000 869.089334 0.004063
368 869.089 0.00406267
369.000000 872.906666 0.004162
369 872.907 0.0041621
370.000000 876.420811 0.004260
370 876.421 0.00425951
371.000000 879.650145 0.004355
371 879.65 0.00435494
372.000000 882.611483 0.004448
372 882.611 0.00444845
373.000000 885.320264 0.004540
373 885.32 0.00454006
374.000000 887.790702 0.004630
374 887.791 0.00462982
375.000000 890.035925 0.004718
375 890.036 0.00471776
376.000000 892.068084 0.004804
376 892.068 0.00480393
377.000000 893.898454 0.004888
377 893.898 0.00488833
378.000000 895.537521 0.004971
378 895.538 0.00497101
379.000000 896.995063 0.005052
379 896.995 0.00505202
380.000000 898.280201 0.005131
380 898.28 0.00513135
381.000000 899.401472 0.005209
381 899.401 0.00520907
382.000000 900.366870 0.005285
382 900.367 0.00528518
383.000000 901.183903 0.005360
383 901.184 0.00535973
384.000000 901.859626 0.005433
384 901.86 0.00543274
385.000000 902.400675 0.005504
385 902.401 0.00550425
386.000000 902.813310 0.005574
386 902.813 0.00557427
387.000000 903.103432 0.005643
387 903.103 0.00564284
388.000000 903.276618 0.005710
388 903.277 0.00570996
389.000000 903.338145 0.005776
389 903.338 0.00577568
390.000000 903.293002 0.005840
390 903.293 0.00584
391.000000 903.145922 0.005903
391 903.146 0.00590296
392.000000 902.901397 0.005965
392 902.901 0.00596458
393.000000 902.563685 0.006025
393 902.564 0.00602488
394.000000 902.136839 0.006084
394 902.137 0.00608389
395.000000 901.624708 0.006142
395 901.625 0.00614163
396.000000 901.030958 0.006198
396 901.031 0.00619811
397.000000 900.359077 0.006253
397 900.359 0.00625338
398.000000 899.612396 0.006307
398 899.612 0.00630743
399.000000 898.794089 0.006360
399 898.794 0.00636028
400.000000 897.907182 0.006412
401.000000 896.954569 0.006463
402.000000 895.939012 0.006512
403.000000 894.863154 0.006560
404.000000 893.729523 0.006608
405.000000 892.540536 0.006654
406.000000 891.298506 0.006699
407.000000 890.005657 0.006743
408.000000 888.664110 0.006786
409.000000 887.275908 0.006828
410.000000 885.843002 0.006869
411.000000 884.367269 0.006909
412.000000 882.850511 0.006949
413.000000 881.294455 0.006987
414.000000 879.700765 0.007024
415.000000 878.071035 0.007061
416.000000 876.406802 0.007097
417.000000 874.709538 0.007131
418.000000 872.980665 0.007165
419.000000 871.221545 0.007199
420.000000 869.433495 0.007231
421.000000 867.617777 0.007263
422.000000 865.775609 0.007293
423.000000 863.908166 0.007323
424.000000 862.016574 0.007353
425.000000 860.101925 0.007381
426.000000 858.165267 0.007409
427.000000 856.207610 0.007436
428.000000 854.229932 0.007463
429.000000 852.233169 0.007488
430.000000 850.218230 0.007514
431.000000 848.185990 0.007538
432.000000 846.137293 0.007562
433.000000 844.072951 0.007585
434.000000 841.993753 0.007608
435.000000 839.900456 0.007630
436.000000 837.793792 0.007651
437.000000 835.674469 0.007672
438.000000 833.543170 0.007692
439.000000 831.400554 0.007712
440.000000 829.247258 0.007731
441.000000 827.083895 0.007750
442.000000 824.911064 0.007768
443.000000 822.729336 0.007785
444.000000 820.539268 0.007802
445.000000 818.341393 0.007819
446.000000 816.136233 0.007835
447.000000 813.924285 0.007851
448.000000 811.706036 0.007866
449.000000 809.481952 0.007880
450.000000 807.252487 0.007895
451.000000 805.018077 0.007908
452.000000 802.779144 0.007922
453.000000 800.536097 0.007934
454.000000 798.289333 0.007947
455.000000 796.039232 0.007959
456.000000 793.786162 0.007970
457.000000 791.530482 0.007982
458.000000 789.272538 0.007992
459.000000 787.012661 0.008003
460.000000 784.751176 0.008013
461.000000 782.488395 0.008022
462.000000 780.224618 0.008031
463.000000 777.960137 0.008040
464.000000 775.695235 0.008049
465.000000 773.430185 0.008057
466.000000 771.165249 0.008065
467.000000 768.900682 0.008072
468.000000 766.636732 0.008079
469.000000 764.373634 0.008086
470.000000 762.111621 0.008092
471.000000 759.850914 0.008098
472.000000 757.591730 0.008104
473.000000 755.334275 0.008110
474.000000 753.078751 0.008115
475.000000 750.825351 0.008119
476.000000 748.574263 0.008124
477.000000 746.325665 0.008128
478.000000 744.079736 0.008131
479.000000 741.836645 0.008134
480.000000 739.596555 0.008137
481.000000 737.359621 0.008139
482.000000 735.125997 0.008141
483.000000 732.895829 0.008143
484.000000 730.669258 0.008145
485.000000 728.446421 0.008146
486.000000 726.227452 0.008147
487.000000 724.012475 0.008148
488.000000 721.801616 0.008148
489.000000 719.594991 0.008148
490.000000 717.392716 0.008148
491.000000 715.194901 0.008148
492.000000 713.001649 0.008148
493.000000 710.813064 0.008147
494.000000 708.629244 0.008146
495.000000 706.450285 0.008145
496.000000 704.276276 0.008144
497.000000 702.107306 0.008143
498.000000 699.943458 0.008141
499.000000 697.784816 0.008139
500.000000 695.631454 0.008137
501.000000 693.483450 0.008135
502.000000 691.340875 0.008132
503.000000 689.203796 0.008130
504.000000 687.072282 0.008127
505.000000 684.946395 0.008124
506.000000 682.826197 0.008121
507.000000 680.711745 0.008118
508.000000 678.603095 0.008114
509.000000 676.500300 0.008111
510.000000 674.403414 0.008107
511.000000 672.312482 0.008103
512.000000 670.227552 0.008099
513.000000 668.148669 0.008095
514.000000 666.075874 0.008091
515.000000 664.009209 0.008086
516.000000 661.948710 0.008082
517.000000 659.894415 0.008077
518.000000 657.846361 0.008072
519.000000 655.804574 0.008067
520.000000 653.769093 0.008062
521.000000 651.739941 0.008057
522.000000 649.717152 0.008051
523.000000 647.700744 0.008046
524.000000 645.690752 0.008040
525.000000 643.687190 0.008034
526.000000 641.690082 0.008028
527.000000 639.699450 0.008022
528.000000 637.715311 0.008016
529.000000 635.737684 0.008010
530.000000 633.766586 0.008004
531.000000 631.802031 0.007997
532.000000 629.844030 0.007991
533.000000 627.892598 0.007984
534.000000 625.947746 0.007977
535.000000 624.009485 0.007971
536.000000 622.077821 0.007964
537.000000 620.152768 0.007957
538.000000 618.234326 0.007949
539.000000 616.322507 0.007942
540.000000 614.417315 0.007935
541.000000 612.518751 0.007928
542.000000 610.626821 0.007920
543.000000 608.741526 0.007912
544.000000 606.862868 0.007905
545.000000 604.990848 0.007897
546.000000 603.125466 0.007889
547.000000 601.266720 0.007881
548.000000 599.414610 0.007873
549.000000 597.569133 0.007865
550.000000 595.730280 0.007857
551.000000 593.898054 0.007849
552.000000 592.072451 0.007841
553.000000 590.253464 0.007833
554.000000 588.441087 0.007824
555.000000 586.635313 0.007816
556.000000 584.836137 0.007807
557.000000 583.043550 0.007799
558.000000 581.257543 0.007790
559.000000 579.478111 0.007782
560.000000 577.705242 0.007773
561.000000 575.938927 0.007764
562.000000 574.179158 0.007755
563.000000 572.425923 0.007746
564.000000 570.679209 0.007737
565.000000 568.939007 0.007728
566.000000 567.205307 0.007719
567.000000 565.478091 0.007710
568.000000 563.757352 0.007701
569.000000 562.043074 0.007692
570.000000 560.335244 0.007682
571.000000 558.633849 0.007673
572.000000 556.938875 0.007664
573.000000 555.250306 0.007654
574.000000 553.568128 0.007645
575.000000 551.892327 0.007635
576.000000 550.222887 0.007625
577.000000 548.559791 0.007616
578.000000 546.903023 0.007606
579.000000 545.252572 0.007596
580.000000 543.608413 0.007587
581.000000 541.970536 0.007577
582.000000 540.338920 0.007567
583.000000 538.713553 0.007557
584.000000 537.094410 0.007547
585.000000 535.481480 0.007537
586.000000 533.874742 0.007527
587.000000 532.274179 0.007517
588.000000 530.679771 0.007507
589.000000 529.091502 0.007497
590.000000 527.509350 0.007487
591.000000 525.933299 0.007477
592.000000 524.363329 0.007467
593.000000 522.799421 0.007457
594.000000 521.241555 0.007447
595.000000 519.689712 0.007437
596.000000 518.143874 0.007427
597.000000 516.604020 0.007416
598.000000 515.070131 0.007406
599.000000 513.542185 0.007396
600.000000 512.020165 0.007386
601.000000 510.504051 0.007376
602.000000 508.993819 0.007365
603.000000 507.489454 0.007355
604.000000 505.990931 0.007345
605.000000 504.498232 0.007334
606.000000 503.011336 0.007324
607.000000 501.530222 0.007314
608.000000 500.054871 0.007303
609.000000 498.585260 0.007293
610.000000 497.121369 0.007282
611.000000 495.663177 0.007272
612.000000 494.210665 0.007262
613.000000 492.763809 0.007251
614.000000 491.322590 0.007241
615.000000 489.886987 0.007230
616.000000 488.456978 0.007219
617.000000 487.032545 0.007209
618.000000 485.613660 0.007198
619.000000 484.200310 0.007188
620.000000 482.792468 0.007177
621.000000 481.390116 0.007167
622.000000 479.993230 0.007156
623.000000 478.601789 0.007145
624.000000 477.215778 0.007135
625.000000 475.835168 0.007124
626.000000 474.459940 0.007113
627.000000 473.090074 0.007103
628.000000 471.725546 0.007092
629.000000 470.366340 0.007081
630.000000 469.012429 0.007071
631.000000 467.663797 0.007060
632.000000 466.320419 0.007049
633.000000 464.982275 0.007038
634.000000 463.649344 0.007028
635.000000 462.321607 0.007017
636.000000 460.999041 0.007006
637.000000 459.681623 0.006995
638.000000 458.369335 0.006985
639.000000 457.062155 0.006974
640.000000 455.760061 0.006963
641.000000 454.463034 0.006952
642.000000 453.171050 0.006941
643.000000 451.884090 0.006931
644.000000 450.602136 0.006920
645.000000 449.325164 0.006909
646.000000 448.053153 0.006898
647.000000 446.786079 0.006888
648.000000 445.523923 0.006877
649.000000 444.266663 0.006866
650.000000 443.014282 0.006855
651.000000 441.766756 0.006844
652.000000 440.524066 0.006834
653.000000 439.286189 0.006823
654.000000 438.053108 0.006812
655.000000 436.824801 0.006801
656.000000 435.601250 0.006790
657.000000 434.382434 0.006779
658.000000 433.168331 0.006769
659.000000 431.958921 0.006758
660.000000 430.754185 0.006747
661.000000 429.554103 0.006736
662.000000 428.358652 0.006725
663.000000 427.167814 0.006715
664.000000 425.981569 0.006704
665.000000 424.799898 0.006693
666.000000 423.622778 0.006682
667.000000 422.450193 0.006671
668.000000 421.282122 0.006661
669.000000 420.118543 0.006650
670.000000 418.959438 0.006639
671.000000 417.804789 0.006628
672.000000 416.654574 0.006618
673.000000 415.508777 0.006607
674.000000 414.367373 0.006596
675.000000 413.230348 0.006585
676.000000 412.097680 0.006575
677.000000 410.969350 0.006564
678.000000 409.845338 0.006553
679.000000 408.725627 0.006542
680.000000 407.610198 0.006532
681.000000 406.499029 0.006521
682.000000 405.392106 0.006510
683.000000 404.289407 0.006499
684.000000 403.190915 0.006489
685.000000 402.096609 0.006478
686.000000 401.006473 0.006467
687.000000 399.920485 0.006456
688.000000 398.838631 0.006446
689.000000 397.760890 0.006435
690.000000 396.687244 0.006424
691.000000 395.617675 0.006414
692.000000 394.552163 0.006403
693.000000 393.490695 0.006392
694.000000 392.433249 0.006381
695.000000 391.379807 0.006371
696.000000 390.330351 0.006360
697.000000 389.284865 0.006350
698.000000 388.243330 0.006339
699.000000 387.205729 0.006328
700.000000 386.172044 0.006318
701.000000 385.142259 0.006307
702.000000 384.116354 0.006296
703.000000 383.094313 0.006286
704.000000 382.076118 0.006275
705.000000 381.061755 0.006265
706.000000 380.051202 0.006254
707.000000 379.044445 0.006244
708.000000 378.041468 0.006233
709.000000 377.042250 0.006223
710.000000 376.046776 0.006212
711.000000 375.055031 0.006202
712.000000 374.066995 0.006191
713.000000 373.082653 0.006181
714.000000 372.101993 0.006170
715.000000 371.124989 0.006160
716.000000 370.151632 0.006149
717.000000 369.181904 0.006139
718.000000 368.215785 0.006129
719.000000 367.253264 0.006118
720.000000 366.294321 0.006108
721.000000 365.338941 0.006097
722.000000 364.387111 0.006087
723.000000 363.438811 0.006077
724.000000 362.494025 0.006066
725.000000 361.552741 0.006056
726.000000 360.614940 0.006046
727.000000 359.680607 0.006035
728.000000 358.749727 0.006025
729.000000 357.822285 0.006015
730.000000 356.898265 0.006005
731.000000 355.977651 0.005994
732.000000 355.060427 0.005984
733.000000 354.146581 0.005974
734.000000 353.236096 0.005964
735.000000 352.328954 0.005953
736.000000 351.425143 0.005943
737.000000 350.524648 0.005933
738.000000 349.627455 0.005923
739.000000 348.733548 0.005913
740.000000 347.842912 0.005903
741.000000 346.955531 0.005893
742.000000 346.071395 0.005883
743.000000 345.190486 0.005872
744.000000 344.312789 0.005862
745.000000 343.438292 0.005852
746.000000 342.566978 0.005842
747.000000 341.698836 0.005832
748.000000 340.833847 0.005822
749.000000 339.972003 0.005812
750.000000 339.113285 0.005802
751.000000 338.257681 0.005792
752.000000 337.405176 0.005782
753.000000 336.555759 0.005772
754.000000 335.709413 0.005763
755.000000 334.866126 0.005753
756.000000 334.025884 0.005743
757.000000 333.188672 0.005733
758.000000 332.354477 0.005723
759.000000 331.523287 0.005713
760.000000 330.695089 0.005703
761.000000 329.869867 0.005694
762.000000 329.047608 0.005684
763.000000 328.228301 0.005674
764.000000 327.411930 0.005664
765.000000 326.598485 0.005654
766.000000 325.787952 0.005645
767.000000 324.980316 0.005635
768.000000 324.175566 0.005625
769.000000 323.373686 0.005616
770.000000 322.574671 0.005606
771.000000 321.778500 0.005596
772.000000 320.985165 0.005587
773.000000 320.194652 0.005577
774.000000 319.406949 0.005567
775.000000 318.622041 0.005558
776.000000 317.839918 0.005548
777.000000 317.060567 0.005539
778.000000 316.283977 0.005529
779.000000 315.510133 0.005520
780.000000 314.739024 0.005510
781.000000 313.970639 0.005501
782.000000 313.204966 0.005491
783.000000 312.441991 0.005482
784.000000 311.681705 0.005472
785.000000 310.924094 0.005463
786.000000 310.169147 0.005453
787.000000 309.416852 0.005444
788.000000 308.667195 0.005435
789.000000 307.920169 0.005425
790.000000 307.175760 0.005416
791.000000 306.433956 0.005407
792.000000 305.694747 0.005397
793.000000 304.958123 0.005388
794.000000 304.224065 0.005379
795.000000 303.492571 0.005369
796.000000 302.763624 0.005360
797.000000 302.037216 0.005351
798.000000 301.313335 0.005342
799.000000 300.591966 0.005333
800.000000 299.873106 0.005323
801.000000 299.156736 0.005314
802.000000 298.442849 0.005305
803.000000 297.731437 0.005296
804.000000 297.022484 0.005287
805.000000 296.315978 0.005278
806.000000 295.611914 0.005269
807.000000 294.910280 0.005260
808.000000 294.211063 0.005251
809.000000 293.514253 0.005242
810.000000 292.819839 0.005233
811.000000 292.127814 0.005224
812.000000 291.438164 0.005215
813.000000 290.750879 0.005206
814.000000 290.065951 0.005197
815.000000 289.383367 0.005188
816.000000 288.703119 0.005179
817.000000 288.025197 0.005170
818.000000 287.349586 0.005161
819.000000 286.676284 0.005152
820.000000 286.005278 0.005143
821.000000 285.336555 0.005135
822.000000 284.670108 0.005126
823.000000 284.005924 0.005117
824.000000 283.344001 0.005108
825.000000 282.684320 0.005099
826.000000 282.026876 0.005091
827.000000 281.371659 0.005082
828.000000 280.718658 0.005073
829.000000 280.067867 0.005065
830.000000 279.419271 0.005056
831.000000 278.772865 0.005047
832.000000 278.128638 0.005039
833.000000 277.486582 0.005030
834.000000 276.846683 0.005022
835.000000 276.208938 0.005013
836.000000 275.573337 0.005004
837.000000 274.939864 0.004996
838.000000 274.308518 0.004987
839.000000 273.679285 0.004979
840.000000 273.052158 0.004970
841.000000 272.427127 0.004962
842.000000 271.804185 0.004954
843.000000 271.183319 0.004945
844.000000 270.564525 0.004937
845.000000 269.947789 0.004928
846.000000 269.333105 0.004920
847.000000 268.720465 0.004912
848.000000 268.109861 0.004903
849.000000 267.501283 0.004895
850.000000 266.894722 0.004887
851.000000 266.290168 0.004878
852.000000 265.687616 0.004870
853.000000 265.087053 0.004862
854.000000 264.488478 0.004854
855.000000 263.891875 0.004845
856.000000 263.297242 0.004837
857.000000 262.704565 0.004829
858.000000 262.113838 0.004821
859.000000 261.525054 0.004813
860.000000 260.938204 0.004805
861.000000 260.353278 0.004797
862.000000 259.770272 0.004789
863.000000 259.189175 0.004780
864.000000 258.609981 0.004772
865.000000 258.032681 0.004764
866.000000 257.457265 0.004756
867.000000 256.883727 0.004748
868.000000 256.312059 0.004740
869.000000 255.742253 0.004732
870.000000 255.174299 0.004724
871.000000 254.608190 0.004717
872.000000 254.043920 0.004709
873.000000 253.481485 0.004701
874.000000 252.920872 0.004693
875.000000 252.362073 0.004685
876.000000 251.805082 0.004677
877.000000 251.249893 0.004669
878.000000 250.696497 0.004662
879.000000 250.144888 0.004654
880.000000 249.595053 0.004646
881.000000 249.046994 0.004638
882.000000 248.500698 0.004631
883.000000 247.956157 0.004623
884.000000 247.413364 0.004615
885.000000 246.872316 0.004608
886.000000 246.332997 0.004600
887.000000 245.795409 0.004592
888.000000 245.259542 0.004585
889.000000 244.725388 0.004577
890.000000 244.192939 0.004569
891.000000 243.662188 0.004562
892.000000 243.133131 0.004554
893.000000 242.605755 0.004547
894.000000 242.080064 0.004539
895.000000 241.556040 0.004532
896.000000 241.033682 0.004524
897.000000 240.512980 0.004517
898.000000 239.993930 0.004509
899.000000 239.476522 0.004502
900.000000 238.960754 0.004495
901.000000 238.446616 0.004487
902.000000 237.934101 0.004480
903.000000 237.423206 0.004472
904.000000 236.913920 0.004465
905.000000 236.406239 0.004458
906.000000 235.900155 0.004451
907.000000 235.395660 0.004443
908.000000 234.892754 0.004436
909.000000 234.391424 0.004429
910.000000 233.891668 0.004421
911.000000 233.393475 0.004414
912.000000 232.896844 0.004407
913.000000 232.401765 0.004400
914.000000 231.908231 0.004393
915.000000 231.416238 0.004386
916.000000 230.925779 0.004378
917.000000 230.436846 0.004371
918.000000 229.949439 0.004364
919.000000 229.463543 0.004357
920.000000 228.979162 0.004350
921.000000 228.496281 0.004343
922.000000 228.014896 0.004336
923.000000 227.535002 0.004329
924.000000 227.056592 0.004322
925.000000 226.579666 0.004315
926.000000 226.104213 0.004308
927.000000 225.630227 0.004301
928.000000 225.157703 0.004294
929.000000 224.686636 0.004287
930.000000 224.217017 0.004280
931.000000 223.748845 0.004273
932.000000 223.282110 0.004266
933.000000 222.816810 0.004260
934.000000 222.352931 0.004253
935.000000 221.890477 0.004246
936.000000 221.429442 0.004239
937.000000 220.969814 0.004232
938.000000 220.511592 0.004226
939.000000 220.054767 0.004219
940.000000 219.599336 0.004212
941.000000 219.145294 0.004205
942.000000 218.692634 0.004199
943.000000 218.241351 0.004192
944.000000 217.791440 0.004185
945.000000 217.342895 0.004179
946.000000 216.895708 0.004172
947.000000 216.449880 0.004165
948.000000 216.005402 0.004159
949.000000 215.562268 0.004152
950.000000 215.120472 0.004146
951.000000 214.680012 0.004139
952.000000 214.240880 0.004132
953.000000 213.803071 0.004126
954.000000 213.366581 0.004119
955.000000 212.931406 0.004113
956.000000 212.497537 0.004106
957.000000 212.064973 0.004100
958.000000 211.633706 0.004093
959.000000 211.203732 0.004087
960.000000 210.775045 0.004081
961.000000 210.347643 0.004074
962.000000 209.921517 0.004068
963.000000 209.496668 0.004061
964.000000 209.073082 0.004055
965.000000 208.650760 0.004049
966.000000 208.229697 0.004042
967.000000 207.809887 0.004036
968.000000 207.391327 0.004030
969.000000 206.974009 0.004023
970.000000 206.557930 0.004017
971.000000 206.143084 0.004011
972.000000 205.729471 0.004005
973.000000 205.317077 0.003998
974.000000 204.905906 0.003992
975.000000 204.495949 0.003986
976.000000 204.087202 0.003980
977.000000 203.679662 0.003974
978.000000 203.273324 0.003967
979.000000 202.868179 0.003961
980.000000 202.464227 0.003955
981.000000 202.061463 0.003949
982.000000 201.659884 0.003943
983.000000 201.259480 0.003937
984.000000 200.860252 0.003931
985.000000 200.462190 0.003925
986.000000 200.065294 0.003919
987.000000 199.669559 0.003913
988.000000 199.274978 0.003906
989.000000 198.881553 0.003900
990.000000 198.489271 0.003894
991.000000 198.098134 0.003889
992.000000 197.708133 0.003883
993.000000 197.319268 0.003877
994.000000 196.931532 0.003871
995.000000 196.544921 0.003865
996.000000 196.159432 0.003859
997.000000 195.775060 0.003853
998.000000 195.391800 0.003847
999.000000 195.009649 0.003841
