300 3.04737 0.00498857
300 3.04761 0.00494752
300 3.04012 0.0050096
300 3.05118 0.00491403
300 3.04868 0.00513116
305 4.09241 0.00664639
305 4.09921 0.00658669
305 4.10079 0.00663104
305 4.09274 0.0066119
305 4.08807 0.006641
310 5.38345 0.00877956
310 5.38553 0.00871144
310 5.39092 0.00882232
310 5.37972 0.008647
310 5.40823 0.00873152
315 7.00604 0.011639
315 7.02161 0.0114965
315 7.00762 0.0113713
315 6.98983 0.0114886
315 6.99673 0.0116164
320 9.10005 0.0153245
320 9.08559 0.0154481
320 9.12284 0.0149466
320 9.08005 0.015104
320 9.11485 0.0152927
325 12.0181 0.0206717
325 11.9966 0.0206201
325 11.9866 0.0203444
325 12.0256 0.0209269
325 12.005 0.0202337
330 16.4298 0.0288652
330 16.3399 0.0286056
330 16.4026 0.0286258
330 16.4034 0.0292848
330 16.3637 0.0285515
331 17.5643 0.0316877
331 17.56 0.0313673
331 17.5385 0.03343
331 17.5591 0.031732
331 17.523 0.0321559
332 18.8254 0.0337654
332 18.8157 0.0341371
332 18.784 0.0341519
332 18.8608 0.0341732
332 18.8388 0.0342181
333 20.3418 0.0369216
333 20.3351 0.0378939
333 20.368 0.0371692
333 20.3641 0.0373979
333 20.3763 0.0380482
334 21.971 0.0419408
334 22.0104 0.040453
334 22.0296 0.0408099
334 21.9991 0.0410219
334 22.0644 0.0416146
335 23.9558 0.0453646
335 24.0085 0.0456336
335 24.0596 0.0437663
335 23.9843 0.0442421
335 23.9448 0.0440757
336 26.353 0.050145
336 26.2472 0.0497444
336 26.3407 0.0487096
336 26.2433 0.0501437
336 26.3216 0.0509223
337 29.1088 0.054921
337 29.0579 0.0548829
337 29.0462 0.0554538
337 28.953 0.0554605
337 29.1079 0.0558866
338 32.4316 0.0631224
338 32.2814 0.0624579
338 32.3543 0.0633354
338 32.3943 0.0638524
338 32.3247 0.0623487
339 36.3533 0.0712953
339 36.5251 0.0704197
339 36.4006 0.0710114
339 36.3981 0.0733953
339 36.4222 0.0704768
340 41.6577 0.0850517
340 41.6807 0.0829296
340 41.4601 0.0810174
340 41.5812 0.0829401
340 41.5552 0.0840647
340.2 42.7355 0.0858784
340.2 42.9061 0.0874417
340.2 42.7992 0.0827416
340.2 42.9647 0.084701
340.2 42.9148 0.086078
340.4 44.0444 0.091928
340.4 44.1192 0.0899464
340.4 44.0784 0.0868955
340.4 44.2356 0.0907986
340.4 43.9322 0.087678
340.6 45.4472 0.0897454
340.6 45.5319 0.0936688
340.6 45.3979 0.0897846
340.6 45.3551 0.0909304
340.6 45.4662 0.0917002
340.8 46.7025 0.09368
340.8 46.9647 0.0996522
340.8 46.7914 0.0963792
340.8 46.875 0.0942923
340.8 46.6412 0.0984669
341 48.3502 0.100343
341 48.4124 0.100521
341 48.2764 0.101954
341 48.3758 0.102135
341 48.449 0.0987663
341.2 50.0702 0.103323
341.2 50.0147 0.102799
341.2 50.109 0.101452
341.2 50.03 0.100845
341.2 50.01 0.101984
341.4 51.7808 0.107843
341.4 51.8132 0.106163
341.4 51.8209 0.110031
341.4 51.6637 0.104436
341.4 51.9667 0.105049
341.6 53.5193 0.110054
341.6 53.7214 0.113576
341.6 53.6722 0.108884
341.6 53.5216 0.116017
341.6 53.8497 0.11134
341.8 55.5508 0.11286
341.8 55.5587 0.113926
341.8 55.4776 0.115519
341.8 55.5767 0.116197
341.8 55.7587 0.111853
342 57.4781 0.118719
342 57.8957 0.121101
342 57.5918 0.120587
342 57.6984 0.122672
342 57.6379 0.121969
342.2 59.9572 0.128123
342.2 59.9106 0.127344
342.2 59.9036 0.126529
342.2 60.0258 0.127964
342.2 59.9629 0.129767
342.4 62.466 0.129527
342.4 62.307 0.127581
342.4 62.4379 0.129321
342.4 62.5117 0.136825
342.4 62.2436 0.127409
342.6 65.0105 0.13677
342.6 64.9847 0.134905
342.6 65.0193 0.136324
342.6 65.0914 0.136429
342.6 65.2268 0.145311
342.8 67.8455 0.145526
342.8 68.0743 0.141208
342.8 67.9358 0.14103
342.8 67.9269 0.140209
342.8 68.0393 0.151736
343 71.5425 0.15606
343 71.1298 0.151327
343 71.0944 0.156113
343 71.2503 0.148891
343 71.3395 0.148804
343.2 74.8894 0.157752
343.2 74.6905 0.153799
343.2 74.7444 0.156872
343.2 74.2203 0.161231
343.2 74.9375 0.162815
343.4 78.4451 0.172027
343.4 78.5604 0.168782
343.4 78.577 0.163808
343.4 78.4197 0.170215
343.4 78.5661 0.17149
343.6 83.0907 0.181216
343.6 82.8473 0.180276
343.6 82.8633 0.180396
343.6 83.1827 0.179433
343.6 82.8922 0.180378
343.8 87.7969 0.190177
343.8 88.0464 0.198806
343.8 87.6177 0.195604
343.8 87.9136 0.189188
343.8 87.9989 0.192159
344 93.2878 0.207665
344 93.4703 0.210114
344 93.8801 0.204622
344 93.2158 0.206126
344 93.656 0.203566
344.2 100.285 0.224897
344.2 99.7652 0.222272
344.2 100.108 0.219319
344.2 100.248 0.218882
344.2 100.165 0.219293
344.4 107.668 0.232215
344.4 107.237 0.231402
344.4 107.314 0.232078
344.4 107.143 0.225559
344.4 106.796 0.223752
344.6 115.771 0.262686
344.6 115.559 0.267054
344.6 116.149 0.259298
344.6 115.738 0.257735
344.6 115.491 0.268204
344.8 125.62 0.283528
344.8 125.064 0.282026
344.8 125.433 0.277778
344.8 125.699 0.282619
344.8 125.516 0.275529
345 136.334 0.309786
345 136.826 0.323929
345 136.578 0.306381
345 136.535 0.30323
345 136.574 0.320372
345.2 149.357 0.34741
345.2 148.756 0.333972
345.2 149.259 0.345635
345.2 148.914 0.337727
345.2 148.4 0.338627
345.4 163.049 0.359967
345.4 162.613 0.375211
345.4 163.464 0.381919
345.4 162.985 0.377219
345.4 162.543 0.364679
345.6 178.56 0.403953
345.6 178.777 0.408636
345.6 178.555 0.406247
345.6 178.211 0.412024
345.6 178.354 0.391461
345.8 194.088 0.370441
345.8 194.656 0.379438
345.8 195.265 0.370455
345.8 194.893 0.367732
345.8 194.096 0.361937
346 212.106 0.398514
346 211.182 0.388135
346 211.393 0.384878
346 211.305 0.404538
346 211.38 0.397185
346.2 229.098 0.420787
346.2 228.812 0.41755
346.2 228.655 0.416796
346.2 228.819 0.425001
346.2 229.427 0.417456
346.4 246.541 0.445935
346.4 246.578 0.455835
346.4 246.233 0.452687
346.4 246.76 0.462476
346.4 246.425 0.452346
346.6 264.71 0.476037
346.6 263.368 0.486791
346.6 264.303 0.480782
346.6 264.552 0.479294
346.6 263.873 0.474981
346.8 281.231 0.496071
346.8 281.443 0.521047
346.8 282.037 0.49359
346.8 281.353 0.499561
346.8 280.397 0.49777
347 298.461 0.544185
347 296.79 0.541534
347 297.82 0.533546
347 297.208 0.544343
347 298.477 0.537772
347.2 313.953 0.571049
347.2 314.172 0.567028
347.2 314.203 0.582521
347.2 314.983 0.558306
347.2 313.669 0.5507
347.4 331.219 0.602026
347.4 330.893 0.60378
347.4 330.78 0.591604
347.4 330.59 0.604159
347.4 329.008 0.586262
347.6 345.392 0.613734
347.6 345.53 0.629216
347.6 346.419 0.611923
347.6 346.213 0.60176
347.6 344.163 0.619227
347.8 359.784 0.65434
347.8 359.572 0.651001
347.8 361.059 0.637639
347.8 361.111 0.656946
347.8 359.832 0.622054
348 375.762 0.666781
348 374.942 0.673206
348 375.712 0.667958
348 375.42 0.677084
348 375.501 0.666072
348.2 390.052 0.683842
348.2 387.375 0.707089
348.2 389.467 0.694084
348.2 389.731 0.713407
348.2 389.303 0.696618
348.4 402.809 0.740456
348.4 403.819 0.745285
348.4 404.39 0.730759
348.4 403.009 0.72038
348.4 402.936 0.709348
348.6 415.806 0.753097
348.6 417.176 0.752506
348.6 416.03 0.728173
348.6 416.025 0.736915
348.6 415.904 0.764199
348.8 428.11 0.778653
348.8 429.547 0.774006
348.8 429.504 0.771468
348.8 429.504 0.746628
348.8 430.453 0.777652
349 443.111 0.80053
349 442.772 0.810159
349 440.738 0.781346
349 441.875 0.7997
349 442.102 0.794702
349.2 454.136 0.814411
349.2 452.332 0.829322
349.2 453.284 0.815948
349.2 454.401 0.837169
349.2 453.047 0.820376
349.4 465.609 0.844747
349.4 464.962 0.843771
349.4 465.499 0.864328
349.4 466.17 0.85075
349.4 465.872 0.84005
349.6 475.213 0.862481
349.6 475.92 0.882527
349.6 475.937 0.906716
349.6 477.734 0.872389
349.6 478.221 0.859984
349.8 488.36 0.878407
349.8 487.648 0.918601
349.8 487.399 0.898775
349.8 489.417 0.899023
349.8 488.835 0.900694
350 500.016 0.919013
350 498.073 0.916084
350 500.554 0.923377
350 499.623 0.921553
350 500.068 0.926402
351 550.471 1.03186
351 549.259 1.03602
351 550.364 1.03979
351 550.558 1.04396
351 550.879 1.00941
352 595.372 1.10352
352 596.1 1.08607
352 596.834 1.13952
352 596.439 1.10585
352 594.499 1.15804
353 637.055 1.21927
353 637.219 1.22063
353 635.848 1.24221
353 637.843 1.22119
353 636.046 1.22683
354 674.212 1.30847
354 674.646 1.34113
354 675.93 1.31282
354 676.534 1.30813
354 675.597 1.29395
355 713.145 1.38444
355 709.535 1.37532
355 711.106 1.38808
355 706.904 1.41164
355 711.298 1.37532
356 743.254 1.44709
356 744.208 1.45407
356 743.004 1.46786
356 740.799 1.44877
356 744.535 1.44041
357 770.31 1.52147
357 771.543 1.52313
357 772.311 1.50884
357 772.777 1.51267
357 771.364 1.52164
358 804.116 1.61055
358 799.546 1.59351
358 802.497 1.59579
358 800.38 1.54625
358 802.123 1.58531
359 826.495 1.65967
359 823.871 1.62796
359 826.729 1.66178
359 826.084 1.59588
359 828.661 1.66276
360 851.189 1.6752
360 851.982 1.72162
360 853.859 1.73682
360 849.083 1.69482
360 851.887 1.67487
365 954.408 1.92113
365 953.315 1.93898
365 953.192 1.92587
365 952.845 1.9584
365 952.746 1.9066
370 1034.07 2.09353
370 1034.98 2.12327
370 1031.82 2.08336
370 1032.12 2.10559
370 1035.06 2.08485
375 1092.52 2.30386
375 1093 2.29501
375 1096.92 2.23866
375 1090.83 2.23473
375 1091.75 2.22791
380 1140.32 2.36238
380 1137.81 2.39174
380 1139.29 2.37378
380 1141.48 2.39404
380 1135.43 2.43542
385 1177.77 2.44667
385 1175.86 2.4829
385 1178.46 2.43011
385 1176.16 2.42293
385 1177.7 2.46451
390 1204.16 2.55427
390 1208.6 2.53759
390 1207.35 2.57055
390 1205.02 2.46439
390 1203.79 2.50488
395 1227.55 2.53865
395 1228.53 2.53453
395 1231.45 2.59696
395 1225.61 2.52457
395 1226.93 2.59059
400 1243.73 2.62652
400 1247.91 2.63795
400 1243.12 2.55002
400 1246.37 2.60189
400 1244.16 2.59286
405 1259.83 2.54025
405 1258.57 2.63771
405 1255.3 2.61733
405 1257.97 2.65423
405 1252.6 2.56642
410 1269.99 2.69366
410 1262.08 2.58407
410 1267.94 2.59119
410 1261.65 2.62303
410 1262.33 2.58562
415 1267.53 2.60574
415 1268.12 2.58788
415 1266.36 2.6319
415 1270.73 2.60259
415 1264.91 2.6139
420 1265.09 2.58495
420 1267.82 2.55514
420 1272.17 2.58968
420 1275.31 2.62697
420 1272.38 2.59306
425 1268.25 2.61374
425 1267.62 2.53919
425 1267.27 2.59227
425 1269.88 2.64881
425 1269.83 2.63446
430 1264.82 2.54336
430 1265.45 2.61505
430 1265.6 2.50305
430 1270.23 2.58489
430 1270.47 2.64238
435 1264.67 2.56497
435 1264.95 2.5754
435 1261.93 2.59592
435 1262.41 2.52732
435 1265.48 2.56581
440 1256.74 2.55431
440 1258.35 2.52833
440 1252.99 2.5846
440 1259.84 2.5671
440 1255.42 2.56898
445 1247.76 2.53386
445 1250.98 2.51916
445 1253.57 2.53773
445 1251.42 2.51115
445 1247.79 2.54811
450 1241.79 2.51636
450 1240 2.53387
450 1238.73 2.5113
450 1242.74 2.48258
450 1242.84 2.56692
455 1230 2.45583
455 1232.45 2.49573
455 1230.01 2.47364
455 1234.51 2.49295
455 1231.28 2.44687
460 1225.32 2.45528
460 1223.2 2.43306
460 1224.12 2.47989
460 1226.73 2.43404
460 1226.43 2.40061
465 1212.31 2.3959
465 1213.63 2.44
465 1213.88 2.41507
465 1213.54 2.37103
465 1211.37 2.43453
470 1204.43 2.3594
470 1198.43 2.39416
470 1203.11 2.40136
470 1203.15 2.38245
470 1197.42 2.41418
475 1192.63 2.34985
475 1194.8 2.36122
475 1191.16 2.36807
475 1190.95 2.32985
475 1191.67 2.29111
480 1180.46 2.27459
480 1177.02 2.26765
480 1177.87 2.30033
480 1178.84 2.30375
480 1180.84 2.31786
485 1165.56 2.24653
485 1168.06 2.28446
485 1166 2.29194
485 1167.17 2.22984
485 1166.58 2.30989
490 1155.26 2.26307
490 1153.55 2.24886
490 1154.01 2.24821
490 1155.71 2.29701
490 1153.32 2.18835
495 1141.42 2.21376
495 1141.07 2.1617
495 1141.23 2.21947
495 1145.43 2.2229
495 1143.26 2.26088
