300 3.34338 0.00569063
305 4.46271 0.00765274
310 5.8204 0.0098731
315 7.51252 0.0127247
320 9.73465 0.0173229
325 12.98 0.0238958
330 18.4456 0.0355084
331 20.1777 0.0397145
332 22.1278 0.0440599
333 24.4864 0.0497096
334 27.5509 0.0573009
335 31.2513 0.0668376
336 36.321 0.0813671
337 43.4638 0.0932472
338 53.6107 0.122288
339 69.6776 0.160622
340 96.9647 0.232197
340.2 104.891 0.241429
340.4 113.833 0.270462
340.6 123.372 0.293671
340.8 135.718 0.32296
341 149.605 0.35284
341.2 165.646 0.405478
341.4 184.294 0.445125
341.6 206.024 0.482448
341.8 232.922 0.591277
342 262.912 0.648013
342.2 300.949 0.755121
342.4 345.959 0.823527
342.6 397.84 0.959532
342.8 462.82 1.16656
343 534.141 1.26135
343.2 611.97 1.55545
343.4 698.902 1.74249
343.6 783.934 1.89969
343.8 860.953 2.10828
344 925.147 2.19495
344.2 978.267 2.5545
344.4 1009.24 2.55975
344.6 1028.67 2.53891
344.8 1037.85 2.57602
345 1048.16 2.52655
345.2 1050.65 2.62233
345.4 1051.12 2.59439
345.6 1063.74 2.25596
345.8 1072.16 2.27675
346 1076.21 2.28943
346.2 1085.97 2.24892
346.4 1091.78 2.24352
346.6 1103.29 2.27165
346.8 1107.41 2.28573
347 1108.33 2.30158
347.2 1109.44 2.3024
347.4 1100.23 2.36111
347.6 1092.11 2.30806
347.8 1068.72 2.3157
348 1057.65 2.21336
348.2 1034.01 2.20597
348.4 1009.45 2.21427
348.6 989.872 2.10714
348.8 959.52 2.08161
349 926.256 2.00267
349.2 896.99 1.97657
349.4 870.283 1.90883
349.6 839.764 1.84039
349.8 811.774 1.81419
350 779.317 1.71438
351 640.744 1.46002
352 524.521 1.1652
353 452.376 0.964785
354 425.345 0.898614
355 418.783 0.859793
356 422.548 0.85358
357 432.941 0.852032
358 447.866 0.905863
359 460.35 0.914926
360 473.92 0.962591
365 532.44 1.10177
370 573.304 1.21826
375 608.195 1.27563
380 635.138 1.33234
385 653.771 1.38313
390 673.919 1.4245
395 685.721 1.44028
400 694.641 1.47973
405 701.323 1.49449
410 708.25 1.48264
415 709.896 1.4933
420 712.137 1.48561
425 713.037 1.47973
430 710.784 1.50277
435 707.14 1.53944
440 707.753 1.49124
445 699.925 1.48504
450 699.163 1.43998
455 696.218 1.46117
460 690.238 1.45152
465 683.556 1.44668
470 677.409 1.41196
475 672.371 1.4001
480 667.443 1.41763
485 659.972 1.36866
490 653.947 1.35136
495 646.711 1.31437
