1e+06 0.000190345 8.7628e-08
1077.48 157.381 0.408722
10782.5 1.63668 0.00128621
107903 0.0163335 7.2479e-06
1163.46 136.905 0.356575
11643 1.40434 0.000979331
116513 0.014016 6.82349e-06
1256.3 117.305 0.320969
12572.1 1.20308 0.000829656
125811 0.0120161 5.34759e-06
1356.56 100.772 0.24691
13575.3 1.03147 0.000647784
135851 0.0103094 4.38683e-06
1464.81 87.3125 0.209332
14658.7 0.886105 0.000670524
146692 0.00883168 4.26734e-06
1581.71 74.9468 0.177431
15828.4 0.759636 0.000512117
158398 0.00758098 3.53952e-06
1707.93 64.4218 0.141934
17091.6 0.650853 0.000399255
171039 0.00650837 2.91918e-06
1844.22 55.1217 0.116538
18455.5 0.558584 0.000332216
184688 0.00557599 2.34741e-06
1991.39 47.4489 0.0977475
19928.3 0.479314 0.000266328
199426 0.00478335 2.09581e-06
2150.31 40.8011 0.0828531
21518.6 0.410853 0.000215426
215340 0.00410355 1.92291e-06
2321.91 35.0012 0.0669863
23235.8 0.352224 0.000211215
232525 0.00351812 1.53494e-06
2507.2 30.1022 0.0604545
25090 0.30199 0.000185233
251080 0.00301736 1.27155e-06
2707.27 25.7935 0.0438687
27092.2 0.259259 0.00014379
271117 0.00258622 1.14062e-06
2923.32 22.1308 0.0396876
29254.2 0.222308 0.000120445
292752 0.00221838 9.9049e-07
300 1.93285 0.0049315
305 2.59584 0.00678667
310 3.48744 0.00922855
315 4.6273 0.0120502
3156.6 19.0371 0.0315907
31588.7 0.190542 0.000103851
316114 0.00190259 8.87298e-07
320 6.21034 0.0164988
325 8.50355 0.0232638
330 12.0583 0.0337696
331 13.0363 0.0371831
332 14.1454 0.0427969
333 15.4691 0.0458229
334 16.9258 0.0496718
335 18.5322 0.05508
336 20.5861 0.063348
337 23.0286 0.0722704
338 26.11 0.0836672
339 29.919 0.102688
340 35.2927 0.113641
340.2 36.5896 0.124916
340.4 37.9612 0.123789
340.6 39.1915 0.128742
3408.5 16.3092 0.031117
340.8 40.8404 0.136988
34109.5 0.163693 7.81073e-05
341 42.8376 0.147065
341.2 44.6997 0.161354
341340 0.00163341 6.86105e-07
341.4 46.5575 0.160984
341.6 48.8814 0.178571
341.8 51.1169 0.182372
342 53.84 0.203453
342.2 56.823 0.220709
342.4 60.1807 0.227687
342.6 64.0146 0.230364
342.8 68.3376 0.258879
343 73.2731 0.285359
343.2 78.944 0.305476
343.4 84.211 0.344037
343.6 91.0395 0.385116
343.8 99.0929 0.398408
344 105.772 0.433808
344.2 114.894 0.37857
344.4 122.947 0.384953
344.6 131.961 0.404489
344.8 141.442 0.435907
345 150.796 0.454343
345.2 159.573 0.486729
345.4 168.922 0.504933
345.6 177.892 0.540743
345.8 186.22 0.56493
346 195.794 0.593119
346.2 202.808 0.609859
346.4 210.384 0.616027
346.6 217.745 0.638906
346.8 225.576 0.644171
347 233.704 0.657524
347.2 239.307 0.714221
347.4 247.13 0.717909
347.6 254.597 0.773743
347.8 261.252 0.756759
348 266.619 0.811984
348.2 271.831 0.812962
348.4 278.558 0.840305
348.6 284.059 0.846343
348.8 291.552 0.884787
349 295.936 0.889962
349.2 300.895 0.881945
349.4 306.223 0.935201
349.6 312.231 0.933732
349.8 317.362 0.962105
350 322.897 0.997678
351 346.468 1.04744
352 366.873 1.15802
353 389.569 1.23852
354 407.604 1.31241
355 420.485 1.36459
356 437.471 1.41725
357 457.7 1.46571
358 466.704 1.5441
359 482.418 1.58984
360 491.902 1.65243
365 545.383 1.9245
3680.5 13.9944 0.0208701
36831.5 0.140181 6.0224e-05
368580 0.00139979 6.51739e-07
370 583.424 2.08934
375 612.331 2.21273
380 640.975 2.28289
385 655.966 2.3633
390 669.94 2.4609
395 679.415 2.4376
3974.21 12.0092 0.0163168
39770.7 0.120247 6.08585e-05
397993 0.00120132 5.31992e-07
400 688.044 2.45432
405 688.855 2.49244
410 692.725 2.46886
415 697.759 2.47105
420 694.185 2.46505
425 694.279 2.42051
4291.36 10.3017 0.0130202
42944.4 0.103062 5.31868e-05
429753 0.00102948 4.40808e-07
430 683.418 2.4922
435 682.975 2.47888
440 679.373 2.39791
445 673.523 2.3705
450 668.59 2.39809
455 665.432 2.25684
460 657.768 2.29281
4633.81 8.84758 0.0117682
46371.4 0.0884759 4.51232e-05
464048 0.000882494 3.72548e-07
465 652.284 2.20753
470 647.289 2.1293
475 636.164 2.1322
480 630.535 2.10527
485 622.804 2.19923
490 616.547 2.00315
495 606.026 1.96015
500 602.817 1.94835
5003.59 7.59119 0.00978184
50071.9 0.0758142 3.635e-05
501079 0.000757855 3.51198e-07
539.901 540.785 1.77971
5402.89 6.52128 0.00793092
54067.7 0.0650588 3.50201e-05
541066 0.000649757 2.69336e-07
582.985 479.853 1.6075
5834.04 5.58658 0.0064454
58382.4 0.0558514 2.65677e-05
584243 0.000557173 2.56143e-07
629.508 424.607 1.34838
6299.61 4.78422 0.00507824
63041.3 0.0478206 2.39704e-05
630867 0.000478215 2.1312e-07
679.743 370.586 1.12737
6802.32 4.10821 0.00431317
68072.1 0.0410603 2.02422e-05
681210 0.000410179 1.64429e-07
733.988 325.365 0.985289
7345.15 3.52449 0.00348196
73504.3 0.0352196 1.60492e-05
735572 0.000351825 1.43249e-07
792.561 283.326 0.846415
7931.3 3.01829 0.00242125
79370.1 0.0302154 1.35314e-05
794271 0.000301555 1.32967e-07
855.808 246.029 0.709046
8564.23 2.59453 0.00233088
85703.9 0.025885 1.26417e-05
857655 0.000258699 1.19013e-07
924.102 212.162 0.606362
9247.66 2.22438 0.00183545
92543.1 0.022189 9.74383e-06
926097 0.000221898 9.80651e-08
997.846 183.647 0.497151
9985.64 1.90689 0.00151282
99928.2 0.0190349 8.45913e-06
