1.044278e+03 2.810112e+02 7.616022e-01
1.044278e+03 2.821673e+02 7.662923e-01
1.044278e+03 2.815236e+02 7.535771e-01
1.044278e+03 2.824431e+02 7.611672e-01
1.044278e+03 2.831760e+02 7.336867e-01
1.044278e+03 2.820125e+02 7.534256e-01
1.044278e+03 2.819328e+02 7.487788e-01
1.044278e+03 2.815351e+02 7.809193e-01
1.044278e+03 2.826516e+02 7.446134e-01
1.044278e+03 2.809602e+02 7.737997e-01
1.044278e+03 2.828105e+02 7.551557e-01
1.044278e+03 2.817211e+02 7.972300e-01
1.044278e+03 2.825432e+02 7.382077e-01
1.044278e+03 2.813701e+02 7.616630e-01
1.044278e+03 2.812449e+02 7.538712e-01
1.044278e+03 2.822521e+02 7.603837e-01
1.044278e+03 2.825841e+02 7.854312e-01
1.044278e+03 2.814325e+02 7.500125e-01
1.044278e+03 2.820184e+02 7.432226e-01
1.044278e+03 2.818558e+02 7.399592e-01
1.120391e+03 2.524512e+02 7.011566e-01
1.120391e+03 2.533661e+02 7.302346e-01
1.120391e+03 2.540549e+02 6.694413e-01
1.120391e+03 2.535448e+02 6.619867e-01
1.120391e+03 2.536726e+02 6.649459e-01
1.120391e+03 2.531452e+02 6.629696e-01
1.120391e+03 2.532077e+02 6.626852e-01
1.120391e+03 2.542940e+02 6.754517e-01
1.120391e+03 2.534649e+02 6.924757e-01
1.120391e+03 2.530968e+02 6.789372e-01
1.120391e+03 2.537755e+02 6.737961e-01
1.120391e+03 2.536905e+02 6.760563e-01
1.120391e+03 2.519429e+02 6.964158e-01
1.120391e+03 2.541254e+02 6.413211e-01
1.120391e+03 2.534289e+02 6.620955e-01
1.120391e+03 2.542844e+02 6.621970e-01
1.120391e+03 2.537556e+02 6.425837e-01
1.120391e+03 2.541852e+02 7.023900e-01
1.120391e+03 2.522900e+02 6.721748e-01
1.202053e+03 2.280432e+02 5.817628e-01
1.202053e+03 2.267697e+02 6.090680e-01
1.202053e+03 2.261809e+02 6.237768e-01
1.202053e+03 2.269921e+02 6.182732e-01
1.202053e+03 2.276863e+02 5.858947e-01
1.202053e+03 2.260178e+02 6.279558e-01
1.202053e+03 2.271775e+02 5.941375e-01
1.202053e+03 2.266232e+02 6.155476e-01
1.202053e+03 2.267847e+02 5.733871e-01
1.202053e+03 2.261683e+02 6.172860e-01
1.202053e+03 2.255842e+02 6.143513e-01
1.202053e+03 2.269903e+02 5.965651e-01
1.202053e+03 2.262666e+02 6.027012e-01
1.202053e+03 2.273772e+02 5.813532e-01
1.202053e+03 2.274131e+02 5.966469e-01
1.202053e+03 2.279137e+02 5.799595e-01
1.202053e+03 2.269407e+02 6.097113e-01
1.202053e+03 2.257496e+02 6.264606e-01
1.202053e+03 2.262336e+02 5.894513e-01
1.289666e+03 2.025373e+02 5.513088e-01
1.289666e+03 2.030359e+02 5.512795e-01
1.289666e+03 2.033042e+02 5.220353e-01
1.289666e+03 2.038990e+02 5.312798e-01
1.289666e+03 2.032620e+02 5.339579e-01
1.289666e+03 2.038149e+02 5.228306e-01
1.289666e+03 2.042825e+02 5.314222e-01
1.289666e+03 2.042317e+02 5.283915e-01
1.289666e+03 2.035828e+02 5.181234e-01
1.289666e+03 2.047907e+02 5.287761e-01
1.289666e+03 2.042087e+02 5.408451e-01
1.289666e+03 2.030279e+02 5.423021e-01
1.289666e+03 2.036212e+02 5.671451e-01
1.289666e+03 2.028601e+02 5.477481e-01
1.289666e+03 2.031738e+02 5.552809e-01
1.289666e+03 2.037439e+02 5.453069e-01
1.289666e+03 2.029240e+02 5.073008e-01
1.289666e+03 2.040634e+02 5.060826e-01
1.289666e+03 2.034725e+02 5.107213e-01
1.383665e+03 1.835440e+02 4.600141e-01
1.383665e+03 1.820363e+02 4.745399e-01
1.383665e+03 1.820460e+02 4.797384e-01
1.383665e+03 1.821376e+02 4.758150e-01
1.383665e+03 1.828195e+02 4.918274e-01
1.383665e+03 1.828475e+02 4.916908e-01
1.383665e+03 1.824862e+02 4.920703e-01
1.383665e+03 1.827649e+02 4.790570e-01
1.383665e+03 1.821808e+02 4.782045e-01
1.383665e+03 1.827710e+02 4.996547e-01
1.383665e+03 1.826532e+02 4.833374e-01
1.383665e+03 1.827700e+02 4.662468e-01
1.383665e+03 1.812716e+02 5.027938e-01
1.383665e+03 1.818026e+02 4.668490e-01
1.383665e+03 1.820986e+02 4.960551e-01
1.383665e+03 1.826677e+02 4.703438e-01
1.383665e+03 1.825277e+02 4.973859e-01
1.383665e+03 1.826026e+02 4.741861e-01
1.383665e+03 1.822571e+02 4.660756e-01
1.484515e+03 1.632960e+02 4.338975e-01
1.484515e+03 1.634176e+02 4.459231e-01
1.484515e+03 1.636474e+02 4.308767e-01
1.484515e+03 1.636522e+02 4.169033e-01
1.484515e+03 1.637433e+02 4.092782e-01
1.484515e+03 1.640052e+02 4.462049e-01
1.484515e+03 1.642338e+02 4.055553e-01
1.484515e+03 1.638715e+02 4.037967e-01
1.484515e+03 1.640751e+02 4.333345e-01
1.484515e+03 1.638715e+02 4.073893e-01
1.484515e+03 1.637402e+02 3.979254e-01
1.484515e+03 1.631754e+02 4.405781e-01
1.484515e+03 1.641258e+02 4.061963e-01
1.484515e+03 1.637115e+02 4.193105e-01
1.484515e+03 1.640296e+02 4.178184e-01
1.484515e+03 1.642013e+02 4.286428e-01
1.484515e+03 1.637739e+02 4.277982e-01
1.484515e+03 1.632540e+02 4.275351e-01
1.484515e+03 1.643796e+02 4.307254e-01
1.484515e+03 1.628671e+02 4.196971e-01
1.592715e+03 1.468228e+02 3.898959e-01
1.592715e+03 1.472011e+02 3.797460e-01
1.592715e+03 1.468582e+02 3.836873e-01
1.592715e+03 1.467127e+02 3.791043e-01
1.592715e+03 1.474825e+02 3.696828e-01
1.592715e+03 1.464855e+02 3.979185e-01
1.592715e+03 1.467190e+02 3.770911e-01
1.592715e+03 1.463707e+02 3.882599e-01
1.592715e+03 1.473033e+02 3.891900e-01
1.592715e+03 1.471030e+02 3.768801e-01
1.592715e+03 1.473196e+02 4.009432e-01
1.592715e+03 1.475629e+02 3.881858e-01
1.592715e+03 1.466219e+02 3.671105e-01
1.592715e+03 1.475387e+02 3.681078e-01
1.592715e+03 1.463688e+02 3.932200e-01
1.592715e+03 1.470912e+02 3.691874e-01
1.592715e+03 1.467089e+02 4.006557e-01
1.592715e+03 1.468081e+02 3.744101e-01
1.708802e+03 1.322997e+02 3.203972e-01
1.708802e+03 1.320584e+02 3.362969e-01
1.708802e+03 1.322025e+02 3.420009e-01
1.708802e+03 1.325090e+02 3.319299e-01
1.708802e+03 1.325798e+02 3.461475e-01
1.708802e+03 1.313268e+02 3.306923e-01
1.708802e+03 1.314966e+02 3.368433e-01
1.708802e+03 1.314918e+02 3.326674e-01
1.708802e+03 1.313342e+02 3.569166e-01
1.708802e+03 1.323155e+02 3.411690e-01
1.708802e+03 1.319173e+02 3.464851e-01
1.708802e+03 1.324520e+02 3.115830e-01
1.708802e+03 1.320132e+02 3.291349e-01
1.708802e+03 1.317109e+02 3.137969e-01
1.708802e+03 1.317073e+02 3.310061e-01
1.708802e+03 1.316917e+02 3.441066e-01
1.708802e+03 1.316062e+02 3.448529e-01
1.708802e+03 1.325758e+02 3.346469e-01
1.708802e+03 1.316933e+02 3.274789e-01
1.833351e+03 1.186866e+02 3.131085e-01
1.833351e+03 1.183929e+02 3.023168e-01
1.833351e+03 1.189829e+02 3.005576e-01
1.833351e+03 1.185777e+02 2.868700e-01
1.833351e+03 1.182952e+02 2.968470e-01
1.833351e+03 1.185314e+02 3.075648e-01
1.833351e+03 1.181215e+02 2.998555e-01
1.833351e+03 1.183326e+02 3.075435e-01
1.833351e+03 1.189422e+02 2.884953e-01
1.833351e+03 1.181105e+02 2.973954e-01
1.833351e+03 1.189593e+02 3.020355e-01
1.833351e+03 1.185275e+02 3.058359e-01
1.833351e+03 1.185273e+02 3.001152e-01
1.833351e+03 1.188594e+02 2.890514e-01
1.833351e+03 1.186868e+02 2.873553e-01
1.833351e+03 1.182143e+02 3.010781e-01
1.833351e+03 1.185930e+02 2.916104e-01
1.833351e+03 1.188095e+02 2.842888e-01
1.833351e+03 1.187233e+02 3.015862e-01
1.966977e+03 1.063030e+02 2.725923e-01
1.966977e+03 1.065184e+02 2.760161e-01
1.966977e+03 1.065428e+02 2.553121e-01
1.966977e+03 1.064240e+02 2.557581e-01
1.966977e+03 1.067095e+02 2.528417e-01
1.966977e+03 1.065803e+02 2.484749e-01
1.966977e+03 1.059561e+02 2.631563e-01
1.966977e+03 1.062494e+02 2.566768e-01
1.966977e+03 1.066699e+02 2.541924e-01
1.966977e+03 1.063577e+02 2.697769e-01
1.966977e+03 1.068477e+02 2.588906e-01
1.966977e+03 1.062591e+02 2.574592e-01
1.966977e+03 1.065980e+02 2.593468e-01
1.966977e+03 1.060970e+02 2.748874e-01
1.966977e+03 1.064508e+02 2.674704e-01
1.966977e+03 1.059914e+02 2.616541e-01
1.966977e+03 1.063393e+02 2.692102e-01
1.966977e+03 1.064103e+02 2.684071e-01
1.966977e+03 1.065123e+02 2.653328e-01
2.110342e+03 9.545068e+01 2.459421e-01
2.110342e+03 9.543810e+01 2.331479e-01
2.110342e+03 9.559955e+01 2.460220e-01
2.110342e+03 9.544155e+01 2.340509e-01
2.110342e+03 9.569629e+01 2.427965e-01
2.110342e+03 9.534217e+01 2.350658e-01
2.110342e+03 9.559902e+01 2.375221e-01
2.110342e+03 9.569287e+01 2.410794e-01
2.110342e+03 9.541772e+01 2.369303e-01
2.110342e+03 9.559792e+01 2.416591e-01
2.110342e+03 9.557748e+01 2.367799e-01
2.110342e+03 9.558666e+01 2.322596e-01
2.110342e+03 9.542897e+01 2.392409e-01
2.110342e+03 9.568138e+01 2.356866e-01
2.110342e+03 9.593167e+01 2.372518e-01
2.110342e+03 9.535345e+01 2.462385e-01
2.110342e+03 9.538579e+01 2.360992e-01
2.110342e+03 9.578233e+01 2.399864e-01
2.110342e+03 9.565976e+01 2.352220e-01
2.110342e+03 9.555945e+01 2.475400e-01
2.264157e+03 8.592219e+01 2.048833e-01
2.264157e+03 8.590374e+01 2.057577e-01
2.264157e+03 8.602334e+01 2.031836e-01
2.264157e+03 8.614572e+01 2.051705e-01
2.264157e+03 8.594770e+01 2.022140e-01
2.264157e+03 8.609227e+01 2.035889e-01
2.264157e+03 8.578291e+01 2.127550e-01
2.264157e+03 8.589292e+01 2.055220e-01
2.264157e+03 8.553858e+01 2.085392e-01
2.264157e+03 8.559724e+01 2.062671e-01
2.264157e+03 8.609635e+01 2.134857e-01
2.264157e+03 8.589078e+01 2.081000e-01
2.264157e+03 8.619404e+01 2.071023e-01
2.264157e+03 8.577979e+01 2.160070e-01
2.264157e+03 8.623267e+01 2.128821e-01
2.264157e+03 8.579815e+01 2.001201e-01
2.264157e+03 8.583731e+01 2.079841e-01
2.264157e+03 8.602927e+01 2.081034e-01
2.264157e+03 8.577504e+01 2.047420e-01
2.264157e+03 8.597498e+01 2.037373e-01
2.429183e+03 7.739639e+01 1.768761e-01
2.429183e+03 7.735446e+01 1.845637e-01
2.429183e+03 7.739251e+01 1.821959e-01
2.429183e+03 7.750695e+01 1.739088e-01
2.429183e+03 7.700225e+01 1.804666e-01
2.429183e+03 7.730130e+01 1.878336e-01
2.429183e+03 7.705157e+01 1.762564e-01
2.429183e+03 7.714031e+01 1.869141e-01
2.429183e+03 7.718581e+01 1.855965e-01
2.429183e+03 7.728327e+01 1.813693e-01
2.429183e+03 7.712171e+01 1.847770e-01
2.429183e+03 7.709451e+01 1.877311e-01
2.429183e+03 7.714239e+01 1.875440e-01
2.429183e+03 7.706554e+01 1.877139e-01
2.429183e+03 7.722664e+01 1.900679e-01
2.429183e+03 7.726151e+01 1.900511e-01
2.429183e+03 7.731613e+01 1.849934e-01
2.429183e+03 7.708410e+01 1.865753e-01
2.429183e+03 7.704884e+01 1.836950e-01
2.429183e+03 7.707096e+01 1.778149e-01
2.606237e+03 6.958474e+01 1.601121e-01
2.606237e+03 6.926201e+01 1.649434e-01
2.606237e+03 6.932604e+01 1.629484e-01
2.606237e+03 6.939293e+01 1.715477e-01
2.606237e+03 6.962902e+01 1.611715e-01
2.606237e+03 6.918359e+01 1.598727e-01
2.606237e+03 6.959503e+01 1.668481e-01
2.606237e+03 6.954518e+01 1.615061e-01
2.606237e+03 6.991855e+01 1.562972e-01
2.606237e+03 6.934452e+01 1.602553e-01
2.606237e+03 6.940369e+01 1.677671e-01
2.606237e+03 6.962633e+01 1.576292e-01
2.606237e+03 6.950536e+01 1.687648e-01
2.606237e+03 6.923392e+01 1.641920e-01
2.606237e+03 6.969131e+01 1.647034e-01
2.606237e+03 6.943928e+01 1.657497e-01
2.606237e+03 6.965761e+01 1.659235e-01
2.606237e+03 6.939499e+01 1.657611e-01
2.606237e+03 6.937826e+01 1.666821e-01
2.606237e+03 6.963338e+01 1.559820e-01
2.796196e+03 6.263870e+01 1.440825e-01
2.796196e+03 6.272589e+01 1.448364e-01
2.796196e+03 6.229096e+01 1.511148e-01
2.796196e+03 6.266253e+01 1.510315e-01
2.796196e+03 6.242619e+01 1.472290e-01
2.796196e+03 6.248410e+01 1.476291e-01
2.796196e+03 6.258602e+01 1.457082e-01
2.796196e+03 6.235535e+01 1.440563e-01
2.796196e+03 6.236213e+01 1.466565e-01
2.796196e+03 6.238451e+01 1.526396e-01
2.796196e+03 6.235394e+01 1.491620e-01
2.796196e+03 6.259183e+01 1.417520e-01
2.796196e+03 6.268600e+01 1.415505e-01
2.796196e+03 6.265577e+01 1.459470e-01
2.796196e+03 6.266838e+01 1.525757e-01
2.796196e+03 6.261809e+01 1.502723e-01
2.796196e+03 6.231507e+01 1.556901e-01
2.796196e+03 6.215933e+01 1.513314e-01
2.796196e+03 6.240385e+01 1.509343e-01
3.000000e+03 5.616497e+01 1.330423e-01
3.000000e+03 5.610406e+01 1.272447e-01
3.000000e+03 5.623204e+01 1.288760e-01
3.000000e+03 5.619008e+01 1.300970e-01
3.000000e+03 5.625070e+01 1.253252e-01
3.000000e+03 5.606605e+01 1.300489e-01
3.000000e+03 5.616399e+01 1.374968e-01
3.000000e+03 5.617305e+01 1.321944e-01
3.000000e+03 5.592562e+01 1.337527e-01
3.000000e+03 5.608918e+01 1.248767e-01
3.000000e+03 5.621191e+01 1.366859e-01
3.000000e+03 5.597573e+01 1.303757e-01
3.000000e+03 5.626048e+01 1.315828e-01
3.000000e+03 5.613042e+01 1.331664e-01
3.000000e+03 5.623596e+01 1.313300e-01
3.000000e+03 5.644151e+01 1.297908e-01
3.000000e+03 5.609349e+01 1.368720e-01
3.000000e+03 5.614801e+01 1.298440e-01
3.000000e+03 5.605323e+01 1.333883e-01
3.000000e+03 5.597718e+01 1.348273e-01
3.250000e+02 1.269411e+01 2.608711e-02
3.250000e+02 1.274838e+01 2.660085e-02
3.250000e+02 1.266567e+01 2.567912e-02
3.250000e+02 1.265105e+01 2.590193e-02
3.250000e+02 1.264825e+01 2.569059e-02
3.250000e+02 1.258399e+01 2.600184e-02
3.250000e+02 1.268074e+01 2.610115e-02
3.250000e+02 1.267859e+01 2.637184e-02
3.250000e+02 1.264468e+01 2.595691e-02
3.250000e+02 1.268631e+01 2.579751e-02
3.250000e+02 1.271336e+01 2.612970e-02
3.250000e+02 1.269814e+01 2.581794e-02
3.250000e+02 1.270217e+01 2.601027e-02
3.250000e+02 1.266011e+01 2.596287e-02
3.250000e+02 1.272176e+01 2.617525e-02
3.250000e+02 1.266228e+01 2.552350e-02
3.250000e+02 1.267759e+01 2.609136e-02
3.250000e+02 1.268277e+01 2.620149e-02
3.250000e+02 1.265543e+01 2.604945e-02
3.250000e+02 1.266096e+01 2.614396e-02
3.260000e+02 1.343877e+01 2.778264e-02
3.260000e+02 1.348600e+01 2.787004e-02
3.260000e+02 1.345664e+01 2.783785e-02
3.260000e+02 1.344719e+01 2.743223e-02
3.260000e+02 1.346666e+01 2.767599e-02
3.260000e+02 1.344986e+01 2.819195e-02
3.260000e+02 1.343944e+01 2.750936e-02
3.260000e+02 1.346059e+01 2.773631e-02
3.260000e+02 1.342609e+01 2.763457e-02
3.260000e+02 1.346121e+01 2.751371e-02
3.260000e+02 1.341499e+01 2.788805e-02
3.260000e+02 1.352721e+01 2.745686e-02
3.260000e+02 1.349076e+01 2.777495e-02
3.260000e+02 1.343143e+01 2.761034e-02
3.260000e+02 1.349104e+01 2.761473e-02
3.260000e+02 1.341170e+01 2.744196e-02
3.260000e+02 1.344510e+01 2.734980e-02
3.260000e+02 1.344519e+01 2.774528e-02
3.260000e+02 1.347730e+01 2.773598e-02
3.260000e+02 1.349023e+01 2.763584e-02
3.270000e+02 1.428119e+01 2.963585e-02
3.270000e+02 1.427152e+01 2.962025e-02
3.270000e+02 1.429656e+01 2.982929e-02
3.270000e+02 1.433240e+01 2.964450e-02
3.270000e+02 1.430896e+01 2.911324e-02
3.270000e+02 1.430116e+01 2.983385e-02
3.270000e+02 1.431383e+01 2.945821e-02
3.270000e+02 1.429311e+01 2.934581e-02
3.270000e+02 1.429487e+01 2.954616e-02
3.270000e+02 1.431263e+01 2.991219e-02
3.270000e+02 1.428035e+01 2.935845e-02
3.270000e+02 1.428002e+01 2.954159e-02
3.270000e+02 1.432058e+01 2.964604e-02
3.270000e+02 1.429050e+01 2.961540e-02
3.270000e+02 1.431464e+01 3.001704e-02
3.270000e+02 1.433636e+01 2.940096e-02
3.270000e+02 1.432515e+01 2.950665e-02
3.270000e+02 1.429398e+01 2.962045e-02
3.270000e+02 1.429478e+01 2.957156e-02
3.270000e+02 1.430872e+01 2.982623e-02
3.280000e+02 1.524506e+01 3.164444e-02
3.280000e+02 1.528301e+01 3.173952e-02
3.280000e+02 1.521747e+01 3.167067e-02
3.280000e+02 1.519213e+01 3.135173e-02
3.280000e+02 1.521335e+01 3.161620e-02
3.280000e+02 1.522828e+01 3.169136e-02
3.280000e+02 1.524420e+01 3.161516e-02
3.280000e+02 1.522521e+01 3.124286e-02
3.280000e+02 1.519536e+01 3.147243e-02
3.280000e+02 1.527194e+01 3.173434e-02
3.280000e+02 1.525485e+01 3.157590e-02
3.280000e+02 1.524928e+01 3.180443e-02
3.280000e+02 1.526043e+01 3.136196e-02
3.280000e+02 1.522339e+01 3.150977e-02
3.280000e+02 1.523079e+01 3.163984e-02
3.280000e+02 1.525749e+01 3.206834e-02
3.280000e+02 1.522376e+01 3.160210e-02
3.280000e+02 1.523558e+01 3.146230e-02
3.280000e+02 1.521455e+01 3.150666e-02
3.280000e+02 1.529800e+01 3.163456e-02
3.290000e+02 1.624197e+01 3.388016e-02
3.290000e+02 1.625909e+01 3.449619e-02
3.290000e+02 1.623600e+01 3.449240e-02
3.290000e+02 1.628867e+01 3.401173e-02
3.290000e+02 1.632085e+01 3.382204e-02
3.290000e+02 1.622592e+01 3.391558e-02
3.290000e+02 1.625006e+01 3.424066e-02
3.290000e+02 1.626925e+01 3.350558e-02
3.290000e+02 1.623006e+01 3.369163e-02
3.290000e+02 1.628958e+01 3.342998e-02
3.290000e+02 1.626650e+01 3.421712e-02
3.290000e+02 1.621887e+01 3.403186e-02
3.290000e+02 1.631025e+01 3.428028e-02
3.290000e+02 1.620468e+01 3.373461e-02
3.290000e+02 1.625863e+01 3.404791e-02
3.290000e+02 1.628724e+01 3.381515e-02
3.290000e+02 1.627934e+01 3.452793e-02
3.290000e+02 1.626192e+01 3.394108e-02
3.290000e+02 1.622944e+01 3.393369e-02
3.290000e+02 1.623539e+01 3.374205e-02
3.300000e+02 1.748640e+01 3.823099e-02
3.300000e+02 1.746003e+01 3.670106e-02
3.300000e+02 1.751734e+01 3.698482e-02
3.300000e+02 1.741390e+01 3.657772e-02
3.300000e+02 1.740010e+01 3.612015e-02
3.300000e+02 1.734706e+01 3.678574e-02
3.300000e+02 1.754556e+01 3.737773e-02
3.300000e+02 1.741919e+01 3.682580e-02
3.300000e+02 1.740317e+01 3.647632e-02
3.300000e+02 1.744131e+01 3.640111e-02
3.300000e+02 1.744583e+01 3.630949e-02
3.300000e+02 1.737795e+01 3.619270e-02
3.300000e+02 1.738123e+01 3.691437e-02
3.300000e+02 1.742720e+01 3.655233e-02
3.300000e+02 1.740334e+01 3.628948e-02
3.300000e+02 1.747126e+01 3.690130e-02
3.300000e+02 1.739482e+01 3.681226e-02
3.300000e+02 1.741461e+01 3.669322e-02
3.300000e+02 1.741676e+01 3.622710e-02
3.300000e+02 1.745393e+01 3.636232e-02
3.310000e+02 1.876691e+01 3.994542e-02
3.310000e+02 1.874174e+01 3.927957e-02
3.310000e+02 1.876735e+01 3.958024e-02
3.310000e+02 1.865120e+01 3.901650e-02
3.310000e+02 1.868613e+01 3.936472e-02
3.310000e+02 1.869883e+01 3.880167e-02
3.310000e+02 1.870689e+01 4.000986e-02
3.310000e+02 1.868397e+01 3.925831e-02
3.310000e+02 1.871980e+01 3.941259e-02
3.310000e+02 1.872712e+01 3.923707e-02
3.310000e+02 1.873665e+01 3.952132e-02
3.310000e+02 1.873814e+01 4.024269e-02
3.310000e+02 1.877533e+01 4.057460e-02
3.310000e+02 1.867467e+01 3.970940e-02
3.310000e+02 1.872096e+01 3.947855e-02
3.310000e+02 1.872478e+01 3.969902e-02
3.310000e+02 1.871327e+01 3.980211e-02
3.310000e+02 1.874610e+01 3.920943e-02
3.310000e+02 1.867311e+01 3.969146e-02
3.310000e+02 1.872544e+01 3.963444e-02
3.320000e+02 2.017707e+01 4.305315e-02
3.320000e+02 2.021349e+01 4.254172e-02
3.320000e+02 2.015841e+01 4.269911e-02
3.320000e+02 2.019500e+01 4.334616e-02
3.320000e+02 2.016366e+01 4.304911e-02
3.320000e+02 2.013830e+01 4.262126e-02
3.320000e+02 2.020579e+01 4.281947e-02
3.320000e+02 2.017762e+01 4.237467e-02
3.320000e+02 2.019423e+01 4.298523e-02
3.320000e+02 2.020184e+01 4.291773e-02
3.320000e+02 2.029229e+01 4.504622e-02
3.320000e+02 2.020329e+01 4.277582e-02
3.320000e+02 2.035271e+01 4.289522e-02
3.320000e+02 2.016604e+01 4.269450e-02
3.320000e+02 2.023922e+01 4.275560e-02
3.320000e+02 2.027944e+01 4.286448e-02
3.320000e+02 2.022158e+01 4.301678e-02
3.320000e+02 2.025174e+01 4.425125e-02
3.320000e+02 2.020034e+01 4.257830e-02
3.320000e+02 2.018180e+01 4.294011e-02
3.330000e+02 2.186197e+01 4.619174e-02
3.330000e+02 2.187287e+01 4.693657e-02
3.330000e+02 2.188777e+01 4.671189e-02
3.330000e+02 2.181437e+01 4.672492e-02
3.330000e+02 2.192897e+01 4.761432e-02
3.330000e+02 2.198791e+01 4.614205e-02
3.330000e+02 2.193370e+01 4.692514e-02
3.330000e+02 2.186876e+01 4.663592e-02
3.330000e+02 2.192718e+01 4.723266e-02
3.330000e+02 2.185023e+01 4.688504e-02
3.330000e+02 2.185721e+01 4.719312e-02
3.330000e+02 2.194149e+01 4.727470e-02
3.330000e+02 2.193139e+01 4.677453e-02
3.330000e+02 2.192470e+01 4.694898e-02
3.330000e+02 2.184318e+01 4.664942e-02
3.330000e+02 2.184622e+01 4.709247e-02
3.330000e+02 2.192100e+01 4.666342e-02
3.330000e+02 2.185675e+01 4.636529e-02
3.330000e+02 2.191781e+01 4.665390e-02
3.330000e+02 2.178996e+01 4.720111e-02
3.340000e+02 2.381290e+01 5.088606e-02
3.340000e+02 2.393694e+01 5.174825e-02
3.340000e+02 2.384896e+01 5.138048e-02
3.340000e+02 2.390574e+01 5.117971e-02
3.340000e+02 2.391780e+01 5.110941e-02
3.340000e+02 2.390557e+01 5.108768e-02
3.340000e+02 2.387452e+01 5.184404e-02
3.340000e+02 2.389929e+01 5.132906e-02
3.340000e+02 2.399496e+01 5.082922e-02
3.340000e+02 2.391472e+01 5.132555e-02
3.340000e+02 2.393199e+01 5.364399e-02
3.340000e+02 2.381856e+01 5.121683e-02
3.340000e+02 2.382532e+01 5.051189e-02
3.340000e+02 2.387066e+01 5.183132e-02
3.340000e+02 2.391715e+01 5.135521e-02
3.340000e+02 2.377727e+01 5.127451e-02
3.340000e+02 2.388550e+01 5.133198e-02
3.340000e+02 2.386193e+01 5.101152e-02
3.340000e+02 2.385694e+01 5.187997e-02
3.340000e+02 2.387599e+01 5.213093e-02
3.350000e+02 2.608748e+01 5.649678e-02
3.350000e+02 2.612659e+01 5.733729e-02
3.350000e+02 2.616860e+01 5.641024e-02
3.350000e+02 2.615472e+01 5.661253e-02
3.350000e+02 2.608784e+01 5.604978e-02
3.350000e+02 2.614668e+01 5.612329e-02
3.350000e+02 2.625305e+01 5.662081e-02
3.350000e+02 2.621341e+01 5.718068e-02
3.350000e+02 2.624956e+01 5.632138e-02
3.350000e+02 2.623290e+01 5.633346e-02
3.350000e+02 2.622001e+01 5.718053e-02
3.350000e+02 2.616949e+01 5.650506e-02
3.350000e+02 2.615378e+01 5.657357e-02
3.350000e+02 2.607675e+01 5.675929e-02
3.350000e+02 2.617975e+01 5.657428e-02
3.350000e+02 2.614135e+01 5.591279e-02
3.350000e+02 2.617144e+01 5.661867e-02
3.350000e+02 2.618067e+01 5.597917e-02
3.350000e+02 2.621071e+01 5.760198e-02
3.350000e+02 2.613636e+01 5.677724e-02
3.360000e+02 2.892918e+01 6.386922e-02
3.360000e+02 2.887182e+01 6.816523e-02
3.360000e+02 2.895799e+01 6.409761e-02
3.360000e+02 2.901653e+01 6.239325e-02
3.360000e+02 2.893669e+01 6.452859e-02
3.360000e+02 2.882705e+01 6.288861e-02
3.360000e+02 2.890340e+01 6.327308e-02
3.360000e+02 2.893948e+01 6.551401e-02
3.360000e+02 2.908624e+01 6.393085e-02
3.360000e+02 2.899674e+01 6.310234e-02
3.360000e+02 2.891438e+01 6.372876e-02
3.360000e+02 2.900985e+01 6.213971e-02
3.360000e+02 2.895264e+01 6.266879e-02
3.360000e+02 2.894169e+01 6.252751e-02
3.360000e+02 2.893255e+01 6.264166e-02
3.360000e+02 2.899001e+01 6.320030e-02
3.360000e+02 2.890053e+01 6.338801e-02
3.360000e+02 2.891467e+01 6.378818e-02
3.360000e+02 2.904456e+01 6.301424e-02
3.360000e+02 2.889910e+01 6.338080e-02
3.370000e+02 3.218073e+01 7.114996e-02
3.370000e+02 3.232581e+01 7.036986e-02
3.370000e+02 3.237336e+01 7.271556e-02
3.370000e+02 3.231378e+01 7.049719e-02
3.370000e+02 3.223873e+01 6.984964e-02
3.370000e+02 3.221713e+01 7.018179e-02
3.370000e+02 3.240326e+01 6.956095e-02
3.370000e+02 3.229465e+01 7.081672e-02
3.370000e+02 3.236446e+01 7.098747e-02
3.370000e+02 3.224526e+01 7.095961e-02
3.370000e+02 3.235048e+01 6.998591e-02
3.370000e+02 3.232139e+01 7.180509e-02
3.370000e+02 3.226691e+01 6.979998e-02
3.370000e+02 3.235919e+01 7.131607e-02
3.370000e+02 3.236208e+01 7.122267e-02
3.370000e+02 3.244103e+01 7.223171e-02
3.370000e+02 3.230513e+01 7.107526e-02
3.370000e+02 3.241294e+01 7.130503e-02
3.370000e+02 3.244313e+01 7.051236e-02
3.370000e+02 3.232901e+01 7.200489e-02
3.380000e+02 3.643588e+01 8.129059e-02
3.380000e+02 3.659987e+01 8.000653e-02
3.380000e+02 3.649257e+01 8.074719e-02
3.380000e+02 3.640617e+01 7.936262e-02
3.380000e+02 3.643154e+01 8.069047e-02
3.380000e+02 3.636548e+01 8.047947e-02
3.380000e+02 3.637380e+01 8.316234e-02
3.380000e+02 3.639774e+01 8.038782e-02
3.380000e+02 3.644436e+01 8.094892e-02
3.380000e+02 3.647123e+01 8.003783e-02
3.380000e+02 3.646018e+01 7.945566e-02
3.380000e+02 3.636091e+01 8.128001e-02
3.380000e+02 3.645069e+01 8.087341e-02
3.380000e+02 3.641003e+01 7.963854e-02
3.380000e+02 3.633653e+01 8.045461e-02
3.380000e+02 3.647820e+01 8.101757e-02
3.380000e+02 3.644521e+01 7.980811e-02
3.380000e+02 3.640578e+01 8.139019e-02
3.380000e+02 3.661820e+01 7.952377e-02
3.380000e+02 3.652632e+01 8.039288e-02
3.390000e+02 4.170216e+01 9.371219e-02
3.390000e+02 4.173369e+01 9.255457e-02
3.390000e+02 4.175456e+01 9.569934e-02
3.390000e+02 4.167532e+01 9.378335e-02
3.390000e+02 4.183963e+01 9.425018e-02
3.390000e+02 4.181904e+01 9.438644e-02
3.390000e+02 4.177623e+01 9.283446e-02
3.390000e+02 4.161745e+01 9.241247e-02
3.390000e+02 4.166450e+01 9.330569e-02
3.390000e+02 4.181519e+01 9.297340e-02
3.390000e+02 4.177972e+01 9.296248e-02
3.390000e+02 4.173799e+01 9.354074e-02
3.390000e+02 4.174867e+01 9.284791e-02
3.390000e+02 4.168375e+01 9.402373e-02
3.390000e+02 4.186895e+01 9.225259e-02
3.390000e+02 4.173998e+01 9.250694e-02
3.390000e+02 4.167140e+01 9.333911e-02
3.390000e+02 4.166125e+01 9.192950e-02
3.390000e+02 4.168636e+01 9.311480e-02
3.390000e+02 4.184670e+01 9.377236e-02
3.400000e+02 4.864816e+01 1.097155e-01
3.400000e+02 4.878005e+01 1.094680e-01
3.400000e+02 4.865584e+01 1.099732e-01
3.400000e+02 4.871604e+01 1.089778e-01
3.400000e+02 4.859117e+01 1.074142e-01
3.400000e+02 4.870623e+01 1.098403e-01
3.400000e+02 4.861454e+01 1.103730e-01
3.400000e+02 4.875097e+01 1.094548e-01
3.400000e+02 4.880746e+01 1.095909e-01
3.400000e+02 4.894120e+01 1.129739e-01
3.400000e+02 4.885732e+01 1.089700e-01
3.400000e+02 4.882310e+01 1.079389e-01
3.400000e+02 4.897267e+01 1.105785e-01
3.400000e+02 4.876898e+01 1.089369e-01
3.400000e+02 4.860934e+01 1.085643e-01
3.400000e+02 4.855673e+01 1.098265e-01
3.400000e+02 4.888457e+01 1.092430e-01
3.400000e+02 4.874415e+01 1.098166e-01
3.400000e+02 4.882540e+01 1.076793e-01
3.400000e+02 4.874790e+01 1.116287e-01
3.402000e+02 5.014310e+01 1.144392e-01
3.402000e+02 5.044406e+01 1.163012e-01
3.402000e+02 5.042605e+01 1.126013e-01
3.402000e+02 5.036824e+01 1.186454e-01
3.402000e+02 5.025628e+01 1.149878e-01
3.402000e+02 5.037791e+01 1.149029e-01
3.402000e+02 5.046945e+01 1.127519e-01
3.402000e+02 5.038993e+01 1.146795e-01
3.402000e+02 5.012384e+01 1.140582e-01
3.402000e+02 5.021944e+01 1.136242e-01
3.402000e+02 5.031854e+01 1.139233e-01
3.402000e+02 5.027109e+01 1.133035e-01
3.402000e+02 5.030700e+01 1.141663e-01
3.402000e+02 5.035716e+01 1.139176e-01
3.402000e+02 5.039476e+01 1.140328e-01
3.402000e+02 5.040506e+01 1.131820e-01
3.402000e+02 5.023237e+01 1.136342e-01
3.402000e+02 5.041676e+01 1.160160e-01
3.402000e+02 5.040895e+01 1.134788e-01
3.402000e+02 5.034740e+01 1.126825e-01
3.404000e+02 5.190427e+01 1.178238e-01
3.404000e+02 5.217249e+01 1.169266e-01
3.404000e+02 5.215522e+01 1.166399e-01
3.404000e+02 5.230357e+01 1.182345e-01
3.404000e+02 5.218956e+01 1.190429e-01
3.404000e+02 5.219704e+01 1.178244e-01
3.404000e+02 5.203341e+01 1.176825e-01
3.404000e+02 5.212774e+01 1.194035e-01
3.404000e+02 5.205628e+01 1.181910e-01
3.404000e+02 5.199560e+01 1.185654e-01
3.404000e+02 5.212036e+01 1.215261e-01
3.404000e+02 5.233526e+01 1.167702e-01
3.404000e+02 5.215625e+01 1.203851e-01
3.404000e+02 5.224100e+01 1.181031e-01
3.404000e+02 5.209786e+01 1.165794e-01
3.404000e+02 5.201749e+01 1.196119e-01
3.404000e+02 5.231725e+01 1.170989e-01
3.404000e+02 5.227715e+01 1.270565e-01
3.404000e+02 5.210806e+01 1.185518e-01
3.404000e+02 5.206153e+01 1.161099e-01
3.406000e+02 5.377175e+01 1.233789e-01
3.406000e+02 5.399568e+01 1.239010e-01
3.406000e+02 5.385208e+01 1.207677e-01
3.406000e+02 5.400893e+01 1.322431e-01
3.406000e+02 5.384584e+01 1.222592e-01
3.406000e+02 5.387476e+01 1.216158e-01
3.406000e+02 5.390832e+01 1.265272e-01
3.406000e+02 5.379173e+01 1.239300e-01
3.406000e+02 5.394158e+01 1.194007e-01
3.406000e+02 5.405690e+01 1.224112e-01
3.406000e+02 5.397938e+01 1.232385e-01
3.406000e+02 5.383993e+01 1.360830e-01
3.406000e+02 5.377815e+01 1.202650e-01
3.406000e+02 5.387230e+01 1.221170e-01
3.406000e+02 5.395493e+01 1.219796e-01
3.406000e+02 5.382066e+01 1.214000e-01
3.406000e+02 5.371665e+01 1.254600e-01
3.406000e+02 5.391982e+01 1.211310e-01
3.406000e+02 5.384021e+01 1.221937e-01
3.406000e+02 5.385097e+01 1.227034e-01
3.408000e+02 5.609699e+01 1.261705e-01
3.408000e+02 5.608493e+01 1.260348e-01
3.408000e+02 5.601766e+01 1.288074e-01
3.408000e+02 5.614537e+01 1.312607e-01
3.408000e+02 5.597683e+01 1.272839e-01
3.408000e+02 5.613572e+01 1.263837e-01
3.408000e+02 5.593438e+01 1.287311e-01
3.408000e+02 5.601095e+01 1.278758e-01
3.408000e+02 5.600260e+01 1.291052e-01
3.408000e+02 5.629269e+01 1.265149e-01
3.408000e+02 5.610862e+01 1.264190e-01
3.408000e+02 5.565743e+01 1.268549e-01
3.408000e+02 5.615923e+01 1.282500e-01
3.408000e+02 5.603743e+01 1.286350e-01
3.408000e+02 5.605122e+01 1.273972e-01
3.408000e+02 5.594255e+01 1.239338e-01
3.408000e+02 5.621595e+01 1.261035e-01
3.408000e+02 5.595087e+01 1.263232e-01
3.408000e+02 5.599503e+01 1.253438e-01
3.408000e+02 5.593653e+01 1.277465e-01
3.410000e+02 5.796588e+01 1.299232e-01
3.410000e+02 5.822954e+01 1.419500e-01
3.410000e+02 5.811357e+01 1.340352e-01
3.410000e+02 5.825343e+01 1.321919e-01
3.410000e+02 5.793316e+01 1.317115e-01
3.410000e+02 5.796695e+01 1.298909e-01
3.410000e+02 5.800184e+01 1.301527e-01
3.410000e+02 5.813252e+01 1.321488e-01
3.410000e+02 5.838090e+01 1.319462e-01
3.410000e+02 5.811561e+01 1.315833e-01
3.410000e+02 5.802825e+01 1.324169e-01
3.410000e+02 5.832034e+01 1.331477e-01
3.410000e+02 5.807688e+01 1.328401e-01
3.410000e+02 5.813674e+01 1.369455e-01
3.410000e+02 5.811131e+01 1.353080e-01
3.410000e+02 5.809411e+01 1.356551e-01
3.410000e+02 5.813417e+01 1.310448e-01
3.410000e+02 5.816866e+01 1.296024e-01
3.410000e+02 5.819256e+01 1.334206e-01
3.410000e+02 5.813239e+01 1.335920e-01
3.412000e+02 6.032736e+01 1.389111e-01
3.412000e+02 6.064331e+01 1.376222e-01
3.412000e+02 6.040399e+01 1.366943e-01
3.412000e+02 6.031056e+01 1.350516e-01
3.412000e+02 6.054428e+01 1.405163e-01
3.412000e+02 6.033883e+01 1.377034e-01
3.412000e+02 6.040492e+01 1.387313e-01
3.412000e+02 6.048649e+01 1.375259e-01
3.412000e+02 6.062916e+01 1.386004e-01
3.412000e+02 6.037021e+01 1.368504e-01
3.412000e+02 6.043975e+01 1.390084e-01
3.412000e+02 6.049010e+01 1.386978e-01
3.412000e+02 6.053074e+01 1.370467e-01
3.412000e+02 6.048462e+01 1.407660e-01
3.412000e+02 6.032273e+01 1.375804e-01
3.412000e+02 6.055355e+01 1.384260e-01
3.412000e+02 6.064846e+01 1.393406e-01
3.412000e+02 6.027676e+01 1.372219e-01
3.412000e+02 6.059027e+01 1.360290e-01
3.412000e+02 6.034786e+01 1.375025e-01
3.414000e+02 6.299613e+01 1.452744e-01
3.414000e+02 6.275491e+01 1.441775e-01
3.414000e+02 6.288878e+01 1.429449e-01
3.414000e+02 6.284640e+01 1.435501e-01
3.414000e+02 6.274883e+01 1.433320e-01
3.414000e+02 6.294190e+01 1.416366e-01
3.414000e+02 6.295994e+01 1.439682e-01
3.414000e+02 6.299296e+01 1.464048e-01
3.414000e+02 6.305364e+01 1.425372e-01
3.414000e+02 6.287926e+01 1.461494e-01
3.414000e+02 6.298400e+01 1.408738e-01
3.414000e+02 6.266571e+01 1.434298e-01
3.414000e+02 6.321461e+01 1.494079e-01
3.414000e+02 6.282573e+01 1.429041e-01
3.414000e+02 6.306028e+01 1.411130e-01
3.414000e+02 6.279383e+01 1.459432e-01
3.414000e+02 6.288134e+01 1.442122e-01
3.414000e+02 6.287668e+01 1.426022e-01
3.414000e+02 6.274694e+01 1.433153e-01
3.414000e+02 6.312609e+01 1.457978e-01
3.416000e+02 6.525972e+01 1.541875e-01
3.416000e+02 6.533285e+01 1.502902e-01
3.416000e+02 6.555353e+01 1.513665e-01
3.416000e+02 6.536217e+01 1.502077e-01
3.416000e+02 6.559753e+01 1.613160e-01
3.416000e+02 6.571115e+01 1.592921e-01
3.416000e+02 6.543938e+01 1.502018e-01
3.416000e+02 6.580840e+01 1.483783e-01
3.416000e+02 6.536026e+01 1.495464e-01
3.416000e+02 6.571903e+01 1.510104e-01
3.416000e+02 6.557511e+01 1.486962e-01
3.416000e+02 6.571373e+01 1.513537e-01
3.416000e+02 6.566244e+01 1.482361e-01
3.416000e+02 6.582456e+01 1.508579e-01
3.416000e+02 6.551851e+01 1.495369e-01
3.416000e+02 6.554234e+01 1.522986e-01
3.416000e+02 6.552596e+01 1.489168e-01
3.416000e+02 6.557244e+01 1.528306e-01
3.416000e+02 6.557269e+01 1.485720e-01
3.416000e+02 6.568599e+01 1.499616e-01
3.418000e+02 6.829605e+01 1.559691e-01
3.418000e+02 6.851375e+01 1.552644e-01
3.418000e+02 6.850400e+01 1.576243e-01
3.418000e+02 6.830354e+01 1.583677e-01
3.418000e+02 6.846712e+01 1.582740e-01
3.418000e+02 6.874257e+01 1.660704e-01
3.418000e+02 6.868862e+01 1.602507e-01
3.418000e+02 6.852544e+01 1.594862e-01
3.418000e+02 6.835067e+01 1.560451e-01
3.418000e+02 6.862177e+01 1.550285e-01
3.418000e+02 6.851762e+01 1.566317e-01
3.418000e+02 6.831416e+01 1.646698e-01
3.418000e+02 6.851473e+01 1.556943e-01
3.418000e+02 6.846939e+01 1.561884e-01
3.418000e+02 6.868073e+01 1.563768e-01
3.418000e+02 6.856693e+01 1.568239e-01
3.418000e+02 6.865748e+01 1.606049e-01
3.418000e+02 6.874847e+01 1.575916e-01
3.418000e+02 6.868914e+01 1.563502e-01
3.418000e+02 6.833167e+01 1.584409e-01
3.420000e+02 7.165423e+01 1.648588e-01
3.420000e+02 7.153195e+01 1.630160e-01
3.420000e+02 7.143063e+01 1.642421e-01
3.420000e+02 7.176616e+01 1.634523e-01
3.420000e+02 7.155929e+01 1.677951e-01
3.420000e+02 7.169722e+01 1.654768e-01
3.420000e+02 7.160201e+01 1.628677e-01
3.420000e+02 7.141165e+01 1.659458e-01
3.420000e+02 7.183169e+01 1.666612e-01
3.420000e+02 7.161290e+01 1.628923e-01
3.420000e+02 7.166530e+01 1.676608e-01
3.420000e+02 7.182436e+01 1.652979e-01
3.420000e+02 7.139392e+01 1.668841e-01
3.420000e+02 7.157905e+01 1.670585e-01
3.420000e+02 7.155268e+01 1.608745e-01
3.420000e+02 7.135275e+01 1.679494e-01
3.420000e+02 7.176370e+01 1.638021e-01
3.420000e+02 7.173770e+01 1.638118e-01
3.420000e+02 7.170685e+01 1.617766e-01
3.420000e+02 7.175226e+01 1.664067e-01
3.422000e+02 7.534843e+01 1.730320e-01
3.422000e+02 7.497847e+01 1.719279e-01
3.422000e+02 7.466573e+01 1.721565e-01
3.422000e+02 7.483395e+01 1.737604e-01
3.422000e+02 7.508198e+01 1.755204e-01
3.422000e+02 7.519908e+01 1.720061e-01
3.422000e+02 7.527649e+01 1.754537e-01
3.422000e+02 7.529940e+01 1.719495e-01
3.422000e+02 7.527707e+01 1.825466e-01
3.422000e+02 7.503443e+01 1.763914e-01
3.422000e+02 7.512558e+01 1.741670e-01
3.422000e+02 7.536141e+01 1.753531e-01
3.422000e+02 7.520981e+01 1.737134e-01
3.422000e+02 7.483031e+01 1.765674e-01
3.422000e+02 7.521260e+01 1.715832e-01
3.422000e+02 7.480013e+01 1.735375e-01
3.422000e+02 7.478015e+01 1.739685e-01
3.422000e+02 7.483862e+01 1.703317e-01
3.422000e+02 7.535559e+01 1.749922e-01
3.422000e+02 7.510518e+01 1.784443e-01
3.424000e+02 7.840815e+01 1.838827e-01
3.424000e+02 7.897091e+01 1.855207e-01
3.424000e+02 7.883096e+01 1.859579e-01
3.424000e+02 7.889533e+01 1.838627e-01
3.424000e+02 7.849779e+01 1.793231e-01
3.424000e+02 7.890289e+01 1.817174e-01
3.424000e+02 7.887791e+01 1.810018e-01
3.424000e+02 7.875530e+01 1.869357e-01
3.424000e+02 7.877687e+01 1.881246e-01
3.424000e+02 7.905996e+01 1.818185e-01
3.424000e+02 7.847624e+01 1.834809e-01
3.424000e+02 7.886703e+01 1.847353e-01
3.424000e+02 7.860037e+01 1.826054e-01
3.424000e+02 7.877862e+01 1.818782e-01
3.424000e+02 7.903515e+01 1.850062e-01
3.424000e+02 7.888798e+01 1.820659e-01
3.424000e+02 7.861503e+01 1.860123e-01
3.424000e+02 7.857944e+01 1.801129e-01
3.424000e+02 7.880195e+01 1.802658e-01
3.424000e+02 7.900330e+01 1.804810e-01
3.426000e+02 8.308860e+01 1.917051e-01
3.426000e+02 8.263416e+01 1.876580e-01
3.426000e+02 8.279250e+01 1.927899e-01
3.426000e+02 8.261011e+01 1.886163e-01
3.426000e+02 8.281204e+01 1.923737e-01
3.426000e+02 8.294791e+01 1.935749e-01
3.426000e+02 8.308597e+01 1.894360e-01
3.426000e+02 8.286507e+01 1.932252e-01
3.426000e+02 8.322767e+01 1.904047e-01
3.426000e+02 8.313669e+01 1.875247e-01
3.426000e+02 8.286802e+01 1.920844e-01
3.426000e+02 8.299587e+01 1.919504e-01
3.426000e+02 8.282016e+01 1.872920e-01
3.426000e+02 8.300249e+01 1.972798e-01
3.426000e+02 8.280668e+01 1.929002e-01
3.426000e+02 8.296744e+01 1.919563e-01
3.426000e+02 8.290671e+01 1.906752e-01
3.426000e+02 8.275583e+01 1.955692e-01
3.426000e+02 8.316823e+01 1.949976e-01
3.426000e+02 8.282676e+01 1.910320e-01
3.428000e+02 8.754506e+01 2.049994e-01
3.428000e+02 8.759940e+01 2.055146e-01
3.428000e+02 8.727931e+01 2.008424e-01
3.428000e+02 8.751439e+01 2.062952e-01
3.428000e+02 8.717149e+01 2.054147e-01
3.428000e+02 8.701350e+01 1.960359e-01
3.428000e+02 8.725548e+01 2.124651e-01
3.428000e+02 8.728771e+01 2.039337e-01
3.428000e+02 8.742499e+01 2.056436e-01
3.428000e+02 8.757006e+01 2.019519e-01
3.428000e+02 8.735684e+01 2.012769e-01
3.428000e+02 8.763397e+01 2.013223e-01
3.428000e+02 8.781126e+01 2.016843e-01
3.428000e+02 8.732457e+01 2.079251e-01
3.428000e+02 8.727458e+01 2.080168e-01
3.428000e+02 8.700310e+01 2.053610e-01
3.428000e+02 8.775431e+01 2.027142e-01
3.428000e+02 8.694744e+01 2.038775e-01
3.428000e+02 8.722893e+01 2.027451e-01
3.428000e+02 8.741067e+01 2.045887e-01
3.430000e+02 9.240376e+01 2.160724e-01
3.430000e+02 9.224942e+01 2.175156e-01
3.430000e+02 9.200493e+01 2.103296e-01
3.430000e+02 9.260544e+01 2.151771e-01
3.430000e+02 9.196166e+01 2.064691e-01
3.430000e+02 9.244862e+01 2.152254e-01
3.430000e+02 9.218832e+01 2.147592e-01
3.430000e+02 9.207105e+01 2.116171e-01
3.430000e+02 9.273916e+01 2.131786e-01
3.430000e+02 9.214510e+01 2.122458e-01
3.430000e+02 9.233618e+01 2.186658e-01
3.430000e+02 9.209966e+01 2.110276e-01
3.430000e+02 9.256185e+01 2.291839e-01
3.430000e+02 9.235670e+01 2.160274e-01
3.430000e+02 9.250785e+01 2.101207e-01
3.430000e+02 9.282067e+01 2.120229e-01
3.430000e+02 9.247785e+01 2.126557e-01
3.430000e+02 9.233841e+01 2.136248e-01
3.430000e+02 9.239116e+01 2.131264e-01
3.430000e+02 9.249972e+01 2.111671e-01
3.432000e+02 9.794402e+01 2.260146e-01
3.432000e+02 9.786079e+01 2.309022e-01
3.432000e+02 9.787990e+01 2.253870e-01
3.432000e+02 9.803616e+01 2.304260e-01
3.432000e+02 9.746995e+01 2.277405e-01
3.432000e+02 9.761518e+01 2.276442e-01
3.432000e+02 9.739646e+01 2.250274e-01
3.432000e+02 9.770702e+01 2.243143e-01
3.432000e+02 9.790578e+01 2.225444e-01
3.432000e+02 9.801071e+01 2.290143e-01
3.432000e+02 9.763284e+01 2.257641e-01
3.432000e+02 9.806151e+01 2.330685e-01
3.432000e+02 9.775454e+01 2.251242e-01
3.432000e+02 9.798067e+01 2.279062e-01
3.432000e+02 9.828999e+01 2.357442e-01
3.432000e+02 9.807378e+01 2.250652e-01
3.432000e+02 9.813166e+01 2.416956e-01
3.432000e+02 9.830448e+01 2.320804e-01
3.432000e+02 9.781804e+01 2.269008e-01
3.432000e+02 9.721216e+01 2.305174e-01
3.434000e+02 1.038426e+02 2.399317e-01
3.434000e+02 1.035183e+02 2.379459e-01
3.434000e+02 1.040311e+02 2.481783e-01
3.434000e+02 1.040714e+02 2.448440e-01
3.434000e+02 1.035590e+02 2.419988e-01
3.434000e+02 1.036301e+02 2.369312e-01
3.434000e+02 1.038865e+02 2.451693e-01
3.434000e+02 1.039975e+02 2.449864e-01
3.434000e+02 1.036652e+02 2.444503e-01
3.434000e+02 1.038973e+02 2.353227e-01
3.434000e+02 1.038273e+02 2.449214e-01
3.434000e+02 1.043919e+02 2.401452e-01
3.434000e+02 1.040113e+02 2.515378e-01
3.434000e+02 1.040649e+02 2.417076e-01
3.434000e+02 1.038330e+02 2.387054e-01
3.434000e+02 1.038296e+02 2.391352e-01
3.434000e+02 1.042206e+02 2.391179e-01
3.434000e+02 1.041984e+02 2.413749e-01
3.434000e+02 1.041286e+02 2.455685e-01
3.434000e+02 1.039298e+02 2.412697e-01
3.436000e+02 1.106570e+02 2.592340e-01
3.436000e+02 1.102045e+02 2.577024e-01
3.436000e+02 1.109895e+02 2.554902e-01
3.436000e+02 1.104639e+02 2.587817e-01
3.436000e+02 1.105421e+02 2.553889e-01
3.436000e+02 1.106257e+02 2.534390e-01
3.436000e+02 1.104956e+02 2.621250e-01
3.436000e+02 1.104936e+02 2.616869e-01
3.436000e+02 1.103163e+02 2.487585e-01
3.436000e+02 1.108766e+02 2.587936e-01
3.436000e+02 1.107381e+02 2.628505e-01
3.436000e+02 1.110942e+02 2.608954e-01
3.436000e+02 1.108331e+02 2.645732e-01
3.436000e+02 1.112944e+02 2.579781e-01
3.436000e+02 1.108350e+02 2.562463e-01
3.436000e+02 1.107750e+02 2.558264e-01
3.436000e+02 1.113094e+02 2.644545e-01
3.436000e+02 1.107340e+02 2.508933e-01
3.436000e+02 1.103641e+02 2.584991e-01
3.436000e+02 1.110094e+02 2.650932e-01
3.438000e+02 1.182230e+02 2.794706e-01
3.438000e+02 1.185030e+02 2.669831e-01
3.438000e+02 1.186636e+02 2.792406e-01
3.438000e+02 1.183799e+02 2.786429e-01
3.438000e+02 1.184290e+02 2.853491e-01
3.438000e+02 1.182422e+02 2.834889e-01
3.438000e+02 1.184017e+02 2.814409e-01
3.438000e+02 1.182444e+02 2.732137e-01
3.438000e+02 1.186248e+02 2.744852e-01
3.438000e+02 1.184736e+02 2.747886e-01
3.438000e+02 1.181507e+02 2.712856e-01
3.438000e+02 1.184574e+02 2.790604e-01
3.438000e+02 1.185800e+02 2.782841e-01
3.438000e+02 1.178813e+02 2.786259e-01
3.438000e+02 1.184188e+02 2.792221e-01
3.438000e+02 1.182524e+02 2.792084e-01
3.438000e+02 1.183245e+02 2.752930e-01
3.438000e+02 1.182375e+02 2.759421e-01
3.438000e+02 1.183759e+02 2.696002e-01
3.438000e+02 1.185069e+02 2.790535e-01
3.440000e+02 1.263780e+02 3.032138e-01
3.440000e+02 1.271090e+02 2.966568e-01
3.440000e+02 1.266525e+02 2.920876e-01
3.440000e+02 1.269841e+02 2.888456e-01
3.440000e+02 1.272222e+02 2.962397e-01
3.440000e+02 1.265100e+02 2.965328e-01
3.440000e+02 1.272302e+02 2.979586e-01
3.440000e+02 1.273507e+02 3.075695e-01
3.440000e+02 1.272009e+02 2.995368e-01
3.440000e+02 1.273333e+02 3.043961e-01
3.440000e+02 1.273894e+02 2.965073e-01
3.440000e+02 1.270217e+02 2.956762e-01
3.440000e+02 1.265922e+02 3.079820e-01
3.440000e+02 1.268841e+02 3.100469e-01
3.440000e+02 1.271242e+02 2.952824e-01
3.440000e+02 1.271166e+02 2.925142e-01
3.440000e+02 1.273919e+02 2.923159e-01
3.440000e+02 1.265780e+02 2.999193e-01
3.440000e+02 1.273558e+02 2.954976e-01
3.440000e+02 1.264792e+02 2.969915e-01
3.442000e+02 1.364114e+02 3.179976e-01
3.442000e+02 1.367604e+02 3.190229e-01
3.442000e+02 1.367668e+02 3.243652e-01
3.442000e+02 1.366465e+02 3.225981e-01
3.442000e+02 1.373920e+02 3.252142e-01
3.442000e+02 1.368871e+02 3.189705e-01
3.442000e+02 1.368775e+02 3.244748e-01
3.442000e+02 1.369744e+02 3.160766e-01
3.442000e+02 1.370658e+02 3.295461e-01
3.442000e+02 1.369969e+02 3.061570e-01
3.442000e+02 1.369475e+02 3.243784e-01
3.442000e+02 1.367588e+02 3.262091e-01
3.442000e+02 1.362595e+02 3.164831e-01
3.442000e+02 1.371637e+02 3.142983e-01
3.442000e+02 1.367977e+02 3.115713e-01
3.442000e+02 1.363715e+02 3.309555e-01
3.442000e+02 1.370569e+02 3.196572e-01
3.442000e+02 1.370431e+02 3.308636e-01
3.442000e+02 1.363810e+02 3.208218e-01
3.442000e+02 1.370429e+02 3.212639e-01
3.444000e+02 1.474639e+02 3.353920e-01
3.444000e+02 1.480307e+02 3.495007e-01
3.444000e+02 1.479802e+02 3.396002e-01
3.444000e+02 1.482954e+02 3.434568e-01
3.444000e+02 1.477568e+02 3.416736e-01
3.444000e+02 1.482674e+02 3.416919e-01
3.444000e+02 1.489350e+02 3.482668e-01
3.444000e+02 1.479949e+02 3.461616e-01
3.444000e+02 1.481108e+02 3.541408e-01
3.444000e+02 1.483555e+02 3.557204e-01
3.444000e+02 1.480599e+02 3.489302e-01
3.444000e+02 1.479651e+02 3.630229e-01
3.444000e+02 1.477717e+02 3.480849e-01
3.444000e+02 1.476716e+02 3.377989e-01
3.444000e+02 1.489735e+02 3.534577e-01
3.444000e+02 1.483166e+02 3.492292e-01
3.444000e+02 1.480687e+02 3.558207e-01
3.444000e+02 1.482242e+02 3.645120e-01
3.444000e+02 1.485505e+02 3.534917e-01
3.444000e+02 1.480517e+02 3.459775e-01
3.446000e+02 1.617353e+02 3.707681e-01
3.446000e+02 1.608745e+02 3.790108e-01
3.446000e+02 1.608633e+02 3.726889e-01
3.446000e+02 1.603051e+02 3.781886e-01
3.446000e+02 1.616643e+02 3.768864e-01
3.446000e+02 1.614022e+02 3.807228e-01
3.446000e+02 1.608919e+02 3.763255e-01
3.446000e+02 1.612875e+02 3.780253e-01
3.446000e+02 1.606291e+02 3.762781e-01
3.446000e+02 1.613978e+02 3.801460e-01
3.446000e+02 1.612738e+02 3.736650e-01
3.446000e+02 1.608359e+02 3.701089e-01
3.446000e+02 1.610107e+02 3.832313e-01
3.446000e+02 1.614191e+02 3.824976e-01
3.446000e+02 1.608373e+02 3.770234e-01
3.446000e+02 1.610646e+02 3.743179e-01
3.446000e+02 1.610602e+02 3.747275e-01
3.446000e+02 1.611477e+02 3.709017e-01
3.446000e+02 1.610913e+02 3.888577e-01
3.446000e+02 1.608707e+02 3.747424e-01
3.448000e+02 1.767168e+02 4.076021e-01
3.448000e+02 1.755910e+02 4.175693e-01
3.448000e+02 1.762580e+02 4.136933e-01
3.448000e+02 1.752410e+02 4.226288e-01
3.448000e+02 1.759039e+02 4.126497e-01
3.448000e+02 1.763972e+02 4.248501e-01
3.448000e+02 1.749776e+02 4.167423e-01
3.448000e+02 1.759339e+02 4.115779e-01
3.448000e+02 1.758230e+02 4.131109e-01
3.448000e+02 1.774989e+02 4.144309e-01
3.448000e+02 1.764950e+02 4.193647e-01
3.448000e+02 1.754337e+02 4.165851e-01
3.448000e+02 1.756873e+02 4.076270e-01
3.448000e+02 1.765215e+02 4.127818e-01
3.448000e+02 1.763264e+02 4.156082e-01
3.448000e+02 1.760878e+02 4.015982e-01
3.448000e+02 1.762183e+02 4.134794e-01
3.448000e+02 1.763358e+02 4.194836e-01
3.448000e+02 1.759940e+02 4.256685e-01
3.448000e+02 1.765830e+02 4.196527e-01
3.450000e+02 1.944032e+02 4.630110e-01
3.450000e+02 1.937808e+02 4.603175e-01
3.450000e+02 1.935072e+02 4.548158e-01
3.450000e+02 1.936038e+02 4.493223e-01
3.450000e+02 1.938377e+02 4.670563e-01
3.450000e+02 1.939132e+02 4.593137e-01
3.450000e+02 1.942827e+02 4.715854e-01
3.450000e+02 1.938040e+02 4.533235e-01
3.450000e+02 1.935994e+02 4.575466e-01
3.450000e+02 1.939656e+02 4.661215e-01
3.450000e+02 1.943253e+02 4.511654e-01
3.450000e+02 1.937870e+02 4.575326e-01
3.450000e+02 1.937392e+02 4.583379e-01
3.450000e+02 1.946084e+02 4.793364e-01
3.450000e+02 1.936425e+02 4.429119e-01
3.450000e+02 1.935689e+02 4.528489e-01
3.450000e+02 1.937892e+02 4.573754e-01
3.450000e+02 1.934329e+02 4.466548e-01
3.450000e+02 1.935634e+02 4.578097e-01
3.450000e+02 1.931940e+02 4.665888e-01
3.452000e+02 2.138193e+02 5.069406e-01
3.452000e+02 2.144661e+02 5.166350e-01
3.452000e+02 2.139232e+02 5.011300e-01
3.452000e+02 2.151203e+02 5.037412e-01
3.452000e+02 2.136247e+02 5.086240e-01
3.452000e+02 2.151559e+02 5.249156e-01
3.452000e+02 2.146928e+02 4.992547e-01
3.452000e+02 2.145996e+02 4.984338e-01
3.452000e+02 2.142111e+02 5.049920e-01
3.452000e+02 2.151604e+02 5.115813e-01
3.452000e+02 2.150810e+02 5.094396e-01
3.452000e+02 2.147192e+02 5.176586e-01
3.452000e+02 2.153483e+02 5.166640e-01
3.452000e+02 2.145352e+02 4.998632e-01
3.452000e+02 2.136536e+02 5.048105e-01
3.452000e+02 2.149491e+02 5.120989e-01
3.452000e+02 2.143874e+02 5.146999e-01
3.452000e+02 2.148756e+02 4.949450e-01
3.452000e+02 2.145808e+02 5.082753e-01
3.452000e+02 2.143810e+02 5.020850e-01
3.454000e+02 2.382564e+02 5.559985e-01
3.454000e+02 2.378434e+02 5.527186e-01
3.454000e+02 2.375947e+02 5.524157e-01
3.454000e+02 2.381521e+02 5.686244e-01
3.454000e+02 2.385960e+02 5.658599e-01
3.454000e+02 2.392056e+02 5.668930e-01
3.454000e+02 2.376864e+02 5.649595e-01
3.454000e+02 2.382539e+02 5.543114e-01
3.454000e+02 2.385486e+02 5.596190e-01
3.454000e+02 2.375700e+02 5.638022e-01
3.454000e+02 2.390411e+02 5.586613e-01
3.454000e+02 2.376988e+02 5.738933e-01
3.454000e+02 2.379146e+02 5.498382e-01
3.454000e+02 2.379885e+02 5.692731e-01
3.454000e+02 2.388647e+02 5.715213e-01
3.454000e+02 2.374179e+02 5.572853e-01
3.454000e+02 2.386480e+02 5.454092e-01
3.454000e+02 2.383178e+02 5.663997e-01
3.454000e+02 2.382448e+02 5.735911e-01
3.454000e+02 2.387546e+02 5.560200e-01
3.456000e+02 2.657740e+02 6.387558e-01
3.456000e+02 2.669167e+02 6.292453e-01
3.456000e+02 2.658561e+02 6.247510e-01
3.456000e+02 2.661832e+02 6.127826e-01
3.456000e+02 2.653779e+02 6.342550e-01
3.456000e+02 2.664653e+02 6.212772e-01
3.456000e+02 2.660027e+02 6.291489e-01
3.456000e+02 2.663795e+02 6.296522e-01
3.456000e+02 2.660699e+02 6.212215e-01
3.456000e+02 2.667701e+02 6.460719e-01
3.456000e+02 2.650881e+02 6.142810e-01
3.456000e+02 2.665725e+02 6.265242e-01
3.456000e+02 2.673608e+02 6.286765e-01
3.456000e+02 2.653431e+02 6.244803e-01
3.456000e+02 2.656248e+02 6.337489e-01
3.456000e+02 2.664218e+02 6.141494e-01
3.456000e+02 2.660078e+02 6.368409e-01
3.456000e+02 2.672045e+02 6.749701e-01
3.456000e+02 2.663348e+02 6.282389e-01
3.456000e+02 2.665733e+02 6.195671e-01
3.458000e+02 2.979580e+02 6.976731e-01
3.458000e+02 2.971673e+02 7.029618e-01
3.458000e+02 2.977976e+02 6.998729e-01
3.458000e+02 2.974224e+02 6.858729e-01
3.458000e+02 2.982858e+02 7.049999e-01
3.458000e+02 2.975705e+02 7.057343e-01
3.458000e+02 2.962133e+02 6.970945e-01
3.458000e+02 2.971685e+02 7.274131e-01
3.458000e+02 2.967591e+02 7.103833e-01
3.458000e+02 2.949681e+02 6.960560e-01
3.458000e+02 2.967600e+02 6.827828e-01
3.458000e+02 2.961070e+02 7.094643e-01
3.458000e+02 2.968127e+02 7.178716e-01
3.458000e+02 2.969735e+02 6.948615e-01
3.458000e+02 2.984388e+02 7.034664e-01
3.458000e+02 2.977147e+02 7.226930e-01
3.458000e+02 2.971080e+02 6.898667e-01
3.458000e+02 2.974801e+02 6.956908e-01
3.458000e+02 2.964535e+02 6.894457e-01
3.458000e+02 2.977816e+02 7.074870e-01
3.460000e+02 3.313354e+02 7.832502e-01
3.460000e+02 3.320571e+02 7.979740e-01
3.460000e+02 3.301694e+02 7.676681e-01
3.460000e+02 3.303262e+02 7.960128e-01
3.460000e+02 3.312039e+02 8.033723e-01
3.460000e+02 3.305544e+02 7.596429e-01
3.460000e+02 3.306039e+02 7.816972e-01
3.460000e+02 3.312454e+02 7.822607e-01
3.460000e+02 3.307881e+02 7.699915e-01
3.460000e+02 3.315737e+02 7.730218e-01
3.460000e+02 3.300895e+02 7.649093e-01
3.460000e+02 3.325467e+02 7.820537e-01
3.460000e+02 3.309305e+02 7.805078e-01
3.460000e+02 3.317761e+02 7.690291e-01
3.460000e+02 3.299351e+02 7.830554e-01
3.460000e+02 3.304594e+02 7.685741e-01
3.460000e+02 3.319648e+02 7.732634e-01
3.460000e+02 3.307088e+02 7.771959e-01
3.460000e+02 3.319127e+02 7.629212e-01
3.460000e+02 3.317119e+02 7.624700e-01
3.462000e+02 3.670561e+02 8.457962e-01
3.462000e+02 3.661144e+02 8.783034e-01
3.462000e+02 3.666604e+02 8.852970e-01
3.462000e+02 3.676774e+02 8.511066e-01
3.462000e+02 3.677505e+02 8.675828e-01
3.462000e+02 3.677143e+02 8.493864e-01
3.462000e+02 3.678348e+02 8.967287e-01
3.462000e+02 3.663059e+02 8.666162e-01
3.462000e+02 3.675989e+02 8.661582e-01
3.462000e+02 3.669125e+02 8.587894e-01
3.462000e+02 3.672559e+02 8.943032e-01
3.462000e+02 3.661819e+02 8.781413e-01
3.462000e+02 3.679906e+02 8.575646e-01
3.462000e+02 3.662919e+02 8.586555e-01
3.462000e+02 3.661125e+02 8.529573e-01
3.462000e+02 3.672011e+02 8.808253e-01
3.462000e+02 3.657354e+02 9.020563e-01
3.462000e+02 3.671926e+02 8.578772e-01
3.462000e+02 3.660366e+02 8.824641e-01
3.462000e+02 3.679261e+02 8.794231e-01
3.464000e+02 4.028573e+02 8.857192e-01
3.464000e+02 4.021246e+02 8.825170e-01
3.464000e+02 4.022103e+02 9.007054e-01
3.464000e+02 4.035898e+02 8.953370e-01
3.464000e+02 4.032591e+02 8.844491e-01
3.464000e+02 4.038452e+02 8.738735e-01
3.464000e+02 4.033589e+02 8.724970e-01
3.464000e+02 4.027972e+02 8.865428e-01
3.464000e+02 4.034380e+02 8.699497e-01
3.464000e+02 4.047407e+02 9.003045e-01
3.464000e+02 4.033821e+02 8.893950e-01
3.464000e+02 4.022535e+02 8.772538e-01
3.464000e+02 4.032048e+02 8.903308e-01
3.464000e+02 4.035435e+02 8.852711e-01
3.464000e+02 4.028164e+02 8.822503e-01
3.464000e+02 4.031972e+02 8.904777e-01
3.464000e+02 4.035128e+02 8.724665e-01
3.464000e+02 4.032063e+02 8.850023e-01
3.464000e+02 4.027062e+02 8.619886e-01
3.464000e+02 4.050629e+02 9.028723e-01
3.466000e+02 4.393682e+02 9.644658e-01
3.466000e+02 4.401425e+02 9.299259e-01
3.466000e+02 4.389683e+02 9.576899e-01
3.466000e+02 4.396991e+02 9.631221e-01
3.466000e+02 4.382902e+02 9.488315e-01
3.466000e+02 4.387838e+02 9.676706e-01
3.466000e+02 4.414032e+02 9.651880e-01
3.466000e+02 4.404015e+02 9.540813e-01
3.466000e+02 4.395775e+02 9.512309e-01
3.466000e+02 4.386289e+02 9.566878e-01
3.466000e+02 4.386296e+02 9.635440e-01
3.466000e+02 4.400000e+02 9.702804e-01
3.466000e+02 4.373711e+02 9.593367e-01
3.466000e+02 4.387083e+02 9.603306e-01
3.466000e+02 4.378320e+02 9.581622e-01
3.466000e+02 4.393242e+02 9.677198e-01
3.466000e+02 4.402178e+02 9.511474e-01
3.466000e+02 4.396016e+02 9.587818e-01
3.466000e+02 4.404060e+02 9.596837e-01
3.466000e+02 4.382129e+02 9.409382e-01
3.468000e+02 4.717309e+02 1.015403e+00
3.468000e+02 4.712078e+02 1.026856e+00
3.468000e+02 4.717521e+02 1.029445e+00
3.468000e+02 4.723250e+02 1.031627e+00
3.468000e+02 4.722812e+02 1.059602e+00
3.468000e+02 4.729881e+02 1.026623e+00
3.468000e+02 4.733115e+02 1.051471e+00
3.468000e+02 4.745822e+02 1.039110e+00
3.468000e+02 4.707581e+02 1.041018e+00
3.468000e+02 4.724613e+02 1.030818e+00
3.468000e+02 4.693255e+02 1.015763e+00
3.468000e+02 4.728570e+02 1.014399e+00
3.468000e+02 4.720569e+02 1.022279e+00
3.468000e+02 4.718132e+02 1.016886e+00
3.468000e+02 4.706061e+02 1.049974e+00
3.468000e+02 4.730556e+02 1.031357e+00
3.468000e+02 4.725866e+02 1.069012e+00
3.468000e+02 4.718892e+02 1.005640e+00
3.468000e+02 4.731953e+02 1.039934e+00
3.468000e+02 4.712224e+02 1.025753e+00
3.470000e+02 5.029395e+02 1.080894e+00
3.470000e+02 5.033229e+02 1.097513e+00
3.470000e+02 5.018826e+02 1.090590e+00
3.470000e+02 5.036352e+02 1.089574e+00
3.470000e+02 5.021401e+02 1.112350e+00
3.470000e+02 5.011178e+02 1.094456e+00
3.470000e+02 5.017046e+02 1.101400e+00
3.470000e+02 5.010978e+02 1.110946e+00
3.470000e+02 5.016752e+02 1.087107e+00
3.470000e+02 5.031165e+02 1.104020e+00
3.470000e+02 5.014441e+02 1.081547e+00
3.470000e+02 5.009357e+02 1.092580e+00
3.470000e+02 4.999684e+02 1.093073e+00
3.470000e+02 5.022121e+02 1.081245e+00
3.470000e+02 5.016318e+02 1.076863e+00
3.470000e+02 5.006716e+02 1.117294e+00
3.470000e+02 5.034874e+02 1.097186e+00
3.470000e+02 5.026132e+02 1.084635e+00
3.470000e+02 5.012887e+02 1.063197e+00
3.470000e+02 5.019294e+02 1.077849e+00
3.472000e+02 5.292427e+02 1.208088e+00
3.472000e+02 5.308355e+02 1.177313e+00
3.472000e+02 5.287663e+02 1.140416e+00
3.472000e+02 5.273301e+02 1.161981e+00
3.472000e+02 5.281504e+02 1.145248e+00
3.472000e+02 5.280887e+02 1.163340e+00
3.472000e+02 5.291179e+02 1.148568e+00
3.472000e+02 5.291886e+02 1.173906e+00
3.472000e+02 5.307469e+02 1.150056e+00
3.472000e+02 5.306149e+02 1.154118e+00
3.472000e+02 5.296492e+02 1.135304e+00
3.472000e+02 5.292987e+02 1.150241e+00
3.472000e+02 5.268663e+02 1.131046e+00
3.472000e+02 5.305419e+02 1.162449e+00
3.472000e+02 5.298042e+02 1.156486e+00
3.472000e+02 5.286876e+02 1.140898e+00
3.472000e+02 5.282373e+02 1.135245e+00
3.472000e+02 5.293320e+02 1.150973e+00
3.472000e+02 5.295915e+02 1.145994e+00
3.472000e+02 5.310210e+02 1.192196e+00
3.474000e+02 5.542142e+02 1.224890e+00
3.474000e+02 5.516862e+02 1.203548e+00
3.474000e+02 5.538364e+02 1.203072e+00
3.474000e+02 5.539897e+02 1.201253e+00
3.474000e+02 5.563849e+02 1.232691e+00
3.474000e+02 5.511447e+02 1.223785e+00
3.474000e+02 5.534484e+02 1.195765e+00
3.474000e+02 5.533295e+02 1.223478e+00
3.474000e+02 5.530016e+02 1.216861e+00
3.474000e+02 5.537213e+02 1.230138e+00
3.474000e+02 5.513020e+02 1.211485e+00
3.474000e+02 5.533180e+02 1.201764e+00
3.474000e+02 5.527847e+02 1.200313e+00
3.474000e+02 5.526090e+02 1.191455e+00
3.474000e+02 5.535401e+02 1.217566e+00
3.474000e+02 5.534123e+02 1.219882e+00
3.474000e+02 5.524761e+02 1.225446e+00
3.474000e+02 5.531338e+02 1.219532e+00
3.474000e+02 5.539814e+02 1.206494e+00
3.474000e+02 5.532218e+02 1.206192e+00
3.476000e+02 5.744378e+02 1.291136e+00
3.476000e+02 5.765830e+02 1.269041e+00
3.476000e+02 5.747207e+02 1.274253e+00
3.476000e+02 5.746307e+02 1.291425e+00
3.476000e+02 5.756653e+02 1.271138e+00
3.476000e+02 5.753062e+02 1.280019e+00
3.476000e+02 5.740866e+02 1.281498e+00
3.476000e+02 5.771641e+02 1.284303e+00
3.476000e+02 5.746097e+02 1.298922e+00
3.476000e+02 5.742580e+02 1.284478e+00
3.476000e+02 5.767974e+02 1.251841e+00
3.476000e+02 5.742090e+02 1.288315e+00
3.476000e+02 5.751867e+02 1.239562e+00
3.476000e+02 5.743610e+02 1.273987e+00
3.476000e+02 5.730397e+02 1.260869e+00
3.476000e+02 5.743170e+02 1.285819e+00
3.476000e+02 5.760825e+02 1.295809e+00
3.476000e+02 5.752427e+02 1.284171e+00
3.476000e+02 5.775497e+02 1.247332e+00
3.476000e+02 5.738022e+02 1.260264e+00
3.478000e+02 5.954833e+02 1.311708e+00
3.478000e+02 5.940907e+02 1.316541e+00
3.478000e+02 5.923299e+02 1.310782e+00
3.478000e+02 5.949697e+02 1.393993e+00
3.478000e+02 5.917364e+02 1.287331e+00
3.478000e+02 5.936732e+02 1.321973e+00
3.478000e+02 5.947548e+02 1.306554e+00
3.478000e+02 5.924862e+02 1.333467e+00
3.478000e+02 5.936674e+02 1.296091e+00
3.478000e+02 5.965529e+02 1.316931e+00
3.478000e+02 5.924035e+02 1.298763e+00
3.478000e+02 5.957072e+02 1.299132e+00
3.478000e+02 5.926673e+02 1.332901e+00
3.478000e+02 5.949532e+02 1.306993e+00
3.478000e+02 5.923108e+02 1.292606e+00
3.478000e+02 5.921726e+02 1.288223e+00
3.478000e+02 5.924409e+02 1.309111e+00
3.478000e+02 5.942885e+02 1.337090e+00
3.478000e+02 5.923810e+02 1.331882e+00
3.478000e+02 5.940526e+02 1.282294e+00
3.480000e+02 6.091003e+02 1.338855e+00
3.480000e+02 6.090826e+02 1.366399e+00
3.480000e+02 6.104336e+02 1.378160e+00
3.480000e+02 6.099208e+02 1.349004e+00
3.480000e+02 6.109338e+02 1.353805e+00
3.480000e+02 6.123343e+02 1.369440e+00
3.480000e+02 6.114610e+02 1.376178e+00
3.480000e+02 6.103889e+02 1.380134e+00
3.480000e+02 6.112791e+02 1.361184e+00
3.480000e+02 6.116207e+02 1.357459e+00
3.480000e+02 6.106475e+02 1.332860e+00
3.480000e+02 6.099068e+02 1.343066e+00
3.480000e+02 6.116113e+02 1.330558e+00
3.480000e+02 6.138759e+02 1.350644e+00
3.480000e+02 6.113213e+02 1.376580e+00
3.480000e+02 6.088500e+02 1.360777e+00
3.480000e+02 6.106664e+02 1.387381e+00
3.480000e+02 6.130966e+02 1.384515e+00
3.480000e+02 6.101042e+02 1.369177e+00
3.480000e+02 6.089629e+02 1.321686e+00
3.482000e+02 6.289553e+02 1.403302e+00
3.482000e+02 6.236152e+02 1.409926e+00
3.482000e+02 6.255207e+02 1.401154e+00
3.482000e+02 6.252264e+02 1.417781e+00
3.482000e+02 6.236874e+02 1.409643e+00
3.482000e+02 6.245384e+02 1.413772e+00
3.482000e+02 6.252334e+02 1.401316e+00
3.482000e+02 6.266510e+02 1.385371e+00
3.482000e+02 6.273729e+02 1.446979e+00
3.482000e+02 6.241110e+02 1.389812e+00
3.482000e+02 6.256444e+02 1.370084e+00
3.482000e+02 6.246619e+02 1.406734e+00
3.482000e+02 6.249010e+02 1.409405e+00
3.482000e+02 6.223574e+02 1.389111e+00
3.482000e+02 6.273417e+02 1.393270e+00
3.482000e+02 6.258121e+02 1.400420e+00
3.482000e+02 6.237810e+02 1.416250e+00
3.482000e+02 6.249312e+02 1.414775e+00
3.482000e+02 6.229224e+02 1.400948e+00
3.482000e+02 6.245937e+02 1.385141e+00
3.484000e+02 6.390355e+02 1.437809e+00
3.484000e+02 6.397312e+02 1.456425e+00
3.484000e+02 6.395073e+02 1.431512e+00
3.484000e+02 6.401921e+02 1.450425e+00
3.484000e+02 6.400231e+02 1.470681e+00
3.484000e+02 6.386399e+02 1.429576e+00
3.484000e+02 6.410132e+02 1.461900e+00
3.484000e+02 6.390225e+02 1.452082e+00
3.484000e+02 6.382863e+02 1.501998e+00
3.484000e+02 6.416409e+02 1.454645e+00
3.484000e+02 6.364327e+02 1.419282e+00
3.484000e+02 6.370922e+02 1.410599e+00
3.484000e+02 6.359670e+02 1.438586e+00
3.484000e+02 6.411661e+02 1.412538e+00
3.484000e+02 6.384677e+02 1.417488e+00
3.484000e+02 6.402936e+02 1.397935e+00
3.484000e+02 6.385993e+02 1.436925e+00
3.484000e+02 6.381755e+02 1.441461e+00
3.484000e+02 6.386845e+02 1.457633e+00
3.484000e+02 6.386416e+02 1.447446e+00
3.486000e+02 6.522855e+02 1.490024e+00
3.486000e+02 6.495861e+02 1.449543e+00
3.486000e+02 6.533147e+02 1.485516e+00
3.486000e+02 6.505046e+02 1.512284e+00
3.486000e+02 6.528409e+02 1.511385e+00
3.486000e+02 6.529986e+02 1.430377e+00
3.486000e+02 6.523319e+02 1.498133e+00
3.486000e+02 6.524196e+02 1.457072e+00
3.486000e+02 6.465354e+02 1.474096e+00
3.486000e+02 6.499585e+02 1.452650e+00
3.486000e+02 6.507583e+02 1.472399e+00
3.486000e+02 6.512068e+02 1.451825e+00
3.486000e+02 6.518720e+02 1.494710e+00
3.486000e+02 6.531730e+02 1.458191e+00
3.486000e+02 6.495883e+02 1.493185e+00
3.486000e+02 6.518086e+02 1.444370e+00
3.486000e+02 6.535658e+02 1.470253e+00
3.486000e+02 6.528531e+02 1.463024e+00
3.486000e+02 6.532550e+02 1.476114e+00
3.486000e+02 6.538190e+02 1.488604e+00
3.488000e+02 6.661505e+02 1.552883e+00
3.488000e+02 6.641302e+02 1.536739e+00
3.488000e+02 6.628036e+02 1.515218e+00
3.488000e+02 6.641371e+02 1.495870e+00
3.488000e+02 6.648784e+02 1.487793e+00
3.488000e+02 6.640143e+02 1.494697e+00
3.488000e+02 6.624680e+02 1.503352e+00
3.488000e+02 6.620840e+02 1.518003e+00
3.488000e+02 6.648362e+02 1.509539e+00
3.488000e+02 6.635009e+02 1.520768e+00
3.488000e+02 6.661427e+02 1.567452e+00
3.488000e+02 6.661549e+02 1.500628e+00
3.488000e+02 6.671263e+02 1.508919e+00
3.488000e+02 6.641937e+02 1.514295e+00
3.488000e+02 6.629227e+02 1.513999e+00
3.488000e+02 6.603765e+02 1.523443e+00
3.488000e+02 6.634107e+02 1.496890e+00
3.488000e+02 6.616510e+02 1.522657e+00
3.488000e+02 6.651027e+02 1.549829e+00
3.488000e+02 6.643468e+02 1.549765e+00
3.490000e+02 6.732498e+02 1.538961e+00
3.490000e+02 6.727950e+02 1.548661e+00
3.490000e+02 6.730837e+02 1.521224e+00
3.490000e+02 6.736934e+02 1.553068e+00
3.490000e+02 6.733195e+02 1.559135e+00
3.490000e+02 6.734598e+02 1.537229e+00
3.490000e+02 6.739865e+02 1.558417e+00
3.490000e+02 6.736017e+02 1.562490e+00
3.490000e+02 6.735207e+02 1.545999e+00
3.490000e+02 6.723986e+02 1.548767e+00
3.490000e+02 6.719958e+02 1.558080e+00
3.490000e+02 6.742213e+02 1.551789e+00
3.490000e+02 6.745457e+02 1.545639e+00
3.490000e+02 6.728243e+02 1.536333e+00
3.490000e+02 6.712281e+02 1.556577e+00
3.490000e+02 6.717011e+02 1.541183e+00
3.490000e+02 6.742938e+02 1.585028e+00
3.490000e+02 6.719054e+02 1.543370e+00
3.490000e+02 6.756750e+02 1.549588e+00
3.490000e+02 6.738997e+02 1.520843e+00
3.492000e+02 6.831478e+02 1.607753e+00
3.492000e+02 6.834157e+02 1.578921e+00
3.492000e+02 6.822182e+02 1.580226e+00
3.492000e+02 6.838455e+02 1.610788e+00
3.492000e+02 6.826140e+02 1.593048e+00
3.492000e+02 6.818518e+02 1.576900e+00
3.492000e+02 6.829687e+02 1.612802e+00
3.492000e+02 6.810625e+02 1.607170e+00
3.492000e+02 6.850989e+02 1.572988e+00
3.492000e+02 6.823738e+02 1.556286e+00
3.492000e+02 6.814829e+02 1.564576e+00
3.492000e+02 6.863104e+02 1.594574e+00
3.492000e+02 6.815099e+02 1.577424e+00
3.492000e+02 6.832746e+02 1.580596e+00
3.492000e+02 6.847181e+02 1.557653e+00
3.492000e+02 6.845009e+02 1.585483e+00
3.492000e+02 6.844136e+02 1.568995e+00
3.492000e+02 6.816430e+02 1.575038e+00
3.492000e+02 6.831383e+02 1.587660e+00
3.492000e+02 6.823751e+02 1.549658e+00
3.494000e+02 6.908533e+02 1.627668e+00
3.494000e+02 6.910596e+02 1.595324e+00
3.494000e+02 6.935304e+02 1.606841e+00
3.494000e+02 6.926572e+02 1.605687e+00
3.494000e+02 6.912458e+02 1.586832e+00
3.494000e+02 6.932091e+02 1.580382e+00
3.494000e+02 6.905665e+02 1.600919e+00
3.494000e+02 6.917370e+02 1.605933e+00
3.494000e+02 6.906013e+02 1.615285e+00
3.494000e+02 6.914345e+02 1.599742e+00
3.494000e+02 6.909954e+02 1.602718e+00
3.494000e+02 6.932592e+02 1.588390e+00
3.494000e+02 6.904396e+02 1.607996e+00
3.494000e+02 6.910336e+02 1.626685e+00
3.494000e+02 6.904253e+02 1.592707e+00
3.494000e+02 6.922052e+02 1.576108e+00
3.494000e+02 6.949129e+02 1.587855e+00
3.494000e+02 6.935354e+02 1.587460e+00
3.494000e+02 6.953945e+02 1.593512e+00
3.494000e+02 6.901089e+02 1.608059e+00
3.496000e+02 6.990571e+02 1.611675e+00
3.496000e+02 7.009394e+02 1.614204e+00
3.496000e+02 7.025720e+02 1.620049e+00
3.496000e+02 7.014825e+02 1.624123e+00
3.496000e+02 7.005084e+02 1.648663e+00
3.496000e+02 7.001136e+02 1.603867e+00
3.496000e+02 6.993238e+02 1.657249e+00
3.496000e+02 6.992992e+02 1.645095e+00
3.496000e+02 7.003078e+02 1.619297e+00
3.496000e+02 7.002384e+02 1.621452e+00
3.496000e+02 6.991058e+02 1.597884e+00
3.496000e+02 6.990288e+02 1.639827e+00
3.496000e+02 7.022512e+02 1.587607e+00
3.496000e+02 6.967693e+02 1.635329e+00
3.496000e+02 6.989933e+02 1.621674e+00
3.496000e+02 7.032738e+02 1.638798e+00
3.496000e+02 6.995058e+02 1.641429e+00
3.496000e+02 7.008540e+02 1.677909e+00
3.496000e+02 6.990540e+02 1.601610e+00
3.496000e+02 7.001149e+02 1.656778e+00
3.498000e+02 7.082544e+02 1.639754e+00
3.498000e+02 7.036881e+02 1.637530e+00
3.498000e+02 7.102188e+02 1.629475e+00
3.498000e+02 7.057720e+02 1.656520e+00
3.498000e+02 7.097694e+02 1.671305e+00
3.498000e+02 7.112132e+02 1.641196e+00
3.498000e+02 7.072400e+02 1.642998e+00
3.498000e+02 7.069261e+02 1.642303e+00
3.498000e+02 7.096710e+02 1.619858e+00
3.498000e+02 7.069075e+02 1.667564e+00
3.498000e+02 7.076682e+02 1.664546e+00
3.498000e+02 7.088087e+02 1.668820e+00
3.498000e+02 7.078492e+02 1.665212e+00
3.498000e+02 7.058674e+02 1.661853e+00
3.498000e+02 7.059694e+02 1.659701e+00
3.498000e+02 7.096704e+02 1.660857e+00
3.498000e+02 7.079161e+02 1.646180e+00
3.498000e+02 7.069642e+02 1.636797e+00
3.498000e+02 7.089756e+02 1.654847e+00
3.498000e+02 7.078013e+02 1.656733e+00
3.500000e+02 7.182985e+02 1.678972e+00
3.500000e+02 7.166130e+02 1.662105e+00
3.500000e+02 7.179393e+02 1.730621e+00
3.500000e+02 7.157422e+02 1.679153e+00
3.500000e+02 7.135226e+02 1.708961e+00
3.500000e+02 7.130020e+02 1.677398e+00
3.500000e+02 7.141022e+02 1.673758e+00
3.500000e+02 7.138497e+02 1.685075e+00
3.500000e+02 7.160590e+02 1.676835e+00
3.500000e+02 7.159748e+02 1.679973e+00
3.500000e+02 7.137089e+02 1.665513e+00
3.500000e+02 7.154185e+02 1.691444e+00
3.500000e+02 7.165293e+02 1.674409e+00
3.500000e+02 7.149391e+02 1.680042e+00
3.500000e+02 7.115716e+02 1.671609e+00
3.500000e+02 7.150565e+02 1.667380e+00
3.500000e+02 7.145983e+02 1.693328e+00
3.500000e+02 7.147681e+02 1.656517e+00
3.500000e+02 7.150236e+02 1.699750e+00
3.500000e+02 7.141504e+02 1.657806e+00
3.510000e+02 7.474942e+02 1.824437e+00
3.510000e+02 7.468664e+02 1.815268e+00
3.510000e+02 7.451684e+02 1.764352e+00
3.510000e+02 7.422100e+02 1.822883e+00
3.510000e+02 7.467322e+02 1.771004e+00
3.510000e+02 7.462293e+02 1.741341e+00
3.510000e+02 7.455984e+02 1.799824e+00
3.510000e+02 7.440033e+02 1.762207e+00
3.510000e+02 7.466682e+02 1.795075e+00
3.510000e+02 7.468722e+02 1.760192e+00
3.510000e+02 7.439453e+02 1.774008e+00
3.510000e+02 7.452689e+02 1.769977e+00
3.510000e+02 7.478657e+02 1.784500e+00
3.510000e+02 7.451324e+02 1.835048e+00
3.510000e+02 7.485726e+02 1.747942e+00
3.510000e+02 7.452007e+02 1.776822e+00
3.510000e+02 7.457255e+02 1.817909e+00
3.510000e+02 7.468534e+02 1.764488e+00
3.510000e+02 7.465701e+02 1.790851e+00
3.510000e+02 7.453367e+02 1.792132e+00
3.520000e+02 7.700711e+02 1.895870e+00
3.520000e+02 7.693768e+02 1.892800e+00
3.520000e+02 7.706469e+02 1.841941e+00
3.520000e+02 7.681705e+02 1.887963e+00
3.520000e+02 7.689536e+02 1.883237e+00
3.520000e+02 7.699927e+02 1.892306e+00
3.520000e+02 7.722859e+02 1.898398e+00
3.520000e+02 7.714299e+02 1.866510e+00
3.520000e+02 7.698252e+02 1.879860e+00
3.520000e+02 7.712133e+02 1.869918e+00
3.520000e+02 7.689552e+02 1.881058e+00
3.520000e+02 7.698077e+02 1.858492e+00
3.520000e+02 7.708538e+02 1.870215e+00
3.520000e+02 7.712299e+02 1.891014e+00
3.520000e+02 7.683211e+02 1.829319e+00
3.520000e+02 7.707913e+02 1.883101e+00
3.520000e+02 7.721956e+02 1.867515e+00
3.520000e+02 7.707621e+02 1.840551e+00
3.520000e+02 7.716143e+02 1.896378e+00
3.520000e+02 7.745671e+02 1.900287e+00
3.530000e+02 7.904523e+02 1.937425e+00
3.530000e+02 7.924890e+02 1.952789e+00
3.530000e+02 7.902997e+02 1.944349e+00
3.530000e+02 7.914567e+02 1.935910e+00
3.530000e+02 7.901418e+02 1.928942e+00
3.530000e+02 7.900029e+02 1.936869e+00
3.530000e+02 7.906735e+02 1.924298e+00
3.530000e+02 7.922503e+02 1.981383e+00
3.530000e+02 7.938072e+02 1.945678e+00
3.530000e+02 7.894901e+02 1.956960e+00
3.530000e+02 7.883834e+02 1.973423e+00
3.530000e+02 7.882998e+02 2.024352e+00
3.530000e+02 7.907685e+02 1.962362e+00
3.530000e+02 7.916668e+02 1.938433e+00
3.530000e+02 7.897663e+02 1.947719e+00
3.530000e+02 7.932732e+02 1.983547e+00
3.530000e+02 7.889097e+02 1.906022e+00
3.530000e+02 7.922239e+02 1.975716e+00
3.530000e+02 7.897768e+02 1.977442e+00
3.530000e+02 7.883859e+02 1.984560e+00
3.540000e+02 8.082422e+02 1.990947e+00
3.540000e+02 8.082765e+02 2.047389e+00
3.540000e+02 8.097722e+02 2.014114e+00
3.540000e+02 8.075514e+02 2.024344e+00
3.540000e+02 8.078115e+02 2.025577e+00
3.540000e+02 8.063404e+02 2.044137e+00
3.540000e+02 8.080137e+02 2.012847e+00
3.540000e+02 8.044948e+02 2.024862e+00
3.540000e+02 8.071274e+02 1.938686e+00
3.540000e+02 8.068140e+02 2.028513e+00
3.540000e+02 8.086054e+02 2.029061e+00
3.540000e+02 8.083647e+02 1.967417e+00
3.540000e+02 8.095756e+02 1.989500e+00
3.540000e+02 8.075933e+02 2.007133e+00
3.540000e+02 8.059423e+02 2.005241e+00
3.540000e+02 8.091167e+02 1.993963e+00
3.540000e+02 8.067774e+02 2.003729e+00
3.540000e+02 8.105687e+02 1.969522e+00
3.540000e+02 8.068166e+02 1.975813e+00
3.540000e+02 8.104082e+02 2.021107e+00
3.550000e+02 8.229426e+02 2.082605e+00
3.550000e+02 8.220525e+02 2.067699e+00
3.550000e+02 8.202268e+02 2.038463e+00
3.550000e+02 8.211707e+02 2.009022e+00
3.550000e+02 8.205068e+02 2.039126e+00
3.550000e+02 8.206092e+02 2.072069e+00
3.550000e+02 8.204614e+02 2.000373e+00
3.550000e+02 8.239247e+02 2.071040e+00
3.550000e+02 8.225131e+02 2.040252e+00
3.550000e+02 8.242419e+02 2.086424e+00
3.550000e+02 8.226142e+02 2.064402e+00
3.550000e+02 8.198442e+02 2.031713e+00
3.550000e+02 8.264900e+02 2.058858e+00
3.550000e+02 8.218545e+02 2.073857e+00
3.550000e+02 8.254314e+02 2.085537e+00
3.550000e+02 8.256065e+02 2.142950e+00
3.550000e+02 8.227424e+02 2.072547e+00
3.550000e+02 8.200732e+02 2.125623e+00
3.550000e+02 8.237138e+02 2.098387e+00
3.550000e+02 8.245570e+02 2.068538e+00
3.560000e+02 8.396836e+02 2.183703e+00
3.560000e+02 8.354948e+02 2.112350e+00
3.560000e+02 8.332655e+02 2.105901e+00
3.560000e+02 8.360336e+02 2.129672e+00
3.560000e+02 8.357378e+02 2.130111e+00
3.560000e+02 8.315156e+02 2.125086e+00
3.560000e+02 8.348150e+02 2.123902e+00
3.560000e+02 8.400249e+02 2.135654e+00
3.560000e+02 8.391774e+02 2.108886e+00
3.560000e+02 8.350749e+02 2.082406e+00
3.560000e+02 8.339901e+02 2.094690e+00
3.560000e+02 8.380875e+02 2.119039e+00
3.560000e+02 8.361480e+02 2.146968e+00
3.560000e+02 8.372581e+02 2.118799e+00
3.560000e+02 8.399608e+02 2.098631e+00
3.560000e+02 8.359308e+02 2.127867e+00
3.560000e+02 8.380249e+02 2.083101e+00
3.560000e+02 8.381567e+02 2.126184e+00
3.560000e+02 8.390761e+02 2.138808e+00
3.560000e+02 8.361391e+02 2.212810e+00
3.570000e+02 8.448589e+02 2.247269e+00
3.570000e+02 8.502306e+02 2.170384e+00
3.570000e+02 8.486077e+02 2.093108e+00
3.570000e+02 8.489956e+02 2.161084e+00
3.570000e+02 8.455614e+02 2.194286e+00
3.570000e+02 8.500549e+02 2.143059e+00
3.570000e+02 8.480026e+02 2.193867e+00
3.570000e+02 8.457583e+02 2.172017e+00
3.570000e+02 8.482340e+02 2.167273e+00
3.570000e+02 8.456949e+02 2.103078e+00
3.570000e+02 8.494655e+02 2.166814e+00
3.570000e+02 8.514950e+02 2.237192e+00
3.570000e+02 8.473948e+02 2.218784e+00
3.570000e+02 8.501799e+02 2.140141e+00
3.570000e+02 8.454021e+02 2.138899e+00
3.570000e+02 8.469508e+02 2.120109e+00
3.570000e+02 8.510593e+02 2.184321e+00
3.570000e+02 8.470131e+02 2.070787e+00
3.570000e+02 8.483582e+02 2.153195e+00
3.570000e+02 8.452326e+02 2.198102e+00
3.580000e+02 8.596331e+02 2.253273e+00
3.580000e+02 8.569590e+02 2.169182e+00
3.580000e+02 8.561355e+02 2.200473e+00
3.580000e+02 8.568524e+02 2.248054e+00
3.580000e+02 8.592666e+02 2.150976e+00
3.580000e+02 8.592392e+02 2.213330e+00
3.580000e+02 8.583800e+02 2.227294e+00
3.580000e+02 8.595614e+02 2.156422e+00
3.580000e+02 8.597284e+02 2.274140e+00
3.580000e+02 8.573180e+02 2.179147e+00
3.580000e+02 8.607041e+02 2.178324e+00
3.580000e+02 8.611617e+02 2.213359e+00
3.580000e+02 8.585973e+02 2.176138e+00
3.580000e+02 8.607965e+02 2.169257e+00
3.580000e+02 8.571191e+02 2.196456e+00
3.580000e+02 8.598780e+02 2.173298e+00
3.580000e+02 8.573464e+02 2.207141e+00
3.580000e+02 8.550221e+02 2.267025e+00
3.580000e+02 8.584587e+02 2.264077e+00
3.580000e+02 8.603055e+02 2.139598e+00
3.590000e+02 8.706743e+02 2.173781e+00
3.590000e+02 8.705252e+02 2.316575e+00
3.590000e+02 8.672535e+02 2.206151e+00
3.590000e+02 8.671636e+02 2.204639e+00
3.590000e+02 8.694632e+02 2.219780e+00
3.590000e+02 8.692300e+02 2.275176e+00
3.590000e+02 8.681448e+02 2.240437e+00
3.590000e+02 8.658355e+02 2.233872e+00
3.590000e+02 8.684881e+02 2.269782e+00
3.590000e+02 8.677381e+02 2.137932e+00
3.590000e+02 8.689631e+02 2.254053e+00
3.590000e+02 8.688250e+02 2.239408e+00
3.590000e+02 8.685643e+02 2.246352e+00
3.590000e+02 8.687775e+02 2.275415e+00
3.590000e+02 8.663411e+02 2.245244e+00
3.590000e+02 8.733411e+02 2.207741e+00
3.590000e+02 8.683927e+02 2.216296e+00
3.590000e+02 8.665850e+02 2.228266e+00
3.590000e+02 8.647113e+02 2.301561e+00
3.590000e+02 8.622467e+02 2.233588e+00
3.600000e+02 8.795818e+02 2.301306e+00
3.600000e+02 8.777515e+02 2.310189e+00
3.600000e+02 8.747936e+02 2.254589e+00
3.600000e+02 8.808152e+02 2.185964e+00
3.600000e+02 8.815745e+02 2.326684e+00
3.600000e+02 8.811159e+02 2.346326e+00
3.600000e+02 8.762091e+02 2.319386e+00
3.600000e+02 8.755824e+02 2.257925e+00
3.600000e+02 8.791414e+02 2.192104e+00
3.600000e+02 8.795121e+02 2.251840e+00
3.600000e+02 8.742502e+02 2.249847e+00
3.600000e+02 8.821883e+02 2.312892e+00
3.600000e+02 8.772632e+02 2.343611e+00
3.600000e+02 8.810283e+02 2.352745e+00
3.600000e+02 8.785925e+02 2.313700e+00
3.600000e+02 8.770077e+02 2.264978e+00
3.600000e+02 8.753851e+02 2.346513e+00
3.600000e+02 8.809244e+02 2.265764e+00
3.600000e+02 8.765303e+02 2.334569e+00
3.600000e+02 8.770482e+02 2.267280e+00
3.650000e+02 9.103805e+02 2.432108e+00
3.650000e+02 9.089276e+02 2.455567e+00
3.650000e+02 9.122713e+02 2.463002e+00
3.650000e+02 9.142802e+02 2.449326e+00
3.650000e+02 9.123053e+02 2.394012e+00
3.650000e+02 9.127479e+02 2.460876e+00
3.650000e+02 9.115343e+02 2.398863e+00
3.650000e+02 9.124673e+02 2.409113e+00
3.650000e+02 9.111758e+02 2.350145e+00
3.650000e+02 9.161078e+02 2.460760e+00
3.650000e+02 9.100305e+02 2.397850e+00
3.650000e+02 9.144972e+02 2.401522e+00
3.650000e+02 9.094757e+02 2.439600e+00
3.650000e+02 9.126459e+02 2.452193e+00
3.650000e+02 9.136677e+02 2.454068e+00
3.650000e+02 9.105241e+02 2.458476e+00
3.650000e+02 9.109213e+02 2.446234e+00
3.650000e+02 9.193503e+02 2.545221e+00
3.650000e+02 9.131587e+02 2.401377e+00
3.650000e+02 9.153950e+02 2.410847e+00
3.700000e+02 9.358223e+02 2.532748e+00
3.700000e+02 9.323527e+02 2.471099e+00
3.700000e+02 9.348943e+02 2.547461e+00
3.700000e+02 9.379373e+02 2.541710e+00
3.700000e+02 9.388989e+02 2.519661e+00
3.700000e+02 9.371821e+02 2.528258e+00
3.700000e+02 9.384169e+02 2.652611e+00
3.700000e+02 9.380417e+02 2.594569e+00
3.700000e+02 9.344538e+02 2.621922e+00
3.700000e+02 9.308560e+02 2.493524e+00
3.700000e+02 9.358640e+02 2.497709e+00
3.700000e+02 9.399847e+02 2.504336e+00
3.700000e+02 9.364686e+02 2.460794e+00
3.700000e+02 9.334050e+02 2.600944e+00
3.700000e+02 9.399622e+02 2.557583e+00
3.700000e+02 9.394339e+02 2.568500e+00
3.700000e+02 9.346905e+02 2.564737e+00
3.700000e+02 9.319672e+02 2.548395e+00
3.700000e+02 9.384608e+02 2.485893e+00
3.700000e+02 9.398169e+02 2.533031e+00
3.750000e+02 9.510201e+02 2.650114e+00
3.750000e+02 9.547837e+02 2.718877e+00
3.750000e+02 9.560557e+02 2.626845e+00
3.750000e+02 9.547019e+02 2.739465e+00
3.750000e+02 9.510452e+02 2.628337e+00
3.750000e+02 9.571533e+02 2.743193e+00
3.750000e+02 9.555327e+02 2.629724e+00
3.750000e+02 9.530315e+02 2.641322e+00
3.750000e+02 9.551004e+02 2.658635e+00
3.750000e+02 9.546125e+02 2.671323e+00
3.750000e+02 9.504035e+02 2.614718e+00
3.750000e+02 9.553896e+02 2.685443e+00
3.750000e+02 9.520146e+02 2.728114e+00
3.750000e+02 9.511350e+02 2.682842e+00
3.750000e+02 9.545760e+02 2.681559e+00
3.750000e+02 9.496523e+02 2.677918e+00
3.750000e+02 9.559338e+02 2.591527e+00
3.750000e+02 9.509110e+02 2.605915e+00
3.750000e+02 9.563436e+02 2.736520e+00
3.750000e+02 9.562302e+02 2.669144e+00
3.800000e+02 9.691259e+02 2.866572e+00
3.800000e+02 9.679416e+02 2.791701e+00
3.800000e+02 9.665436e+02 2.720727e+00
3.800000e+02 9.683102e+02 2.787351e+00
3.800000e+02 9.640014e+02 2.722653e+00
3.800000e+02 9.660952e+02 2.769970e+00
3.800000e+02 9.688428e+02 2.802182e+00
3.800000e+02 9.690424e+02 2.823802e+00
3.800000e+02 9.696855e+02 2.774762e+00
3.800000e+02 9.669118e+02 2.806401e+00
3.800000e+02 9.651714e+02 2.791777e+00
3.800000e+02 9.669231e+02 2.781956e+00
3.800000e+02 9.647584e+02 2.821457e+00
3.800000e+02 9.611307e+02 2.768128e+00
3.800000e+02 9.656825e+02 2.773154e+00
3.800000e+02 9.726416e+02 2.731473e+00
3.800000e+02 9.641010e+02 2.755017e+00
3.800000e+02 9.602557e+02 2.745973e+00
3.800000e+02 9.651958e+02 2.806075e+00
3.800000e+02 9.615294e+02 2.802988e+00
3.850000e+02 9.765453e+02 2.825204e+00
3.850000e+02 9.771899e+02 2.818415e+00
3.850000e+02 9.729025e+02 2.754304e+00
3.850000e+02 9.726458e+02 2.701118e+00
3.850000e+02 9.762914e+02 2.827537e+00
3.850000e+02 9.697146e+02 2.763353e+00
3.850000e+02 9.696044e+02 2.784708e+00
3.850000e+02 9.750939e+02 2.806422e+00
3.850000e+02 9.702357e+02 2.796696e+00
3.850000e+02 9.776763e+02 2.828614e+00
3.850000e+02 9.760387e+02 2.810636e+00
3.850000e+02 9.766118e+02 2.763986e+00
3.850000e+02 9.741260e+02 2.918553e+00
3.850000e+02 9.728874e+02 2.773835e+00
3.850000e+02 9.764581e+02 2.903581e+00
3.850000e+02 9.751751e+02 2.856050e+00
3.850000e+02 9.751704e+02 2.878133e+00
3.850000e+02 9.734696e+02 2.906821e+00
3.850000e+02 9.744039e+02 2.815221e+00
3.850000e+02 9.770712e+02 2.819367e+00
3.900000e+02 9.752518e+02 2.865703e+00
3.900000e+02 9.852285e+02 2.874782e+00
3.900000e+02 9.776422e+02 2.775800e+00
3.900000e+02 9.761450e+02 2.744591e+00
3.900000e+02 9.786058e+02 2.921610e+00
3.900000e+02 9.778292e+02 2.835245e+00
3.900000e+02 9.793176e+02 2.874086e+00
3.900000e+02 9.832257e+02 2.855595e+00
3.900000e+02 9.773205e+02 2.894241e+00
3.900000e+02 9.749656e+02 2.877232e+00
3.900000e+02 9.812927e+02 2.807449e+00
3.900000e+02 9.814385e+02 2.871511e+00
3.900000e+02 9.827113e+02 2.910100e+00
3.900000e+02 9.803615e+02 2.985712e+00
3.900000e+02 9.801927e+02 2.861796e+00
3.900000e+02 9.799951e+02 2.879493e+00
3.900000e+02 9.777954e+02 2.890309e+00
3.900000e+02 9.732439e+02 2.879974e+00
3.900000e+02 9.835964e+02 2.922784e+00
3.900000e+02 9.798459e+02 2.851365e+00
4.184256e+02 9.672463e+02 2.994140e+00
4.184256e+02 9.636270e+02 2.796523e+00
4.184256e+02 9.670070e+02 2.966367e+00
4.184256e+02 9.644357e+02 2.868706e+00
4.184256e+02 9.674869e+02 2.929532e+00
4.184256e+02 9.712962e+02 2.887470e+00
4.184256e+02 9.685893e+02 2.844955e+00
4.184256e+02 9.683296e+02 2.891427e+00
4.184256e+02 9.643955e+02 2.934981e+00
4.184256e+02 9.716543e+02 3.017885e+00
4.184256e+02 9.663507e+02 2.834616e+00
4.184256e+02 9.643710e+02 2.891244e+00
4.184256e+02 9.643772e+02 2.920983e+00
4.184256e+02 9.644170e+02 2.776350e+00
4.184256e+02 9.681793e+02 2.872273e+00
4.184256e+02 9.660860e+02 2.856069e+00
4.184256e+02 9.598613e+02 2.854854e+00
4.184256e+02 9.641610e+02 2.792645e+00
4.184256e+02 9.695977e+02 2.814265e+00
4.184256e+02 9.705670e+02 2.957763e+00
4.489231e+02 9.254093e+02 2.740208e+00
4.489231e+02 9.240352e+02 2.783396e+00
4.489231e+02 9.200808e+02 2.697172e+00
4.489231e+02 9.230102e+02 2.814592e+00
4.489231e+02 9.211785e+02 2.724609e+00
4.489231e+02 9.153146e+02 2.788123e+00
4.489231e+02 9.230352e+02 2.749463e+00
4.489231e+02 9.221451e+02 2.716558e+00
4.489231e+02 9.220955e+02 2.668303e+00
4.489231e+02 9.223377e+02 2.751899e+00
4.489231e+02 9.182698e+02 2.772082e+00
4.489231e+02 9.209946e+02 2.684397e+00
4.489231e+02 9.190373e+02 2.738556e+00
4.489231e+02 9.213242e+02 2.754661e+00
4.489231e+02 9.198864e+02 2.686491e+00
4.489231e+02 9.226831e+02 2.735322e+00
4.489231e+02 9.243587e+02 2.668926e+00
4.489231e+02 9.186966e+02 2.800060e+00
4.489231e+02 9.201222e+02 2.697506e+00
4.489231e+02 9.211285e+02 2.702504e+00
4.816434e+02 8.580051e+02 2.534353e+00
4.816434e+02 8.609056e+02 2.485239e+00
4.816434e+02 8.630536e+02 2.447795e+00
4.816434e+02 8.594334e+02 2.526501e+00
4.816434e+02 8.580206e+02 2.507075e+00
4.816434e+02 8.618485e+02 2.543181e+00
4.816434e+02 8.608319e+02 2.548815e+00
4.816434e+02 8.608046e+02 2.563625e+00
4.816434e+02 8.683945e+02 2.548015e+00
4.816434e+02 8.649447e+02 2.541036e+00
4.816434e+02 8.618759e+02 2.550278e+00
4.816434e+02 8.584712e+02 2.470874e+00
4.816434e+02 8.625437e+02 2.566932e+00
4.816434e+02 8.634454e+02 2.486930e+00
4.816434e+02 8.635810e+02 2.419817e+00
4.816434e+02 8.607520e+02 2.447574e+00
4.816434e+02 8.596187e+02 2.605919e+00
4.816434e+02 8.607832e+02 2.608371e+00
4.816434e+02 8.630808e+02 2.516996e+00
5.167486e+02 7.940203e+02 2.307178e+00
5.167486e+02 7.960602e+02 2.298322e+00
5.167486e+02 7.939739e+02 2.276762e+00
5.167486e+02 7.928813e+02 2.317542e+00
5.167486e+02 7.959196e+02 2.272816e+00
5.167486e+02 7.910717e+02 2.383913e+00
5.167486e+02 7.947069e+02 2.312717e+00
5.167486e+02 7.926130e+02 2.305418e+00
5.167486e+02 7.960351e+02 2.286046e+00
5.167486e+02 7.965803e+02 2.295168e+00
5.167486e+02 7.945942e+02 2.296435e+00
5.167486e+02 7.930214e+02 2.285431e+00
5.167486e+02 7.959691e+02 2.275734e+00
5.167486e+02 7.941579e+02 2.384981e+00
5.167486e+02 7.990398e+02 2.290235e+00
5.167486e+02 7.932853e+02 2.232145e+00
5.167486e+02 7.960839e+02 2.343005e+00
5.167486e+02 7.962585e+02 2.228856e+00
5.167486e+02 7.936255e+02 2.332517e+00
5.167486e+02 7.971864e+02 2.263585e+00
5.544125e+02 7.244482e+02 2.119455e+00
5.544125e+02 7.203424e+02 2.051686e+00
5.544125e+02 7.255078e+02 2.091158e+00
5.544125e+02 7.292310e+02 2.012731e+00
5.544125e+02 7.274740e+02 2.024639e+00
5.544125e+02 7.255338e+02 2.056584e+00
5.544125e+02 7.224065e+02 2.042955e+00
5.544125e+02 7.256094e+02 2.107801e+00
5.544125e+02 7.232546e+02 2.070295e+00
5.544125e+02 7.274673e+02 2.041992e+00
5.544125e+02 7.275381e+02 2.056435e+00
5.544125e+02 7.276306e+02 2.081991e+00
5.544125e+02 7.246718e+02 2.102409e+00
5.544125e+02 7.261656e+02 2.054935e+00
5.544125e+02 7.311506e+02 2.090257e+00
5.544125e+02 7.261563e+02 2.097549e+00
5.544125e+02 7.243772e+02 2.097167e+00
5.544125e+02 7.221661e+02 2.103317e+00
5.948215e+02 6.588132e+02 1.897052e+00
5.948215e+02 6.592731e+02 1.845978e+00
5.948215e+02 6.611787e+02 1.873674e+00
5.948215e+02 6.639094e+02 1.894629e+00
5.948215e+02 6.605982e+02 1.862517e+00
5.948215e+02 6.617702e+02 1.863417e+00
5.948215e+02 6.593687e+02 1.847013e+00
5.948215e+02 6.596773e+02 1.905825e+00
5.948215e+02 6.580123e+02 1.842819e+00
5.948215e+02 6.574151e+02 1.889579e+00
5.948215e+02 6.581984e+02 1.877176e+00
5.948215e+02 6.608923e+02 1.876707e+00
5.948215e+02 6.617308e+02 1.842284e+00
5.948215e+02 6.617821e+02 1.906893e+00
5.948215e+02 6.595493e+02 1.899331e+00
5.948215e+02 6.589341e+02 1.848347e+00
5.948215e+02 6.592736e+02 1.889579e+00
5.948215e+02 6.602511e+02 1.877145e+00
6.381758e+02 5.975348e+02 1.687243e+00
6.381758e+02 5.984134e+02 1.645503e+00
6.381758e+02 5.952092e+02 1.660935e+00
6.381758e+02 5.964749e+02 1.650550e+00
6.381758e+02 5.991495e+02 1.678065e+00
6.381758e+02 5.958085e+02 1.675099e+00
6.381758e+02 5.947566e+02 1.662437e+00
6.381758e+02 5.982649e+02 1.633127e+00
6.381758e+02 5.946298e+02 1.673551e+00
6.381758e+02 5.977530e+02 1.717402e+00
6.381758e+02 5.953482e+02 1.678415e+00
6.381758e+02 5.946154e+02 1.721047e+00
6.381758e+02 5.945475e+02 1.651240e+00
6.381758e+02 5.941543e+02 1.674125e+00
6.381758e+02 5.988110e+02 1.670171e+00
