1.044278e+03 2.316547e+02 4.175301e-01
1.044278e+03 2.322027e+02 3.911940e-01
1.044278e+03 2.322597e+02 3.973034e-01
1.044278e+03 2.326343e+02 4.167527e-01
1.044278e+03 2.311598e+02 4.049585e-01
1.044278e+03 2.321768e+02 3.957070e-01
1.044278e+03 2.327332e+02 4.123479e-01
1.044278e+03 2.321663e+02 3.854103e-01
1.044278e+03 2.317119e+02 4.029833e-01
1.044278e+03 2.316835e+02 3.948528e-01
1.044278e+03 2.322407e+02 4.240184e-01
1.044278e+03 2.325548e+02 4.019396e-01
1.044278e+03 2.329415e+02 3.866680e-01
1.044278e+03 2.326376e+02 4.101576e-01
1.044278e+03 2.320871e+02 3.916672e-01
1.044278e+03 2.325916e+02 4.088729e-01
1.044278e+03 2.321518e+02 4.116746e-01
1.044278e+03 2.318312e+02 4.220710e-01
1.120391e+03 2.063991e+02 3.513907e-01
1.120391e+03 2.072497e+02 3.752252e-01
1.120391e+03 2.068141e+02 3.513736e-01
1.120391e+03 2.066621e+02 3.722912e-01
1.120391e+03 2.070255e+02 3.351331e-01
1.120391e+03 2.059014e+02 3.507765e-01
1.120391e+03 2.067043e+02 3.536772e-01
1.120391e+03 2.067818e+02 3.661159e-01
1.120391e+03 2.065372e+02 3.532691e-01
1.120391e+03 2.067915e+02 3.694071e-01
1.120391e+03 2.062519e+02 3.423550e-01
1.120391e+03 2.069445e+02 3.611027e-01
1.120391e+03 2.065157e+02 3.675237e-01
1.120391e+03 2.066320e+02 3.612023e-01
1.120391e+03 2.066219e+02 3.441516e-01
1.120391e+03 2.076202e+02 3.420753e-01
1.120391e+03 2.066754e+02 3.628337e-01
1.120391e+03 2.061791e+02 3.536749e-01
1.120391e+03 2.070743e+02 3.459644e-01
1.120391e+03 2.062974e+02 3.453047e-01
1.202053e+03 1.840002e+02 3.310790e-01
1.202053e+03 1.839176e+02 3.276215e-01
1.202053e+03 1.840983e+02 3.081865e-01
1.202053e+03 1.839175e+02 3.113646e-01
1.202053e+03 1.842767e+02 3.160832e-01
1.202053e+03 1.844316e+02 3.052360e-01
1.202053e+03 1.847038e+02 3.246863e-01
1.202053e+03 1.838811e+02 3.104584e-01
1.202053e+03 1.836539e+02 3.305200e-01
1.202053e+03 1.846207e+02 3.136534e-01
1.202053e+03 1.842583e+02 2.973176e-01
1.202053e+03 1.844791e+02 3.205126e-01
1.202053e+03 1.844430e+02 3.138516e-01
1.202053e+03 1.841981e+02 3.010147e-01
1.202053e+03 1.844609e+02 3.054340e-01
1.202053e+03 1.844591e+02 3.045770e-01
1.202053e+03 1.838337e+02 3.080680e-01
1.202053e+03 1.837356e+02 3.314647e-01
1.202053e+03 1.841912e+02 3.127620e-01
1.202053e+03 1.839521e+02 3.119781e-01
1.289666e+03 1.645069e+02 2.740084e-01
1.289666e+03 1.640893e+02 2.801194e-01
1.289666e+03 1.641919e+02 2.751060e-01
1.289666e+03 1.638248e+02 3.000917e-01
1.289666e+03 1.643655e+02 2.916367e-01
1.289666e+03 1.636756e+02 2.877323e-01
1.289666e+03 1.639563e+02 2.876713e-01
1.289666e+03 1.641884e+02 2.707459e-01
1.289666e+03 1.642040e+02 2.703334e-01
1.289666e+03 1.641217e+02 2.718437e-01
1.289666e+03 1.643868e+02 2.827876e-01
1.289666e+03 1.643427e+02 2.880283e-01
1.289666e+03 1.638331e+02 2.635994e-01
1.289666e+03 1.641796e+02 2.941803e-01
1.289666e+03 1.638250e+02 2.777992e-01
1.289666e+03 1.641954e+02 2.605341e-01
1.289666e+03 1.640096e+02 2.768941e-01
1.289666e+03 1.645169e+02 2.718599e-01
1.289666e+03 1.643369e+02 2.769526e-01
1.289666e+03 1.637096e+02 2.864075e-01
1.383665e+03 1.463780e+02 2.485941e-01
1.383665e+03 1.461256e+02 2.335082e-01
1.383665e+03 1.461786e+02 2.515894e-01
1.383665e+03 1.460051e+02 2.512604e-01
1.383665e+03 1.460152e+02 2.440033e-01
1.383665e+03 1.459814e+02 2.593159e-01
1.383665e+03 1.462436e+02 2.468984e-01
1.383665e+03 1.458964e+02 2.460526e-01
1.383665e+03 1.462469e+02 2.342342e-01
1.383665e+03 1.462736e+02 2.480191e-01
1.383665e+03 1.461185e+02 2.528281e-01
1.383665e+03 1.462735e+02 2.473932e-01
1.383665e+03 1.465648e+02 2.524259e-01
1.383665e+03 1.468137e+02 2.514322e-01
1.383665e+03 1.464195e+02 2.398386e-01
1.383665e+03 1.464152e+02 2.376296e-01
1.383665e+03 1.462688e+02 2.301709e-01
1.383665e+03 1.465951e+02 2.555245e-01
1.383665e+03 1.461068e+02 2.556379e-01
1.484515e+03 1.304786e+02 2.183420e-01
1.484515e+03 1.303617e+02 2.225895e-01
1.484515e+03 1.300468e+02 2.283319e-01
1.484515e+03 1.305664e+02 2.112882e-01
1.484515e+03 1.306158e+02 2.271350e-01
1.484515e+03 1.307208e+02 2.170048e-01
1.484515e+03 1.301596e+02 2.066361e-01
1.484515e+03 1.304070e+02 2.186262e-01
1.484515e+03 1.307425e+02 2.261109e-01
1.484515e+03 1.300780e+02 2.181578e-01
1.484515e+03 1.301417e+02 2.145201e-01
1.484515e+03 1.306045e+02 2.280789e-01
1.484515e+03 1.299425e+02 2.221625e-01
1.484515e+03 1.303564e+02 2.206795e-01
1.484515e+03 1.307562e+02 2.324225e-01
1.484515e+03 1.305944e+02 2.212383e-01
1.484515e+03 1.301753e+02 2.201396e-01
1.484515e+03 1.303422e+02 2.314025e-01
1.592715e+03 1.162061e+02 1.957481e-01
1.592715e+03 1.163162e+02 1.894338e-01
1.592715e+03 1.162081e+02 1.875488e-01
1.592715e+03 1.158169e+02 1.720651e-01
1.592715e+03 1.166012e+02 1.999981e-01
1.592715e+03 1.164360e+02 1.741226e-01
1.592715e+03 1.162511e+02 1.996874e-01
1.592715e+03 1.162507e+02 2.024405e-01
1.592715e+03 1.162537e+02 1.903879e-01
1.592715e+03 1.162339e+02 1.954834e-01
1.592715e+03 1.161546e+02 1.992326e-01
1.592715e+03 1.164062e+02 1.903815e-01
1.592715e+03 1.158738e+02 2.030119e-01
1.592715e+03 1.165063e+02 1.948636e-01
1.592715e+03 1.161236e+02 1.890276e-01
1.592715e+03 1.162492e+02 2.014398e-01
1.592715e+03 1.166176e+02 1.900520e-01
1.592715e+03 1.164049e+02 1.845690e-01
1.592715e+03 1.164393e+02 2.035123e-01
1.708802e+03 1.037570e+02 1.757259e-01
1.708802e+03 1.037274e+02 1.700615e-01
1.708802e+03 1.037582e+02 1.846246e-01
1.708802e+03 1.035317e+02 1.831825e-01
1.708802e+03 1.037026e+02 1.607638e-01
1.708802e+03 1.037727e+02 1.684547e-01
1.708802e+03 1.036012e+02 1.716002e-01
1.708802e+03 1.039060e+02 1.745952e-01
1.708802e+03 1.039053e+02 1.586883e-01
1.708802e+03 1.035715e+02 1.697340e-01
1.708802e+03 1.036020e+02 1.720683e-01
1.708802e+03 1.037191e+02 1.788562e-01
1.708802e+03 1.036006e+02 1.685709e-01
1.708802e+03 1.032683e+02 1.756893e-01
1.708802e+03 1.039034e+02 1.707159e-01
1.708802e+03 1.038731e+02 1.700971e-01
1.708802e+03 1.033415e+02 1.728983e-01
1.708802e+03 1.038233e+02 1.688343e-01
1.708802e+03 1.037267e+02 1.687981e-01
1.833351e+03 9.273062e+01 1.524055e-01
1.833351e+03 9.276070e+01 1.529217e-01
1.833351e+03 9.258491e+01 1.489382e-01
1.833351e+03 9.260614e+01 1.498935e-01
1.833351e+03 9.251865e+01 1.493289e-01
1.833351e+03 9.267288e+01 1.517003e-01
1.833351e+03 9.245483e+01 1.436003e-01
1.833351e+03 9.237410e+01 1.498619e-01
1.833351e+03 9.232186e+01 1.630426e-01
1.833351e+03 9.251807e+01 1.452189e-01
1.833351e+03 9.258165e+01 1.520358e-01
1.833351e+03 9.242949e+01 1.417094e-01
1.833351e+03 9.232290e+01 1.533498e-01
1.833351e+03 9.258977e+01 1.541961e-01
1.833351e+03 9.273506e+01 1.616559e-01
1.833351e+03 9.251372e+01 1.596110e-01
1.833351e+03 9.263993e+01 1.535507e-01
1.966977e+03 8.234631e+01 1.287786e-01
1.966977e+03 8.233001e+01 1.371176e-01
1.966977e+03 8.258972e+01 1.379457e-01
1.966977e+03 8.275940e+01 1.318834e-01
1.966977e+03 8.240094e+01 1.285020e-01
1.966977e+03 8.238844e+01 1.309400e-01
1.966977e+03 8.260574e+01 1.358867e-01
1.966977e+03 8.264363e+01 1.325152e-01
1.966977e+03 8.233976e+01 1.368076e-01
1.966977e+03 8.273103e+01 1.324838e-01
1.966977e+03 8.247907e+01 1.311879e-01
1.966977e+03 8.273514e+01 1.289264e-01
1.966977e+03 8.263036e+01 1.333367e-01
1.966977e+03 8.240563e+01 1.325221e-01
1.966977e+03 8.253774e+01 1.371179e-01
1.966977e+03 8.268387e+01 1.302108e-01
1.966977e+03 8.243434e+01 1.356498e-01
1.966977e+03 8.246491e+01 1.325508e-01
2.110342e+03 7.390092e+01 1.149848e-01
2.110342e+03 7.401852e+01 1.184338e-01
2.110342e+03 7.373186e+01 1.203087e-01
2.110342e+03 7.363657e+01 1.173198e-01
2.110342e+03 7.378555e+01 1.191764e-01
2.110342e+03 7.379401e+01 1.200943e-01
2.110342e+03 7.363909e+01 1.075885e-01
2.110342e+03 7.376053e+01 1.177335e-01
2.110342e+03 7.362591e+01 1.192553e-01
2.110342e+03 7.376905e+01 1.174202e-01
2.110342e+03 7.376310e+01 1.183668e-01
2.110342e+03 7.379454e+01 1.131279e-01
2.110342e+03 7.386347e+01 1.153178e-01
2.110342e+03 7.371061e+01 1.155720e-01
2.110342e+03 7.390073e+01 1.279625e-01
2.110342e+03 7.397850e+01 1.180470e-01
2.110342e+03 7.374655e+01 1.151778e-01
2.110342e+03 7.371171e+01 1.179753e-01
2.110342e+03 7.386307e+01 1.166925e-01
2.110342e+03 7.396130e+01 1.142939e-01
2.264157e+03 6.583283e+01 1.025983e-01
2.264157e+03 6.582836e+01 1.004709e-01
2.264157e+03 6.586703e+01 1.029287e-01
2.264157e+03 6.574047e+01 1.003895e-01
2.264157e+03 6.580046e+01 1.016918e-01
2.264157e+03 6.569630e+01 1.040813e-01
2.264157e+03 6.592346e+01 1.040881e-01
2.264157e+03 6.591173e+01 1.055375e-01
2.264157e+03 6.590786e+01 9.984614e-02
2.264157e+03 6.601576e+01 1.064070e-01
2.264157e+03 6.584411e+01 1.033180e-01
2.264157e+03 6.595331e+01 1.062739e-01
2.264157e+03 6.596206e+01 1.042188e-01
2.264157e+03 6.596658e+01 1.029090e-01
2.264157e+03 6.601583e+01 1.053941e-01
2.264157e+03 6.585338e+01 1.019845e-01
2.264157e+03 6.599372e+01 1.080076e-01
2.264157e+03 6.595172e+01 1.026759e-01
2.264157e+03 6.585625e+01 9.832284e-02
2.429183e+03 5.884315e+01 9.399254e-02
2.429183e+03 5.913472e+01 9.845568e-02
2.429183e+03 5.886917e+01 9.149908e-02
2.429183e+03 5.881552e+01 8.833540e-02
2.429183e+03 5.874464e+01 9.194101e-02
2.429183e+03 5.879600e+01 8.863885e-02
2.429183e+03 5.900990e+01 8.863068e-02
2.429183e+03 5.883436e+01 9.418284e-02
2.429183e+03 5.878405e+01 9.239770e-02
2.429183e+03 5.892554e+01 9.018538e-02
2.429183e+03 5.887136e+01 9.342554e-02
2.429183e+03 5.894884e+01 9.317665e-02
2.429183e+03 5.886832e+01 9.174459e-02
2.429183e+03 5.885057e+01 9.506319e-02
2.429183e+03 5.884854e+01 9.169285e-02
2.429183e+03 5.899332e+01 9.441550e-02
2.429183e+03 5.883059e+01 8.796969e-02
2.429183e+03 5.876178e+01 9.369674e-02
2.429183e+03 5.885736e+01 9.047598e-02
2.429183e+03 5.904730e+01 9.057580e-02
2.606237e+03 5.254693e+01 8.252603e-02
2.606237e+03 5.252801e+01 8.310794e-02
2.606237e+03 5.245137e+01 7.933348e-02
2.606237e+03 5.266053e+01 8.226060e-02
2.606237e+03 5.254412e+01 8.436242e-02
2.606237e+03 5.266507e+01 8.299559e-02
2.606237e+03 5.260168e+01 8.182004e-02
2.606237e+03 5.255906e+01 8.266119e-02
2.606237e+03 5.270164e+01 8.062873e-02
2.606237e+03 5.259125e+01 8.029205e-02
2.606237e+03 5.250663e+01 7.857116e-02
2.606237e+03 5.269876e+01 7.898220e-02
2.606237e+03 5.251702e+01 8.014119e-02
2.606237e+03 5.261568e+01 7.762658e-02
2.606237e+03 5.269717e+01 8.118982e-02
2.606237e+03 5.279049e+01 7.900184e-02
2.606237e+03 5.272161e+01 8.143650e-02
2.606237e+03 5.246527e+01 8.507077e-02
2.606237e+03 5.264993e+01 7.712737e-02
2.606237e+03 5.263186e+01 8.067442e-02
2.796196e+03 4.698350e+01 7.132832e-02
2.796196e+03 4.703703e+01 7.317081e-02
2.796196e+03 4.710772e+01 7.315961e-02
2.796196e+03 4.700889e+01 7.111814e-02
2.796196e+03 4.699188e+01 7.351451e-02
2.796196e+03 4.702825e+01 7.289537e-02
2.796196e+03 4.703970e+01 7.294859e-02
2.796196e+03 4.700374e+01 7.121587e-02
2.796196e+03 4.710701e+01 7.335917e-02
2.796196e+03 4.695441e+01 7.229866e-02
2.796196e+03 4.714498e+01 7.026360e-02
2.796196e+03 4.706363e+01 7.408731e-02
2.796196e+03 4.702150e+01 7.397763e-02
2.796196e+03 4.699545e+01 7.338204e-02
2.796196e+03 4.699420e+01 6.948881e-02
2.796196e+03 4.701547e+01 7.089177e-02
2.796196e+03 4.701460e+01 7.170264e-02
2.796196e+03 4.699906e+01 7.311543e-02
2.796196e+03 4.709435e+01 7.562614e-02
3.000000e+03 4.197282e+01 6.254707e-02
3.000000e+03 4.209408e+01 6.412079e-02
3.000000e+03 4.216604e+01 6.632156e-02
3.000000e+03 4.198302e+01 6.577010e-02
3.000000e+03 4.210853e+01 6.456959e-02
3.000000e+03 4.223667e+01 6.631240e-02
3.000000e+03 4.212123e+01 6.208266e-02
3.000000e+03 4.211049e+01 6.359534e-02
3.000000e+03 4.213102e+01 6.510988e-02
3.000000e+03 4.206207e+01 6.553355e-02
3.000000e+03 4.211540e+01 6.284351e-02
3.000000e+03 4.199585e+01 6.695291e-02
3.000000e+03 4.210703e+01 6.906724e-02
3.000000e+03 4.210784e+01 6.643173e-02
3.000000e+03 4.195085e+01 6.500805e-02
3.000000e+03 4.203858e+01 6.843042e-02
3.000000e+03 4.203472e+01 6.484519e-02
3.000000e+03 4.201543e+01 6.608660e-02
3.000000e+03 4.194167e+01 6.600771e-02
3.000000e+03 4.207815e+01 6.525440e-02
3.250000e+02 9.445926e+00 1.451107e-02
3.250000e+02 9.434081e+00 1.461197e-02
3.250000e+02 9.438798e+00 1.460927e-02
3.250000e+02 9.477456e+00 1.459274e-02
3.250000e+02 9.450159e+00 1.449675e-02
3.250000e+02 9.461428e+00 1.450427e-02
3.250000e+02 9.453250e+00 1.460045e-02
3.250000e+02 9.449039e+00 1.457423e-02
3.250000e+02 9.462765e+00 1.464690e-02
3.250000e+02 9.457860e+00 1.453560e-02
3.250000e+02 9.461336e+00 1.467346e-02
3.250000e+02 9.475617e+00 1.451270e-02
3.250000e+02 9.463396e+00 1.467333e-02
3.250000e+02 9.450033e+00 1.472990e-02
3.250000e+02 9.459966e+00 1.466061e-02
3.250000e+02 9.443704e+00 1.448112e-02
3.250000e+02 9.446766e+00 1.447428e-02
3.250000e+02 9.439377e+00 1.453711e-02
3.250000e+02 9.441571e+00 1.447266e-02
3.250000e+02 9.448415e+00 1.456175e-02
3.260000e+02 9.910705e+00 1.536318e-02
3.260000e+02 9.904986e+00 1.525610e-02
3.260000e+02 9.892409e+00 1.532326e-02
3.260000e+02 9.901210e+00 1.526478e-02
3.260000e+02 9.880989e+00 1.532588e-02
3.260000e+02 9.894315e+00 1.530744e-02
3.260000e+02 9.895717e+00 1.545216e-02
3.260000e+02 9.896902e+00 1.536589e-02
3.260000e+02 9.893153e+00 1.529186e-02
3.260000e+02 9.914342e+00 1.544980e-02
3.260000e+02 9.906805e+00 1.525253e-02
3.260000e+02 9.913379e+00 1.530185e-02
3.260000e+02 9.927876e+00 1.542499e-02
3.260000e+02 9.907317e+00 1.520776e-02
3.260000e+02 9.909860e+00 1.529106e-02
3.260000e+02 9.932649e+00 1.546945e-02
3.260000e+02 9.921376e+00 1.532724e-02
3.260000e+02 9.902923e+00 1.530899e-02
3.260000e+02 9.921881e+00 1.538971e-02
3.260000e+02 9.904864e+00 1.527393e-02
3.270000e+02 1.036117e+01 1.616155e-02
3.270000e+02 1.037271e+01 1.626787e-02
3.270000e+02 1.038664e+01 1.597948e-02
3.270000e+02 1.037269e+01 1.631763e-02
3.270000e+02 1.040954e+01 1.630031e-02
3.270000e+02 1.040620e+01 1.623676e-02
3.270000e+02 1.042300e+01 1.641173e-02
3.270000e+02 1.039362e+01 1.618838e-02
3.270000e+02 1.041272e+01 1.623806e-02
3.270000e+02 1.042250e+01 1.613019e-02
3.270000e+02 1.037933e+01 1.620746e-02
3.270000e+02 1.036388e+01 1.613948e-02
3.270000e+02 1.038414e+01 1.601154e-02
3.270000e+02 1.040379e+01 1.603054e-02
3.270000e+02 1.038722e+01 1.618532e-02
3.270000e+02 1.039335e+01 1.632166e-02
3.270000e+02 1.038632e+01 1.619496e-02
3.270000e+02 1.039633e+01 1.621455e-02
3.270000e+02 1.040447e+01 1.618543e-02
3.270000e+02 1.040414e+01 1.649432e-02
3.280000e+02 1.093970e+01 1.732052e-02
3.280000e+02 1.090253e+01 1.722278e-02
3.280000e+02 1.091796e+01 1.706292e-02
3.280000e+02 1.090884e+01 1.698172e-02
3.280000e+02 1.092244e+01 1.715870e-02
3.280000e+02 1.091086e+01 1.708288e-02
3.280000e+02 1.095968e+01 1.695650e-02
3.280000e+02 1.090457e+01 1.721586e-02
3.280000e+02 1.094184e+01 1.698277e-02
3.280000e+02 1.091910e+01 1.716297e-02
3.280000e+02 1.092435e+01 1.701446e-02
3.280000e+02 1.091840e+01 1.709811e-02
3.280000e+02 1.091311e+01 1.714920e-02
3.280000e+02 1.091566e+01 1.703404e-02
3.280000e+02 1.093033e+01 1.712175e-02
3.280000e+02 1.089707e+01 1.707032e-02
3.280000e+02 1.092396e+01 1.696251e-02
3.280000e+02 1.090847e+01 1.721507e-02
3.280000e+02 1.092665e+01 1.706118e-02
3.280000e+02 1.089162e+01 1.697590e-02
3.290000e+02 1.148787e+01 1.824569e-02
3.290000e+02 1.148964e+01 1.815482e-02
3.290000e+02 1.144537e+01 1.816590e-02
3.290000e+02 1.147157e+01 1.810078e-02
3.290000e+02 1.148243e+01 1.817303e-02
3.290000e+02 1.147131e+01 1.810213e-02
3.290000e+02 1.148722e+01 1.810580e-02
3.290000e+02 1.149368e+01 1.810013e-02
3.290000e+02 1.146807e+01 1.814724e-02
3.290000e+02 1.147269e+01 1.818105e-02
3.290000e+02 1.149794e+01 1.795040e-02
3.290000e+02 1.149447e+01 1.805837e-02
3.290000e+02 1.148613e+01 1.811244e-02
3.290000e+02 1.147355e+01 1.812648e-02
3.290000e+02 1.150156e+01 1.844682e-02
3.290000e+02 1.146678e+01 1.809454e-02
3.290000e+02 1.149137e+01 1.800774e-02
3.290000e+02 1.147664e+01 1.812352e-02
3.290000e+02 1.149829e+01 1.800374e-02
3.290000e+02 1.148112e+01 1.817861e-02
3.300000e+02 1.214878e+01 1.928209e-02
3.300000e+02 1.211164e+01 1.893890e-02
3.300000e+02 1.211115e+01 1.899439e-02
3.300000e+02 1.211615e+01 1.926531e-02
3.300000e+02 1.211138e+01 1.937295e-02
3.300000e+02 1.205955e+01 1.929044e-02
3.300000e+02 1.208918e+01 1.901469e-02
3.300000e+02 1.207120e+01 1.932337e-02
3.300000e+02 1.207729e+01 1.940203e-02
3.300000e+02 1.210601e+01 1.930724e-02
3.300000e+02 1.207252e+01 1.919209e-02
3.300000e+02 1.205649e+01 1.943504e-02
3.300000e+02 1.209630e+01 1.894689e-02
3.300000e+02 1.208660e+01 1.963233e-02
3.300000e+02 1.204794e+01 1.915393e-02
3.300000e+02 1.212532e+01 1.912160e-02
3.300000e+02 1.211596e+01 1.909540e-02
3.300000e+02 1.206961e+01 1.914141e-02
3.300000e+02 1.211488e+01 1.918229e-02
3.300000e+02 1.209985e+01 1.905485e-02
3.310000e+02 1.279553e+01 2.075041e-02
3.310000e+02 1.277045e+01 2.067246e-02
3.310000e+02 1.276824e+01 2.052017e-02
3.310000e+02 1.278912e+01 2.046174e-02
3.310000e+02 1.277539e+01 2.039952e-02
3.310000e+02 1.280735e+01 2.052695e-02
3.310000e+02 1.275167e+01 2.051285e-02
3.310000e+02 1.277622e+01 2.037315e-02
3.310000e+02 1.277319e+01 2.053488e-02
3.310000e+02 1.276178e+01 2.037175e-02
3.310000e+02 1.278562e+01 2.042915e-02
3.310000e+02 1.278496e+01 2.040208e-02
3.310000e+02 1.278452e+01 2.024489e-02
3.310000e+02 1.279207e+01 2.036414e-02
3.310000e+02 1.277098e+01 2.059434e-02
3.310000e+02 1.274485e+01 2.046674e-02
3.310000e+02 1.277829e+01 2.021548e-02
3.310000e+02 1.273227e+01 2.054797e-02
3.310000e+02 1.276339e+01 2.030822e-02
3.310000e+02 1.276898e+01 2.026920e-02
3.320000e+02 1.348611e+01 2.197882e-02
3.320000e+02 1.352143e+01 2.210710e-02
3.320000e+02 1.349054e+01 2.170888e-02
3.320000e+02 1.346253e+01 2.176607e-02
3.320000e+02 1.350932e+01 2.174092e-02
3.320000e+02 1.349784e+01 2.188822e-02
3.320000e+02 1.349687e+01 2.201491e-02
3.320000e+02 1.346236e+01 2.174202e-02
3.320000e+02 1.348771e+01 2.179135e-02
3.320000e+02 1.350318e+01 2.178110e-02
3.320000e+02 1.350010e+01 2.175794e-02
3.320000e+02 1.352361e+01 2.191032e-02
3.320000e+02 1.347404e+01 2.172777e-02
3.320000e+02 1.350917e+01 2.162752e-02
3.320000e+02 1.350341e+01 2.198861e-02
3.320000e+02 1.354452e+01 2.181618e-02
3.320000e+02 1.351642e+01 2.193077e-02
3.320000e+02 1.353894e+01 2.178416e-02
3.320000e+02 1.348665e+01 2.163133e-02
3.320000e+02 1.352887e+01 2.189814e-02
3.330000e+02 1.429583e+01 2.374306e-02
3.330000e+02 1.434581e+01 2.363470e-02
3.330000e+02 1.432505e+01 2.355462e-02
3.330000e+02 1.428816e+01 2.347513e-02
3.330000e+02 1.431364e+01 2.326678e-02
3.330000e+02 1.431477e+01 2.330424e-02
3.330000e+02 1.432420e+01 2.374394e-02
3.330000e+02 1.435054e+01 2.353080e-02
3.330000e+02 1.430232e+01 2.319970e-02
3.330000e+02 1.433155e+01 2.356569e-02
3.330000e+02 1.432578e+01 2.326660e-02
3.330000e+02 1.433418e+01 2.371085e-02
3.330000e+02 1.433175e+01 2.344208e-02
3.330000e+02 1.431399e+01 2.330670e-02
3.330000e+02 1.431908e+01 2.312926e-02
3.330000e+02 1.432620e+01 2.334864e-02
3.330000e+02 1.430657e+01 2.345015e-02
3.330000e+02 1.437101e+01 2.358007e-02
3.330000e+02 1.430457e+01 2.344687e-02
3.330000e+02 1.431279e+01 2.392056e-02
3.340000e+02 1.522706e+01 2.522636e-02
3.340000e+02 1.526158e+01 2.504835e-02
3.340000e+02 1.528587e+01 2.501367e-02
3.340000e+02 1.519319e+01 2.509232e-02
3.340000e+02 1.523857e+01 2.517215e-02
3.340000e+02 1.522044e+01 2.525213e-02
3.340000e+02 1.525731e+01 2.514825e-02
3.340000e+02 1.523936e+01 2.503731e-02
3.340000e+02 1.524965e+01 2.520954e-02
3.340000e+02 1.524094e+01 2.501892e-02
3.340000e+02 1.527035e+01 2.508490e-02
3.340000e+02 1.525938e+01 2.468468e-02
3.340000e+02 1.526674e+01 2.481782e-02
3.340000e+02 1.526199e+01 2.516179e-02
3.340000e+02 1.524801e+01 2.513992e-02
3.340000e+02 1.523535e+01 2.523077e-02
3.340000e+02 1.525113e+01 2.490966e-02
3.340000e+02 1.527260e+01 2.534862e-02
3.340000e+02 1.523658e+01 2.545929e-02
3.340000e+02 1.528531e+01 2.528735e-02
3.350000e+02 1.628146e+01 2.680528e-02
3.350000e+02 1.635540e+01 2.647887e-02
3.350000e+02 1.627503e+01 2.737163e-02
3.350000e+02 1.631393e+01 2.687563e-02
3.350000e+02 1.627730e+01 2.709315e-02
3.350000e+02 1.627221e+01 2.682477e-02
3.350000e+02 1.623745e+01 2.693533e-02
3.350000e+02 1.626270e+01 2.680715e-02
3.350000e+02 1.628763e+01 2.709531e-02
3.350000e+02 1.632073e+01 2.695688e-02
3.350000e+02 1.633061e+01 2.678045e-02
3.350000e+02 1.622407e+01 2.719955e-02
3.350000e+02 1.628770e+01 2.705259e-02
3.350000e+02 1.630131e+01 2.701921e-02
3.350000e+02 1.629020e+01 2.723417e-02
3.350000e+02 1.623951e+01 2.726090e-02
3.350000e+02 1.632002e+01 2.703193e-02
3.350000e+02 1.632143e+01 2.695912e-02
3.350000e+02 1.632114e+01 2.742235e-02
3.350000e+02 1.626018e+01 2.692273e-02
3.360000e+02 1.748448e+01 2.908080e-02
3.360000e+02 1.746207e+01 2.939221e-02
3.360000e+02 1.750384e+01 2.933594e-02
3.360000e+02 1.746041e+01 2.974952e-02
3.360000e+02 1.748839e+01 2.884828e-02
3.360000e+02 1.748697e+01 2.918140e-02
3.360000e+02 1.746558e+01 2.941045e-02
3.360000e+02 1.748657e+01 2.942309e-02
3.360000e+02 1.746739e+01 2.936440e-02
3.360000e+02 1.746282e+01 2.916699e-02
3.360000e+02 1.746083e+01 2.951976e-02
3.360000e+02 1.748283e+01 2.910970e-02
3.360000e+02 1.747043e+01 2.968061e-02
3.360000e+02 1.743572e+01 2.942291e-02
3.360000e+02 1.748653e+01 2.941445e-02
3.360000e+02 1.744281e+01 2.947225e-02
3.360000e+02 1.752985e+01 2.925697e-02
3.360000e+02 1.749920e+01 2.960078e-02
3.360000e+02 1.742145e+01 2.927408e-02
3.360000e+02 1.743348e+01 2.927055e-02
3.370000e+02 1.891141e+01 3.249335e-02
3.370000e+02 1.883155e+01 3.210604e-02
3.370000e+02 1.881690e+01 3.179561e-02
3.370000e+02 1.889868e+01 3.199888e-02
3.370000e+02 1.885581e+01 3.242686e-02
3.370000e+02 1.883386e+01 3.154769e-02
3.370000e+02 1.886680e+01 3.189262e-02
3.370000e+02 1.893452e+01 3.171164e-02
3.370000e+02 1.886322e+01 3.190171e-02
3.370000e+02 1.885837e+01 3.226922e-02
3.370000e+02 1.887859e+01 3.170249e-02
3.370000e+02 1.885402e+01 3.211872e-02
3.370000e+02 1.882638e+01 3.183389e-02
3.370000e+02 1.886518e+01 3.217567e-02
3.370000e+02 1.890622e+01 3.153583e-02
3.370000e+02 1.891764e+01 3.220809e-02
3.370000e+02 1.882432e+01 3.193660e-02
3.370000e+02 1.881915e+01 3.162517e-02
3.370000e+02 1.881199e+01 3.169567e-02
3.370000e+02 1.876942e+01 3.228165e-02
3.380000e+02 2.054437e+01 3.525345e-02
3.380000e+02 2.047295e+01 3.522902e-02
3.380000e+02 2.044638e+01 3.483223e-02
3.380000e+02 2.053896e+01 3.486907e-02
3.380000e+02 2.049228e+01 3.516510e-02
3.380000e+02 2.054585e+01 3.560122e-02
3.380000e+02 2.060077e+01 3.543083e-02
3.380000e+02 2.048258e+01 3.525454e-02
3.380000e+02 2.049343e+01 3.513486e-02
3.380000e+02 2.047201e+01 3.552158e-02
3.380000e+02 2.046952e+01 3.556148e-02
3.380000e+02 2.048480e+01 3.558543e-02
3.380000e+02 2.055534e+01 3.538227e-02
3.380000e+02 2.049358e+01 3.524160e-02
3.380000e+02 2.049716e+01 3.567590e-02
3.380000e+02 2.051219e+01 3.518449e-02
3.380000e+02 2.048425e+01 3.507576e-02
3.380000e+02 2.053576e+01 3.584357e-02
3.380000e+02 2.053553e+01 3.504098e-02
3.380000e+02 2.053135e+01 3.491387e-02
3.390000e+02 2.246628e+01 3.938667e-02
3.390000e+02 2.246946e+01 3.888668e-02
3.390000e+02 2.245780e+01 3.907349e-02
3.390000e+02 2.241531e+01 3.930909e-02
3.390000e+02 2.246662e+01 3.938474e-02
3.390000e+02 2.252516e+01 3.891315e-02
3.390000e+02 2.244235e+01 3.888227e-02
3.390000e+02 2.254507e+01 3.941342e-02
3.390000e+02 2.247362e+01 3.909646e-02
3.390000e+02 2.248576e+01 3.940195e-02
3.390000e+02 2.256870e+01 3.895494e-02
3.390000e+02 2.247743e+01 3.890303e-02
3.390000e+02 2.249458e+01 3.950624e-02
3.390000e+02 2.254902e+01 4.016969e-02
3.390000e+02 2.251789e+01 3.934202e-02
3.390000e+02 2.243934e+01 3.880318e-02
3.390000e+02 2.252404e+01 3.972160e-02
3.390000e+02 2.251383e+01 3.903916e-02
3.390000e+02 2.245191e+01 3.912527e-02
3.390000e+02 2.242379e+01 3.908049e-02
3.400000e+02 2.488321e+01 4.434893e-02
3.400000e+02 2.494734e+01 4.446373e-02
3.400000e+02 2.487384e+01 4.400471e-02
3.400000e+02 2.494143e+01 4.342660e-02
3.400000e+02 2.503150e+01 4.392859e-02
3.400000e+02 2.494719e+01 4.410879e-02
3.400000e+02 2.486854e+01 4.364997e-02
3.400000e+02 2.496303e+01 4.394319e-02
3.400000e+02 2.495321e+01 4.451685e-02
3.400000e+02 2.491465e+01 4.496030e-02
3.400000e+02 2.497122e+01 4.478235e-02
3.400000e+02 2.494674e+01 4.448119e-02
3.400000e+02 2.502868e+01 4.345938e-02
3.400000e+02 2.484775e+01 4.339167e-02
3.400000e+02 2.490875e+01 4.475017e-02
3.400000e+02 2.499110e+01 4.391022e-02
3.400000e+02 2.488518e+01 4.317501e-02
3.400000e+02 2.489581e+01 4.342005e-02
3.400000e+02 2.496985e+01 4.409466e-02
3.400000e+02 2.492554e+01 4.385474e-02
3.402000e+02 2.553284e+01 4.540860e-02
3.402000e+02 2.555140e+01 4.537493e-02
3.402000e+02 2.554102e+01 4.567531e-02
3.402000e+02 2.552899e+01 4.493356e-02
3.402000e+02 2.552494e+01 4.527506e-02
3.402000e+02 2.548340e+01 4.566853e-02
3.402000e+02 2.545432e+01 4.524033e-02
3.402000e+02 2.548788e+01 4.541436e-02
3.402000e+02 2.550149e+01 4.608364e-02
3.402000e+02 2.549842e+01 4.527811e-02
3.402000e+02 2.553944e+01 4.499551e-02
3.402000e+02 2.539800e+01 4.501898e-02
3.402000e+02 2.547787e+01 4.514886e-02
3.402000e+02 2.548612e+01 4.579268e-02
3.402000e+02 2.549373e+01 4.489614e-02
3.402000e+02 2.545169e+01 4.454414e-02
3.402000e+02 2.552149e+01 4.582032e-02
3.402000e+02 2.551126e+01 4.532842e-02
3.402000e+02 2.552178e+01 4.524302e-02
3.402000e+02 2.544254e+01 4.563851e-02
3.404000e+02 2.607298e+01 4.671956e-02
3.404000e+02 2.607678e+01 4.638197e-02
3.404000e+02 2.611511e+01 4.725041e-02
3.404000e+02 2.612361e+01 4.622635e-02
3.404000e+02 2.609330e+01 4.702596e-02
3.404000e+02 2.611057e+01 4.677901e-02
3.404000e+02 2.609540e+01 4.623603e-02
3.404000e+02 2.606314e+01 4.716368e-02
3.404000e+02 2.604212e+01 4.581173e-02
3.404000e+02 2.604104e+01 4.662182e-02
3.404000e+02 2.603761e+01 4.644772e-02
3.404000e+02 2.611151e+01 4.605272e-02
3.404000e+02 2.610978e+01 4.684200e-02
3.404000e+02 2.614557e+01 4.660208e-02
3.404000e+02 2.610187e+01 4.584476e-02
3.404000e+02 2.609610e+01 4.747745e-02
3.404000e+02 2.618547e+01 4.662160e-02
3.404000e+02 2.598559e+01 4.559794e-02
3.404000e+02 2.613028e+01 4.572642e-02
3.404000e+02 2.617296e+01 4.634633e-02
3.406000e+02 2.678735e+01 4.777568e-02
3.406000e+02 2.669397e+01 4.846343e-02
3.406000e+02 2.665743e+01 4.748283e-02
3.406000e+02 2.664384e+01 4.755951e-02
3.406000e+02 2.673463e+01 4.855986e-02
3.406000e+02 2.673429e+01 4.764772e-02
3.406000e+02 2.675431e+01 4.799238e-02
3.406000e+02 2.671727e+01 4.725603e-02
3.406000e+02 2.669378e+01 4.769300e-02
3.406000e+02 2.676118e+01 4.835718e-02
3.406000e+02 2.673278e+01 4.739633e-02
3.406000e+02 2.675213e+01 4.824192e-02
3.406000e+02 2.675845e+01 4.804124e-02
3.406000e+02 2.663800e+01 4.702774e-02
3.406000e+02 2.665868e+01 4.807040e-02
3.406000e+02 2.672479e+01 4.805224e-02
3.406000e+02 2.667552e+01 4.730009e-02
3.406000e+02 2.667221e+01 4.784003e-02
3.406000e+02 2.663543e+01 4.758045e-02
3.406000e+02 2.670560e+01 4.846185e-02
3.408000e+02 2.733996e+01 4.952419e-02
3.408000e+02 2.743953e+01 4.945263e-02
3.408000e+02 2.743030e+01 4.863781e-02
3.408000e+02 2.747645e+01 4.894338e-02
3.408000e+02 2.736983e+01 4.859393e-02
3.408000e+02 2.732193e+01 4.930945e-02
3.408000e+02 2.737586e+01 4.880675e-02
3.408000e+02 2.743007e+01 4.959083e-02
3.408000e+02 2.740116e+01 4.936983e-02
3.408000e+02 2.739788e+01 4.907564e-02
3.408000e+02 2.737985e+01 5.007208e-02
3.408000e+02 2.742395e+01 4.951718e-02
3.408000e+02 2.736767e+01 4.836150e-02
3.408000e+02 2.737528e+01 4.897643e-02
3.408000e+02 2.742249e+01 4.937028e-02
3.408000e+02 2.728385e+01 4.939412e-02
3.408000e+02 2.735603e+01 4.987461e-02
3.408000e+02 2.730002e+01 4.843725e-02
3.408000e+02 2.734197e+01 5.001382e-02
3.408000e+02 2.731123e+01 4.943827e-02
3.410000e+02 2.799826e+01 5.093654e-02
3.410000e+02 2.811236e+01 4.985830e-02
3.410000e+02 2.804004e+01 5.041205e-02
3.410000e+02 2.809466e+01 5.032518e-02
3.410000e+02 2.816174e+01 5.187929e-02
3.410000e+02 2.810446e+01 5.034027e-02
3.410000e+02 2.807467e+01 4.956790e-02
3.410000e+02 2.792136e+01 5.085847e-02
3.410000e+02 2.803910e+01 5.079258e-02
3.410000e+02 2.808824e+01 5.042603e-02
3.410000e+02 2.806615e+01 5.049881e-02
3.410000e+02 2.816682e+01 5.100133e-02
3.410000e+02 2.800247e+01 5.068802e-02
3.410000e+02 2.811558e+01 5.073026e-02
3.410000e+02 2.798563e+01 5.069887e-02
3.410000e+02 2.809207e+01 5.058843e-02
3.410000e+02 2.811278e+01 5.023094e-02
3.410000e+02 2.810272e+01 5.039319e-02
3.410000e+02 2.801383e+01 5.032391e-02
3.410000e+02 2.800669e+01 5.053382e-02
3.412000e+02 2.884321e+01 5.219958e-02
3.412000e+02 2.873794e+01 5.246706e-02
3.412000e+02 2.882284e+01 5.238630e-02
3.412000e+02 2.887636e+01 5.286520e-02
3.412000e+02 2.873470e+01 5.241093e-02
3.412000e+02 2.884058e+01 5.255318e-02
3.412000e+02 2.873037e+01 5.174721e-02
3.412000e+02 2.883301e+01 5.179931e-02
3.412000e+02 2.875741e+01 5.119065e-02
3.412000e+02 2.878062e+01 5.215680e-02
3.412000e+02 2.880490e+01 5.203539e-02
3.412000e+02 2.876154e+01 5.255593e-02
3.412000e+02 2.886672e+01 5.179485e-02
3.412000e+02 2.889653e+01 5.177828e-02
3.412000e+02 2.876314e+01 5.144339e-02
3.412000e+02 2.881047e+01 5.164419e-02
3.412000e+02 2.887717e+01 5.214796e-02
3.412000e+02 2.875766e+01 5.194179e-02
3.412000e+02 2.882542e+01 5.276388e-02
3.412000e+02 2.867559e+01 5.171308e-02
3.414000e+02 2.951912e+01 5.371856e-02
3.414000e+02 2.959398e+01 5.349953e-02
3.414000e+02 2.956968e+01 5.361214e-02
3.414000e+02 2.964455e+01 5.358506e-02
3.414000e+02 2.961583e+01 5.353626e-02
3.414000e+02 2.954853e+01 5.318347e-02
3.414000e+02 2.959416e+01 5.328293e-02
3.414000e+02 2.970649e+01 5.398906e-02
3.414000e+02 2.961936e+01 5.392330e-02
3.414000e+02 2.965726e+01 5.486112e-02
3.414000e+02 2.956837e+01 5.377530e-02
3.414000e+02 2.964589e+01 5.354492e-02
3.414000e+02 2.965423e+01 5.390806e-02
3.414000e+02 2.962619e+01 5.372109e-02
3.414000e+02 2.971900e+01 5.378378e-02
3.414000e+02 2.950451e+01 5.362426e-02
3.414000e+02 2.954643e+01 5.271090e-02
3.414000e+02 2.957433e+01 5.353072e-02
3.414000e+02 2.959954e+01 5.424950e-02
3.414000e+02 2.952626e+01 5.358226e-02
3.416000e+02 3.035999e+01 5.529691e-02
3.416000e+02 3.042520e+01 5.598528e-02
3.416000e+02 3.052434e+01 5.521421e-02
3.416000e+02 3.037197e+01 5.554838e-02
3.416000e+02 3.044583e+01 5.516402e-02
3.416000e+02 3.045235e+01 5.545700e-02
3.416000e+02 3.043537e+01 5.552381e-02
3.416000e+02 3.044993e+01 5.449013e-02
3.416000e+02 3.039987e+01 5.484822e-02
3.416000e+02 3.050625e+01 5.482911e-02
3.416000e+02 3.042838e+01 5.497431e-02
3.416000e+02 3.041086e+01 5.518578e-02
3.416000e+02 3.045998e+01 5.546874e-02
3.416000e+02 3.042221e+01 5.594338e-02
3.416000e+02 3.038982e+01 5.614707e-02
3.416000e+02 3.033740e+01 5.588310e-02
3.416000e+02 3.042604e+01 5.515799e-02
3.416000e+02 3.051845e+01 5.574029e-02
3.416000e+02 3.040679e+01 5.527625e-02
3.416000e+02 3.044840e+01 5.556243e-02
3.418000e+02 3.133290e+01 5.734831e-02
3.418000e+02 3.128002e+01 5.652377e-02
3.418000e+02 3.129757e+01 5.660706e-02
3.418000e+02 3.138433e+01 5.779277e-02
3.418000e+02 3.135615e+01 5.586783e-02
3.418000e+02 3.119202e+01 5.741574e-02
3.418000e+02 3.129965e+01 5.686844e-02
3.418000e+02 3.121777e+01 5.761939e-02
3.418000e+02 3.131853e+01 5.739436e-02
3.418000e+02 3.133565e+01 5.793880e-02
3.418000e+02 3.132416e+01 5.743526e-02
3.418000e+02 3.131010e+01 5.842834e-02
3.418000e+02 3.132976e+01 5.766042e-02
3.418000e+02 3.127347e+01 5.656636e-02
3.418000e+02 3.134937e+01 5.736496e-02
3.418000e+02 3.135394e+01 5.767387e-02
3.418000e+02 3.141765e+01 5.954791e-02
3.418000e+02 3.130781e+01 5.669250e-02
3.418000e+02 3.140210e+01 5.782353e-02
3.418000e+02 3.138526e+01 5.791815e-02
3.420000e+02 3.241021e+01 6.011187e-02
3.420000e+02 3.228869e+01 6.052061e-02
3.420000e+02 3.227432e+01 6.007557e-02
3.420000e+02 3.229270e+01 5.942621e-02
3.420000e+02 3.222936e+01 5.913892e-02
3.420000e+02 3.233922e+01 5.943407e-02
3.420000e+02 3.224640e+01 5.972262e-02
3.420000e+02 3.223153e+01 5.798412e-02
3.420000e+02 3.226135e+01 5.876556e-02
3.420000e+02 3.239997e+01 5.920566e-02
3.420000e+02 3.231383e+01 5.969359e-02
3.420000e+02 3.219720e+01 5.928540e-02
3.420000e+02 3.232673e+01 5.883581e-02
3.420000e+02 3.222921e+01 5.963689e-02
3.420000e+02 3.227470e+01 6.009745e-02
3.420000e+02 3.228070e+01 5.949172e-02
3.420000e+02 3.232254e+01 6.008629e-02
3.420000e+02 3.226128e+01 5.884591e-02
3.420000e+02 3.233920e+01 5.830969e-02
3.420000e+02 3.240096e+01 5.986280e-02
3.422000e+02 3.335641e+01 6.084891e-02
3.422000e+02 3.340219e+01 6.112058e-02
3.422000e+02 3.322956e+01 6.173630e-02
3.422000e+02 3.324914e+01 6.210002e-02
3.422000e+02 3.321696e+01 6.052202e-02
3.422000e+02 3.326108e+01 6.051548e-02
3.422000e+02 3.338509e+01 6.149977e-02
3.422000e+02 3.327487e+01 6.144949e-02
3.422000e+02 3.322310e+01 6.223418e-02
3.422000e+02 3.342253e+01 5.996153e-02
3.422000e+02 3.322579e+01 6.035848e-02
3.422000e+02 3.314931e+01 6.197601e-02
3.422000e+02 3.330763e+01 6.168529e-02
3.422000e+02 3.330988e+01 6.207159e-02
3.422000e+02 3.329235e+01 6.210087e-02
3.422000e+02 3.332858e+01 6.126252e-02
3.422000e+02 3.321798e+01 6.163817e-02
3.422000e+02 3.328864e+01 6.253808e-02
3.422000e+02 3.325217e+01 6.044261e-02
3.422000e+02 3.328000e+01 6.185579e-02
3.424000e+02 3.437140e+01 6.308099e-02
3.424000e+02 3.441905e+01 6.352448e-02
3.424000e+02 3.432676e+01 6.436193e-02
3.424000e+02 3.439039e+01 6.228395e-02
3.424000e+02 3.426277e+01 6.319054e-02
3.424000e+02 3.453975e+01 6.394248e-02
3.424000e+02 3.433333e+01 6.341854e-02
3.424000e+02 3.441515e+01 6.324386e-02
3.424000e+02 3.436379e+01 6.425365e-02
3.424000e+02 3.446310e+01 6.276444e-02
3.424000e+02 3.446328e+01 6.373518e-02
3.424000e+02 3.441288e+01 6.333269e-02
3.424000e+02 3.453124e+01 6.421688e-02
3.424000e+02 3.436064e+01 6.309988e-02
3.424000e+02 3.442628e+01 6.337647e-02
3.424000e+02 3.431909e+01 6.420261e-02
3.424000e+02 3.429235e+01 6.334000e-02
3.424000e+02 3.428479e+01 6.331904e-02
3.424000e+02 3.442790e+01 6.336813e-02
3.424000e+02 3.434808e+01 6.337720e-02
3.426000e+02 3.568135e+01 6.636623e-02
3.426000e+02 3.545330e+01 6.688825e-02
3.426000e+02 3.555159e+01 6.520847e-02
3.426000e+02 3.566227e+01 6.642218e-02
3.426000e+02 3.575485e+01 6.639875e-02
3.426000e+02 3.543564e+01 6.599283e-02
3.426000e+02 3.567013e+01 6.603043e-02
3.426000e+02 3.556963e+01 6.506664e-02
3.426000e+02 3.556477e+01 6.551212e-02
3.426000e+02 3.552956e+01 6.629257e-02
3.426000e+02 3.556915e+01 6.810057e-02
3.426000e+02 3.549395e+01 6.503778e-02
3.426000e+02 3.549622e+01 6.512538e-02
3.426000e+02 3.553999e+01 6.616605e-02
3.426000e+02 3.557805e+01 6.476908e-02
3.426000e+02 3.559077e+01 6.687160e-02
3.426000e+02 3.554773e+01 6.599378e-02
3.426000e+02 3.550638e+01 6.396909e-02
3.426000e+02 3.550977e+01 6.431195e-02
3.426000e+02 3.550682e+01 6.641079e-02
3.428000e+02 3.685644e+01 6.861031e-02
3.428000e+02 3.680445e+01 6.907061e-02
3.428000e+02 3.685013e+01 7.114364e-02
3.428000e+02 3.674648e+01 6.940499e-02
3.428000e+02 3.684900e+01 6.770455e-02
3.428000e+02 3.693579e+01 6.921546e-02
3.428000e+02 3.688157e+01 6.954932e-02
3.428000e+02 3.682815e+01 6.787188e-02
3.428000e+02 3.692674e+01 6.876507e-02
3.428000e+02 3.687162e+01 6.761126e-02
3.428000e+02 3.689657e+01 6.900049e-02
3.428000e+02 3.672193e+01 6.756865e-02
3.428000e+02 3.685243e+01 6.818789e-02
3.428000e+02 3.690203e+01 6.807589e-02
3.428000e+02 3.684900e+01 6.831694e-02
3.428000e+02 3.683002e+01 7.032824e-02
3.428000e+02 3.688741e+01 6.775693e-02
3.428000e+02 3.691775e+01 6.823246e-02
3.428000e+02 3.682521e+01 6.798159e-02
3.428000e+02 3.684407e+01 6.692570e-02
3.430000e+02 3.823079e+01 7.202788e-02
3.430000e+02 3.824873e+01 7.016434e-02
3.430000e+02 3.825313e+01 7.029918e-02
3.430000e+02 3.827282e+01 7.195392e-02
3.430000e+02 3.815390e+01 7.327376e-02
3.430000e+02 3.824837e+01 7.149972e-02
3.430000e+02 3.824305e+01 6.988478e-02
3.430000e+02 3.821875e+01 7.128365e-02
3.430000e+02 3.815472e+01 7.143995e-02
3.430000e+02 3.827826e+01 7.266773e-02
3.430000e+02 3.820231e+01 7.225843e-02
3.430000e+02 3.820696e+01 7.007980e-02
3.430000e+02 3.837416e+01 7.068306e-02
3.430000e+02 3.820686e+01 7.277344e-02
3.430000e+02 3.820111e+01 6.983763e-02
3.430000e+02 3.826046e+01 7.047917e-02
3.430000e+02 3.827252e+01 6.980096e-02
3.430000e+02 3.831933e+01 7.156981e-02
3.430000e+02 3.828901e+01 7.118434e-02
3.430000e+02 3.827129e+01 7.051367e-02
3.432000e+02 3.969450e+01 7.501927e-02
3.432000e+02 3.983254e+01 7.438016e-02
3.432000e+02 3.976645e+01 7.267323e-02
3.432000e+02 3.978945e+01 7.499751e-02
3.432000e+02 3.998448e+01 7.526603e-02
3.432000e+02 3.981120e+01 7.537697e-02
3.432000e+02 3.976267e+01 7.403008e-02
3.432000e+02 3.972123e+01 7.325215e-02
3.432000e+02 3.979932e+01 7.315279e-02
3.432000e+02 3.979860e+01 7.328419e-02
3.432000e+02 3.971837e+01 7.431353e-02
3.432000e+02 3.984316e+01 7.421874e-02
3.432000e+02 3.975488e+01 7.381172e-02
3.432000e+02 3.983598e+01 7.325376e-02
3.432000e+02 3.975337e+01 7.392526e-02
3.432000e+02 3.983542e+01 7.263962e-02
3.432000e+02 3.983562e+01 7.445155e-02
3.432000e+02 3.970153e+01 7.581002e-02
3.432000e+02 3.976802e+01 7.294161e-02
3.432000e+02 3.980752e+01 7.479202e-02
3.434000e+02 4.148100e+01 7.784558e-02
3.434000e+02 4.145984e+01 7.696322e-02
3.434000e+02 4.129187e+01 7.756507e-02
3.434000e+02 4.143999e+01 7.928933e-02
3.434000e+02 4.143340e+01 7.833860e-02
3.434000e+02 4.148835e+01 7.729375e-02
3.434000e+02 4.130960e+01 7.588296e-02
3.434000e+02 4.135886e+01 7.873114e-02
3.434000e+02 4.143328e+01 7.702568e-02
3.434000e+02 4.143922e+01 7.728476e-02
3.434000e+02 4.157346e+01 7.692379e-02
3.434000e+02 4.131418e+01 7.650977e-02
3.434000e+02 4.146829e+01 7.814811e-02
3.434000e+02 4.144122e+01 7.774648e-02
3.434000e+02 4.154666e+01 7.779617e-02
3.434000e+02 4.139784e+01 7.744192e-02
3.434000e+02 4.146200e+01 7.546056e-02
3.434000e+02 4.119203e+01 7.842636e-02
3.434000e+02 4.145046e+01 7.752713e-02
3.434000e+02 4.147695e+01 7.718615e-02
3.436000e+02 4.329583e+01 8.069128e-02
3.436000e+02 4.327949e+01 8.336346e-02
3.436000e+02 4.332145e+01 7.939808e-02
3.436000e+02 4.321522e+01 8.120231e-02
3.436000e+02 4.320598e+01 8.307742e-02
3.436000e+02 4.316183e+01 8.254782e-02
3.436000e+02 4.330468e+01 8.228678e-02
3.436000e+02 4.347545e+01 8.279612e-02
3.436000e+02 4.342318e+01 8.538666e-02
3.436000e+02 4.339056e+01 8.066412e-02
3.436000e+02 4.331609e+01 8.015055e-02
3.436000e+02 4.321229e+01 8.224648e-02
3.436000e+02 4.334927e+01 8.301820e-02
3.436000e+02 4.308691e+01 8.190716e-02
3.436000e+02 4.315033e+01 8.257532e-02
3.436000e+02 4.326801e+01 8.114536e-02
3.436000e+02 4.334300e+01 8.227148e-02
3.436000e+02 4.326152e+01 7.926079e-02
3.436000e+02 4.334472e+01 8.147983e-02
3.436000e+02 4.318305e+01 8.118830e-02
3.438000e+02 4.532968e+01 8.658385e-02
3.438000e+02 4.521008e+01 8.967439e-02
3.438000e+02 4.527865e+01 8.516860e-02
3.438000e+02 4.524546e+01 8.342357e-02
3.438000e+02 4.531345e+01 8.323474e-02
3.438000e+02 4.521736e+01 8.390828e-02
3.438000e+02 4.510479e+01 8.613216e-02
3.438000e+02 4.526871e+01 8.423683e-02
3.438000e+02 4.526946e+01 8.627352e-02
3.438000e+02 4.534872e+01 8.603650e-02
3.438000e+02 4.520036e+01 8.788578e-02
3.438000e+02 4.530883e+01 8.578166e-02
3.438000e+02 4.532533e+01 8.520280e-02
3.438000e+02 4.525020e+01 8.396016e-02
3.438000e+02 4.537764e+01 8.419433e-02
3.438000e+02 4.536238e+01 8.700514e-02
3.438000e+02 4.524784e+01 8.509839e-02
3.438000e+02 4.526488e+01 8.579083e-02
3.438000e+02 4.530715e+01 8.405529e-02
3.438000e+02 4.525731e+01 8.522547e-02
3.440000e+02 4.740149e+01 8.880188e-02
3.440000e+02 4.743571e+01 9.021126e-02
3.440000e+02 4.748367e+01 8.715521e-02
3.440000e+02 4.745949e+01 9.081348e-02
3.440000e+02 4.733557e+01 8.843106e-02
3.440000e+02 4.748389e+01 8.888268e-02
3.440000e+02 4.735643e+01 9.117676e-02
3.440000e+02 4.751510e+01 8.929863e-02
3.440000e+02 4.743707e+01 8.888111e-02
3.440000e+02 4.752776e+01 9.252122e-02
3.440000e+02 4.749089e+01 9.039032e-02
3.440000e+02 4.741070e+01 9.092704e-02
3.440000e+02 4.749856e+01 8.913249e-02
3.440000e+02 4.743823e+01 8.977695e-02
3.440000e+02 4.751271e+01 9.001596e-02
3.440000e+02 4.758435e+01 8.957768e-02
3.440000e+02 4.744090e+01 8.860774e-02
3.440000e+02 4.747449e+01 9.024401e-02
3.440000e+02 4.745011e+01 9.271265e-02
3.440000e+02 4.748990e+01 9.182160e-02
3.442000e+02 4.978481e+01 9.378368e-02
3.442000e+02 4.984293e+01 9.504599e-02
3.442000e+02 4.999371e+01 9.400699e-02
3.442000e+02 4.998257e+01 9.474807e-02
3.442000e+02 5.002620e+01 9.399688e-02
3.442000e+02 4.988779e+01 9.343303e-02
3.442000e+02 4.977981e+01 9.577492e-02
3.442000e+02 4.987029e+01 9.394259e-02
3.442000e+02 5.000330e+01 9.549298e-02
3.442000e+02 4.983111e+01 9.567549e-02
3.442000e+02 4.989022e+01 9.238685e-02
3.442000e+02 4.995497e+01 9.429395e-02
3.442000e+02 5.000066e+01 9.544137e-02
3.442000e+02 5.000605e+01 9.454924e-02
3.442000e+02 4.991917e+01 9.579624e-02
3.442000e+02 4.993351e+01 9.496407e-02
3.442000e+02 4.979455e+01 9.688198e-02
3.442000e+02 4.983133e+01 9.519049e-02
3.442000e+02 4.995036e+01 9.401983e-02
3.442000e+02 5.012483e+01 9.562276e-02
3.444000e+02 5.268528e+01 1.017197e-01
3.444000e+02 5.280417e+01 9.862018e-02
3.444000e+02 5.259832e+01 9.977382e-02
3.444000e+02 5.255428e+01 1.001910e-01
3.444000e+02 5.279590e+01 9.921095e-02
3.444000e+02 5.260084e+01 9.846920e-02
3.444000e+02 5.262077e+01 1.017448e-01
3.444000e+02 5.248593e+01 1.002837e-01
3.444000e+02 5.279088e+01 9.990875e-02
3.444000e+02 5.278674e+01 1.023740e-01
3.444000e+02 5.272670e+01 9.888939e-02
3.444000e+02 5.264859e+01 1.025991e-01
3.444000e+02 5.275796e+01 9.911515e-02
3.444000e+02 5.251357e+01 1.008406e-01
3.444000e+02 5.269664e+01 1.037516e-01
3.444000e+02 5.260507e+01 9.843268e-02
3.444000e+02 5.261019e+01 9.914468e-02
3.444000e+02 5.262185e+01 1.024075e-01
3.444000e+02 5.283427e+01 9.886982e-02
3.444000e+02 5.294967e+01 1.000484e-01
3.446000e+02 5.578113e+01 1.049313e-01
3.446000e+02 5.589912e+01 1.070098e-01
3.446000e+02 5.574495e+01 1.057755e-01
3.446000e+02 5.569624e+01 1.061115e-01
3.446000e+02 5.570567e+01 1.079729e-01
3.446000e+02 5.567895e+01 1.075686e-01
3.446000e+02 5.591517e+01 1.074972e-01
3.446000e+02 5.562756e+01 1.062871e-01
3.446000e+02 5.577753e+01 1.055168e-01
3.446000e+02 5.554829e+01 1.050637e-01
3.446000e+02 5.551006e+01 1.086055e-01
3.446000e+02 5.576153e+01 1.053616e-01
3.446000e+02 5.565602e+01 1.046855e-01
3.446000e+02 5.582499e+01 1.079566e-01
3.446000e+02 5.580815e+01 1.077095e-01
3.446000e+02 5.558217e+01 1.062540e-01
3.446000e+02 5.563248e+01 1.065157e-01
3.446000e+02 5.567425e+01 1.086223e-01
3.446000e+02 5.576367e+01 1.063100e-01
3.446000e+02 5.563563e+01 1.073935e-01
3.448000e+02 5.902861e+01 1.086147e-01
3.448000e+02 5.913510e+01 1.172671e-01
3.448000e+02 5.918199e+01 1.124223e-01
3.448000e+02 5.907660e+01 1.114867e-01
3.448000e+02 5.927075e+01 1.122155e-01
3.448000e+02 5.923858e+01 1.127785e-01
3.448000e+02 5.917419e+01 1.114392e-01
3.448000e+02 5.904837e+01 1.158731e-01
3.448000e+02 5.904174e+01 1.127605e-01
3.448000e+02 5.927110e+01 1.165803e-01
3.448000e+02 5.923381e+01 1.128639e-01
3.448000e+02 5.915299e+01 1.125957e-01
3.448000e+02 5.919136e+01 1.118581e-01
3.448000e+02 5.929192e+01 1.133778e-01
3.448000e+02 5.919878e+01 1.127981e-01
3.448000e+02 5.909978e+01 1.129594e-01
3.448000e+02 5.917937e+01 1.118113e-01
3.448000e+02 5.914235e+01 1.126670e-01
3.448000e+02 5.920246e+01 1.160594e-01
3.448000e+02 5.921953e+01 1.168100e-01
3.450000e+02 6.311263e+01 1.217484e-01
3.450000e+02 6.316693e+01 1.273568e-01
3.450000e+02 6.305074e+01 1.191324e-01
3.450000e+02 6.342446e+01 1.234783e-01
3.450000e+02 6.327921e+01 1.184460e-01
3.450000e+02 6.326915e+01 1.164477e-01
3.450000e+02 6.312831e+01 1.220912e-01
3.450000e+02 6.314321e+01 1.203917e-01
3.450000e+02 6.312264e+01 1.221162e-01
3.450000e+02 6.309833e+01 1.203514e-01
3.450000e+02 6.331731e+01 1.202480e-01
3.450000e+02 6.315663e+01 1.255664e-01
3.450000e+02 6.312737e+01 1.184398e-01
3.450000e+02 6.308217e+01 1.196335e-01
3.450000e+02 6.333447e+01 1.242391e-01
3.450000e+02 6.304588e+01 1.234277e-01
3.450000e+02 6.328802e+01 1.250856e-01
3.450000e+02 6.330537e+01 1.210961e-01
3.450000e+02 6.323182e+01 1.214153e-01
3.450000e+02 6.310078e+01 1.205063e-01
3.452000e+02 6.768263e+01 1.335263e-01
3.452000e+02 6.757145e+01 1.291417e-01
3.452000e+02 6.767725e+01 1.318084e-01
3.452000e+02 6.774306e+01 1.325700e-01
3.452000e+02 6.754156e+01 1.281381e-01
3.452000e+02 6.770339e+01 1.309703e-01
3.452000e+02 6.756644e+01 1.304949e-01
3.452000e+02 6.766040e+01 1.339943e-01
3.452000e+02 6.759679e+01 1.310728e-01
3.452000e+02 6.751038e+01 1.292174e-01
3.452000e+02 6.744299e+01 1.338487e-01
3.452000e+02 6.787128e+01 1.328274e-01
3.452000e+02 6.745299e+01 1.312401e-01
3.452000e+02 6.778968e+01 1.308178e-01
3.452000e+02 6.772237e+01 1.309439e-01
3.452000e+02 6.758124e+01 1.300259e-01
3.452000e+02 6.773251e+01 1.306600e-01
3.452000e+02 6.764618e+01 1.308939e-01
3.452000e+02 6.766457e+01 1.289581e-01
3.452000e+02 6.773271e+01 1.317202e-01
3.454000e+02 7.281251e+01 1.391549e-01
3.454000e+02 7.296144e+01 1.413722e-01
3.454000e+02 7.284507e+01 1.431866e-01
3.454000e+02 7.282334e+01 1.431109e-01
3.454000e+02 7.294751e+01 1.438096e-01
3.454000e+02 7.256208e+01 1.412309e-01
3.454000e+02 7.281472e+01 1.402105e-01
3.454000e+02 7.296054e+01 1.419719e-01
3.454000e+02 7.288047e+01 1.472865e-01
3.454000e+02 7.258063e+01 1.431462e-01
3.454000e+02 7.267679e+01 1.401559e-01
3.454000e+02 7.281483e+01 1.429468e-01
3.454000e+02 7.304402e+01 1.385022e-01
3.454000e+02 7.286523e+01 1.398716e-01
3.454000e+02 7.289179e+01 1.403651e-01
3.454000e+02 7.269816e+01 1.410393e-01
3.454000e+02 7.289586e+01 1.389490e-01
3.454000e+02 7.281808e+01 1.433113e-01
3.454000e+02 7.281105e+01 1.424961e-01
3.454000e+02 7.289712e+01 1.417816e-01
3.456000e+02 7.876308e+01 1.489978e-01
3.456000e+02 7.902898e+01 1.521143e-01
3.456000e+02 7.860453e+01 1.544258e-01
3.456000e+02 7.897704e+01 1.552090e-01
3.456000e+02 7.895710e+01 1.533814e-01
3.456000e+02 7.880140e+01 1.518430e-01
3.456000e+02 7.887030e+01 1.556112e-01
3.456000e+02 7.881372e+01 1.553804e-01
3.456000e+02 7.867336e+01 1.469608e-01
3.456000e+02 7.879686e+01 1.525333e-01
3.456000e+02 7.860316e+01 1.535087e-01
3.456000e+02 7.891190e+01 1.546553e-01
3.456000e+02 7.865075e+01 1.528282e-01
3.456000e+02 7.901933e+01 1.514402e-01
3.456000e+02 7.892678e+01 1.525548e-01
3.456000e+02 7.892572e+01 1.545372e-01
3.456000e+02 7.853572e+01 1.540631e-01
3.456000e+02 7.894095e+01 1.517729e-01
3.456000e+02 7.841253e+01 1.518590e-01
3.456000e+02 7.888185e+01 1.535214e-01
3.458000e+02 8.561525e+01 1.647518e-01
3.458000e+02 8.560635e+01 1.655153e-01
3.458000e+02 8.545721e+01 1.655952e-01
3.458000e+02 8.529981e+01 1.657656e-01
3.458000e+02 8.588679e+01 1.637987e-01
3.458000e+02 8.536017e+01 1.702804e-01
3.458000e+02 8.560154e+01 1.644177e-01
3.458000e+02 8.565921e+01 1.658152e-01
3.458000e+02 8.550337e+01 1.696745e-01
3.458000e+02 8.578473e+01 1.669245e-01
3.458000e+02 8.557314e+01 1.645982e-01
3.458000e+02 8.547556e+01 1.666315e-01
3.458000e+02 8.553675e+01 1.658923e-01
3.458000e+02 8.570904e+01 1.657740e-01
3.458000e+02 8.557931e+01 1.628192e-01
3.458000e+02 8.555440e+01 1.676687e-01
3.458000e+02 8.548467e+01 1.618368e-01
3.458000e+02 8.560297e+01 1.616655e-01
3.458000e+02 8.574420e+01 1.703491e-01
3.458000e+02 8.601089e+01 1.666446e-01
3.460000e+02 9.362356e+01 1.761716e-01
3.460000e+02 9.292781e+01 1.816146e-01
3.460000e+02 9.328443e+01 1.808518e-01
3.460000e+02 9.328587e+01 1.902848e-01
3.460000e+02 9.316946e+01 1.796151e-01
3.460000e+02 9.368697e+01 1.856679e-01
3.460000e+02 9.341472e+01 1.817809e-01
3.460000e+02 9.331261e+01 1.836405e-01
3.460000e+02 9.318668e+01 1.814613e-01
3.460000e+02 9.335351e+01 1.842225e-01
3.460000e+02 9.335368e+01 1.944669e-01
3.460000e+02 9.350151e+01 1.801239e-01
3.460000e+02 9.340728e+01 1.822424e-01
3.460000e+02 9.323292e+01 1.842966e-01
3.460000e+02 9.329784e+01 1.805151e-01
3.460000e+02 9.318984e+01 1.785860e-01
3.460000e+02 9.336476e+01 1.912094e-01
3.460000e+02 9.317783e+01 1.865636e-01
3.460000e+02 9.336576e+01 1.822044e-01
3.460000e+02 9.341481e+01 1.852149e-01
3.462000e+02 1.020778e+02 2.035785e-01
3.462000e+02 1.019682e+02 1.993758e-01
3.462000e+02 1.024261e+02 2.004138e-01
3.462000e+02 1.021978e+02 1.969076e-01
3.462000e+02 1.019312e+02 2.018565e-01
3.462000e+02 1.021806e+02 2.033185e-01
3.462000e+02 1.023564e+02 2.011930e-01
3.462000e+02 1.018165e+02 2.040406e-01
3.462000e+02 1.018785e+02 2.015496e-01
3.462000e+02 1.023348e+02 1.955401e-01
3.462000e+02 1.024251e+02 1.968389e-01
3.462000e+02 1.020174e+02 2.069698e-01
3.462000e+02 1.020807e+02 2.010931e-01
3.462000e+02 1.017280e+02 1.972748e-01
3.462000e+02 1.020267e+02 1.970310e-01
3.462000e+02 1.019709e+02 2.058739e-01
3.462000e+02 1.019365e+02 1.993144e-01
3.462000e+02 1.019351e+02 1.997736e-01
3.462000e+02 1.018036e+02 2.017569e-01
3.462000e+02 1.022232e+02 2.003515e-01
3.464000e+02 1.118594e+02 2.056861e-01
3.464000e+02 1.117810e+02 2.027612e-01
3.464000e+02 1.113671e+02 2.031984e-01
3.464000e+02 1.114372e+02 2.050854e-01
3.464000e+02 1.115652e+02 2.069322e-01
3.464000e+02 1.114902e+02 1.996889e-01
3.464000e+02 1.115733e+02 2.003630e-01
3.464000e+02 1.119314e+02 1.991457e-01
3.464000e+02 1.120111e+02 2.131996e-01
3.464000e+02 1.116043e+02 2.037120e-01
3.464000e+02 1.112814e+02 2.021897e-01
3.464000e+02 1.116091e+02 1.997021e-01
3.464000e+02 1.118398e+02 2.036028e-01
3.464000e+02 1.115096e+02 1.987647e-01
3.464000e+02 1.116199e+02 2.064847e-01
3.464000e+02 1.116240e+02 2.084244e-01
3.464000e+02 1.116848e+02 2.037438e-01
3.464000e+02 1.113865e+02 2.003011e-01
3.464000e+02 1.116518e+02 1.975297e-01
3.464000e+02 1.112521e+02 1.975411e-01
3.466000e+02 1.215846e+02 2.191085e-01
3.466000e+02 1.220434e+02 2.197047e-01
3.466000e+02 1.221083e+02 2.201668e-01
3.466000e+02 1.216718e+02 2.202702e-01
3.466000e+02 1.221086e+02 2.172236e-01
3.466000e+02 1.220320e+02 2.163484e-01
3.466000e+02 1.219538e+02 2.206332e-01
3.466000e+02 1.217846e+02 2.233556e-01
3.466000e+02 1.219412e+02 2.244601e-01
3.466000e+02 1.216835e+02 2.215008e-01
3.466000e+02 1.217455e+02 2.181551e-01
3.466000e+02 1.218482e+02 2.206001e-01
3.466000e+02 1.220748e+02 2.228172e-01
3.466000e+02 1.218601e+02 2.183940e-01
3.466000e+02 1.219005e+02 2.206078e-01
3.466000e+02 1.218016e+02 2.171881e-01
3.466000e+02 1.222717e+02 2.207370e-01
3.466000e+02 1.218101e+02 2.209746e-01
3.466000e+02 1.218043e+02 2.215986e-01
3.466000e+02 1.217879e+02 2.174078e-01
3.468000e+02 1.321466e+02 2.403599e-01
3.468000e+02 1.328867e+02 2.391731e-01
3.468000e+02 1.328338e+02 2.407824e-01
3.468000e+02 1.328346e+02 2.424427e-01
3.468000e+02 1.328209e+02 2.407073e-01
3.468000e+02 1.325654e+02 2.356879e-01
3.468000e+02 1.326384e+02 2.405532e-01
3.468000e+02 1.328802e+02 2.448481e-01
3.468000e+02 1.326476e+02 2.363287e-01
3.468000e+02 1.331208e+02 2.365756e-01
3.468000e+02 1.325641e+02 2.374125e-01
3.468000e+02 1.325334e+02 2.480300e-01
3.468000e+02 1.323537e+02 2.338958e-01
3.468000e+02 1.326082e+02 2.401495e-01
3.468000e+02 1.324781e+02 2.411721e-01
3.468000e+02 1.328558e+02 2.362290e-01
3.468000e+02 1.320306e+02 2.335609e-01
3.468000e+02 1.326449e+02 2.385999e-01
3.468000e+02 1.327783e+02 2.390651e-01
3.468000e+02 1.325720e+02 2.400572e-01
3.470000e+02 1.436924e+02 2.574663e-01
3.470000e+02 1.433864e+02 2.644350e-01
3.470000e+02 1.438325e+02 2.543197e-01
3.470000e+02 1.433881e+02 2.546729e-01
3.470000e+02 1.434536e+02 2.575118e-01
3.470000e+02 1.436213e+02 2.532403e-01
3.470000e+02 1.437550e+02 2.568099e-01
3.470000e+02 1.433147e+02 2.539624e-01
3.470000e+02 1.438302e+02 2.560559e-01
3.470000e+02 1.436638e+02 2.542112e-01
3.470000e+02 1.432508e+02 2.621982e-01
3.470000e+02 1.437365e+02 2.574080e-01
3.470000e+02 1.434898e+02 2.559251e-01
3.470000e+02 1.435915e+02 2.544316e-01
3.470000e+02 1.432778e+02 2.543491e-01
3.470000e+02 1.434929e+02 2.535999e-01
3.470000e+02 1.435428e+02 2.624915e-01
3.470000e+02 1.436982e+02 2.611812e-01
3.470000e+02 1.433633e+02 2.583718e-01
3.470000e+02 1.435070e+02 2.585657e-01
3.472000e+02 1.548505e+02 2.776594e-01
3.472000e+02 1.547079e+02 2.773735e-01
3.472000e+02 1.542977e+02 2.758460e-01
3.472000e+02 1.545882e+02 2.829336e-01
3.472000e+02 1.544493e+02 2.799111e-01
3.472000e+02 1.546577e+02 2.774350e-01
3.472000e+02 1.548329e+02 2.766158e-01
3.472000e+02 1.543283e+02 2.761304e-01
3.472000e+02 1.545830e+02 2.721335e-01
3.472000e+02 1.550559e+02 2.812585e-01
3.472000e+02 1.551046e+02 2.808338e-01
3.472000e+02 1.548194e+02 2.804045e-01
3.472000e+02 1.546441e+02 2.767113e-01
3.472000e+02 1.546217e+02 2.774932e-01
3.472000e+02 1.544967e+02 2.775474e-01
3.472000e+02 1.548488e+02 2.821679e-01
3.472000e+02 1.542615e+02 2.734161e-01
3.472000e+02 1.552024e+02 2.782977e-01
3.472000e+02 1.551297e+02 2.738080e-01
3.472000e+02 1.548057e+02 2.778154e-01
3.474000e+02 1.658412e+02 2.951068e-01
3.474000e+02 1.659463e+02 2.992232e-01
3.474000e+02 1.656744e+02 2.974659e-01
3.474000e+02 1.655169e+02 2.933210e-01
3.474000e+02 1.658999e+02 2.969935e-01
3.474000e+02 1.659600e+02 3.032350e-01
3.474000e+02 1.659679e+02 2.929501e-01
3.474000e+02 1.654999e+02 2.949843e-01
3.474000e+02 1.662617e+02 2.910180e-01
3.474000e+02 1.660898e+02 2.986295e-01
3.474000e+02 1.657045e+02 3.032968e-01
3.474000e+02 1.657022e+02 2.993563e-01
3.474000e+02 1.656834e+02 2.930534e-01
3.474000e+02 1.654859e+02 2.995450e-01
3.474000e+02 1.657388e+02 3.029733e-01
3.474000e+02 1.654939e+02 2.922532e-01
3.474000e+02 1.654898e+02 3.058677e-01
3.474000e+02 1.654928e+02 2.982180e-01
3.474000e+02 1.653711e+02 2.982803e-01
3.474000e+02 1.658507e+02 2.985082e-01
3.476000e+02 1.762754e+02 3.183598e-01
3.476000e+02 1.763037e+02 3.136884e-01
3.476000e+02 1.766139e+02 3.266434e-01
3.476000e+02 1.763250e+02 3.177059e-01
3.476000e+02 1.770661e+02 3.146169e-01
3.476000e+02 1.766967e+02 3.145296e-01
3.476000e+02 1.764591e+02 3.157667e-01
3.476000e+02 1.763985e+02 3.147032e-01
3.476000e+02 1.763728e+02 3.174812e-01
3.476000e+02 1.763839e+02 3.110590e-01
3.476000e+02 1.768205e+02 3.235744e-01
3.476000e+02 1.768919e+02 3.238506e-01
3.476000e+02 1.764350e+02 3.157838e-01
3.476000e+02 1.764080e+02 3.114403e-01
3.476000e+02 1.766132e+02 3.241184e-01
3.476000e+02 1.772015e+02 3.116778e-01
3.476000e+02 1.763525e+02 3.195810e-01
3.476000e+02 1.761528e+02 3.258917e-01
3.476000e+02 1.770809e+02 3.171679e-01
3.476000e+02 1.767082e+02 3.141880e-01
3.478000e+02 1.874239e+02 3.346757e-01
3.478000e+02 1.876044e+02 3.405993e-01
3.478000e+02 1.864254e+02 3.377419e-01
3.478000e+02 1.872345e+02 3.376036e-01
3.478000e+02 1.872769e+02 3.319537e-01
3.478000e+02 1.868013e+02 3.332276e-01
3.478000e+02 1.869587e+02 3.377898e-01
3.478000e+02 1.868407e+02 3.386924e-01
3.478000e+02 1.872514e+02 3.429907e-01
3.478000e+02 1.870758e+02 3.363210e-01
3.478000e+02 1.870231e+02 3.392422e-01
3.478000e+02 1.866110e+02 3.308750e-01
3.478000e+02 1.868948e+02 3.403483e-01
3.478000e+02 1.880767e+02 3.315928e-01
3.478000e+02 1.878172e+02 3.314314e-01
3.478000e+02 1.866229e+02 3.372005e-01
3.478000e+02 1.872471e+02 3.379231e-01
3.478000e+02 1.877138e+02 3.428352e-01
3.478000e+02 1.871825e+02 3.379362e-01
3.478000e+02 1.875231e+02 3.488178e-01
3.480000e+02 1.973086e+02 3.489140e-01
3.480000e+02 1.977044e+02 3.465928e-01
3.480000e+02 1.975276e+02 3.519988e-01
3.480000e+02 1.974827e+02 3.626168e-01
3.480000e+02 1.976093e+02 3.515767e-01
3.480000e+02 1.979617e+02 3.566024e-01
3.480000e+02 1.978018e+02 3.576432e-01
3.480000e+02 1.980248e+02 3.525632e-01
3.480000e+02 1.971354e+02 3.599872e-01
3.480000e+02 1.972541e+02 3.566836e-01
3.480000e+02 1.973371e+02 3.563852e-01
3.480000e+02 1.974287e+02 3.561854e-01
3.480000e+02 1.974756e+02 3.605614e-01
3.480000e+02 1.979822e+02 3.501652e-01
3.480000e+02 1.972723e+02 3.524150e-01
3.480000e+02 1.972784e+02 3.562748e-01
3.480000e+02 1.973812e+02 3.496101e-01
3.480000e+02 1.974153e+02 3.616722e-01
3.480000e+02 1.974124e+02 3.558812e-01
3.480000e+02 1.968496e+02 3.618287e-01
3.482000e+02 2.067753e+02 3.774640e-01
3.482000e+02 2.075893e+02 3.791249e-01
3.482000e+02 2.081817e+02 3.686224e-01
3.482000e+02 2.078380e+02 3.808969e-01
3.482000e+02 2.075581e+02 3.760167e-01
3.482000e+02 2.073431e+02 3.758845e-01
3.482000e+02 2.073822e+02 3.800638e-01
3.482000e+02 2.072749e+02 3.715043e-01
3.482000e+02 2.071780e+02 3.706650e-01
3.482000e+02 2.076473e+02 3.745356e-01
3.482000e+02 2.070069e+02 3.795275e-01
3.482000e+02 2.069921e+02 3.746206e-01
3.482000e+02 2.074688e+02 3.762764e-01
3.482000e+02 2.069065e+02 3.810976e-01
3.482000e+02 2.068641e+02 3.703193e-01
3.482000e+02 2.065164e+02 3.765749e-01
3.482000e+02 2.076185e+02 3.731291e-01
3.482000e+02 2.073166e+02 3.759425e-01
3.482000e+02 2.074346e+02 3.777830e-01
3.482000e+02 2.075445e+02 3.704080e-01
3.484000e+02 2.168212e+02 3.933911e-01
3.484000e+02 2.173387e+02 4.003651e-01
3.484000e+02 2.171999e+02 3.970730e-01
3.484000e+02 2.180367e+02 3.888286e-01
3.484000e+02 2.170285e+02 3.925133e-01
3.484000e+02 2.167156e+02 3.866497e-01
3.484000e+02 2.176844e+02 3.922621e-01
3.484000e+02 2.164050e+02 3.950887e-01
3.484000e+02 2.172286e+02 3.948319e-01
3.484000e+02 2.163292e+02 3.892039e-01
3.484000e+02 2.164296e+02 3.912353e-01
3.484000e+02 2.172945e+02 3.956259e-01
3.484000e+02 2.173276e+02 4.026906e-01
3.484000e+02 2.176663e+02 3.943061e-01
3.484000e+02 2.173157e+02 3.965656e-01
3.484000e+02 2.177009e+02 4.053266e-01
3.484000e+02 2.162783e+02 4.002316e-01
3.484000e+02 2.165943e+02 3.981121e-01
3.484000e+02 2.169776e+02 4.069781e-01
3.484000e+02 2.170858e+02 3.889572e-01
3.486000e+02 2.267468e+02 4.103927e-01
3.486000e+02 2.267745e+02 4.078008e-01
3.486000e+02 2.254292e+02 4.141633e-01
3.486000e+02 2.260308e+02 4.122118e-01
3.486000e+02 2.266513e+02 4.199051e-01
3.486000e+02 2.262950e+02 4.088051e-01
3.486000e+02 2.268826e+02 4.211400e-01
3.486000e+02 2.265945e+02 4.145148e-01
3.486000e+02 2.263566e+02 4.194380e-01
3.486000e+02 2.265521e+02 4.246674e-01
3.486000e+02 2.261775e+02 4.067534e-01
3.486000e+02 2.265991e+02 4.194988e-01
3.486000e+02 2.266449e+02 4.096904e-01
3.486000e+02 2.268953e+02 4.118016e-01
3.486000e+02 2.263968e+02 4.159471e-01
3.486000e+02 2.265655e+02 4.108407e-01
3.486000e+02 2.258873e+02 4.072155e-01
3.486000e+02 2.263746e+02 4.194533e-01
3.486000e+02 2.268929e+02 4.078832e-01
3.486000e+02 2.267238e+02 4.071466e-01
3.488000e+02 2.357650e+02 4.291107e-01
3.488000e+02 2.357033e+02 4.196640e-01
3.488000e+02 2.362988e+02 4.287016e-01
3.488000e+02 2.351450e+02 4.317691e-01
3.488000e+02 2.349449e+02 4.354567e-01
3.488000e+02 2.353345e+02 4.326409e-01
3.488000e+02 2.356739e+02 4.312150e-01
3.488000e+02 2.353199e+02 4.460523e-01
3.488000e+02 2.351284e+02 4.356938e-01
3.488000e+02 2.354933e+02 4.297478e-01
3.488000e+02 2.353652e+02 4.433280e-01
3.488000e+02 2.357962e+02 4.286962e-01
3.488000e+02 2.362428e+02 4.402722e-01
3.488000e+02 2.351392e+02 4.320700e-01
3.488000e+02 2.352343e+02 4.291143e-01
3.488000e+02 2.355693e+02 4.296774e-01
3.488000e+02 2.350064e+02 4.366642e-01
3.488000e+02 2.358847e+02 4.351725e-01
3.488000e+02 2.355931e+02 4.210254e-01
3.488000e+02 2.354882e+02 4.222596e-01
3.490000e+02 2.442159e+02 4.488237e-01
3.490000e+02 2.441988e+02 4.499066e-01
3.490000e+02 2.448877e+02 4.492615e-01
3.490000e+02 2.443728e+02 4.532006e-01
3.490000e+02 2.447303e+02 4.491678e-01
3.490000e+02 2.443816e+02 4.449657e-01
3.490000e+02 2.439641e+02 4.486661e-01
3.490000e+02 2.446581e+02 4.487231e-01
3.490000e+02 2.445532e+02 4.516564e-01
3.490000e+02 2.448551e+02 4.482646e-01
3.490000e+02 2.446350e+02 4.422463e-01
3.490000e+02 2.441874e+02 4.510635e-01
3.490000e+02 2.448227e+02 4.492914e-01
3.490000e+02 2.453233e+02 4.496260e-01
3.490000e+02 2.442970e+02 4.411865e-01
3.490000e+02 2.445404e+02 4.448737e-01
3.490000e+02 2.445107e+02 4.522326e-01
3.490000e+02 2.441691e+02 4.565210e-01
3.490000e+02 2.440068e+02 4.487392e-01
3.490000e+02 2.439635e+02 4.476549e-01
3.492000e+02 2.523684e+02 4.626341e-01
3.492000e+02 2.529555e+02 4.708781e-01
3.492000e+02 2.533364e+02 4.745346e-01
3.492000e+02 2.534476e+02 4.974436e-01
3.492000e+02 2.535621e+02 4.783702e-01
3.492000e+02 2.520650e+02 4.683402e-01
3.492000e+02 2.538829e+02 4.731497e-01
3.492000e+02 2.533052e+02 4.650309e-01
3.492000e+02 2.526318e+02 4.690537e-01
3.492000e+02 2.524946e+02 4.654596e-01
3.492000e+02 2.529174e+02 4.601452e-01
3.492000e+02 2.535105e+02 4.659592e-01
3.492000e+02 2.527285e+02 4.563457e-01
3.492000e+02 2.524320e+02 4.460576e-01
3.492000e+02 2.528370e+02 4.742297e-01
3.492000e+02 2.538187e+02 4.598548e-01
3.492000e+02 2.533162e+02 4.777833e-01
3.492000e+02 2.532361e+02 4.620911e-01
3.492000e+02 2.524613e+02 4.664817e-01
3.492000e+02 2.528087e+02 4.665325e-01
3.494000e+02 2.615082e+02 4.904784e-01
3.494000e+02 2.607230e+02 4.814940e-01
3.494000e+02 2.599033e+02 4.806357e-01
3.494000e+02 2.602947e+02 4.884824e-01
3.494000e+02 2.603277e+02 4.853693e-01
3.494000e+02 2.604936e+02 4.872592e-01
3.494000e+02 2.605179e+02 4.825125e-01
3.494000e+02 2.609517e+02 4.955269e-01
3.494000e+02 2.608500e+02 4.972064e-01
3.494000e+02 2.606079e+02 4.832504e-01
3.494000e+02 2.623728e+02 4.964136e-01
3.494000e+02 2.616900e+02 4.765343e-01
3.494000e+02 2.618099e+02 4.863423e-01
3.494000e+02 2.615167e+02 4.752013e-01
3.494000e+02 2.612672e+02 4.817684e-01
3.494000e+02 2.612780e+02 4.900178e-01
3.494000e+02 2.615448e+02 4.839945e-01
3.494000e+02 2.607151e+02 4.772032e-01
3.494000e+02 2.611885e+02 4.898097e-01
3.494000e+02 2.611392e+02 4.902945e-01
3.496000e+02 2.695308e+02 5.412516e-01
3.496000e+02 2.690851e+02 4.910640e-01
3.496000e+02 2.692215e+02 5.005979e-01
3.496000e+02 2.697477e+02 4.953562e-01
3.496000e+02 2.689728e+02 4.990331e-01
3.496000e+02 2.687765e+02 4.946847e-01
3.496000e+02 2.693567e+02 4.991662e-01
3.496000e+02 2.700769e+02 5.040543e-01
3.496000e+02 2.693369e+02 5.000271e-01
3.496000e+02 2.687356e+02 5.068886e-01
3.496000e+02 2.687751e+02 4.993989e-01
3.496000e+02 2.699804e+02 5.049678e-01
3.496000e+02 2.695600e+02 4.966146e-01
3.496000e+02 2.690543e+02 5.132017e-01
3.496000e+02 2.695469e+02 5.044064e-01
3.496000e+02 2.691343e+02 4.933846e-01
3.496000e+02 2.688487e+02 4.932189e-01
3.496000e+02 2.689397e+02 4.973457e-01
3.496000e+02 2.696501e+02 4.945700e-01
3.496000e+02 2.693044e+02 4.987605e-01
3.498000e+02 2.775299e+02 5.178846e-01
3.498000e+02 2.759062e+02 5.244206e-01
3.498000e+02 2.775136e+02 5.251720e-01
3.498000e+02 2.776063e+02 5.251421e-01
3.498000e+02 2.767127e+02 5.176228e-01
3.498000e+02 2.771337e+02 5.178256e-01
3.498000e+02 2.765266e+02 5.130295e-01
3.498000e+02 2.769084e+02 5.151614e-01
3.498000e+02 2.769770e+02 5.174499e-01
3.498000e+02 2.766092e+02 5.175336e-01
3.498000e+02 2.758988e+02 5.152003e-01
3.498000e+02 2.768318e+02 5.256467e-01
3.498000e+02 2.769575e+02 5.139717e-01
3.498000e+02 2.767095e+02 5.242471e-01
3.498000e+02 2.758506e+02 5.169523e-01
3.498000e+02 2.770048e+02 5.224126e-01
3.498000e+02 2.777890e+02 5.175562e-01
3.498000e+02 2.769007e+02 5.137482e-01
3.498000e+02 2.768372e+02 5.244368e-01
3.498000e+02 2.776626e+02 5.175243e-01
3.500000e+02 2.845523e+02 5.373105e-01
3.500000e+02 2.851357e+02 5.365006e-01
3.500000e+02 2.849567e+02 5.273275e-01
3.500000e+02 2.848514e+02 5.267397e-01
3.500000e+02 2.849766e+02 5.360094e-01
3.500000e+02 2.846397e+02 5.259169e-01
3.500000e+02 2.853748e+02 5.354596e-01
3.500000e+02 2.849999e+02 5.283178e-01
3.500000e+02 2.833056e+02 5.267122e-01
3.500000e+02 2.847779e+02 5.305566e-01
3.500000e+02 2.847129e+02 5.318179e-01
3.500000e+02 2.854047e+02 5.413959e-01
3.500000e+02 2.855637e+02 5.236543e-01
3.500000e+02 2.847740e+02 5.324700e-01
3.500000e+02 2.845187e+02 5.365743e-01
3.500000e+02 2.847755e+02 5.398040e-01
3.500000e+02 2.849632e+02 5.350765e-01
3.500000e+02 2.848001e+02 5.291176e-01
3.500000e+02 2.849273e+02 5.370469e-01
3.500000e+02 2.850435e+02 5.324810e-01
3.510000e+02 3.193364e+02 6.137498e-01
3.510000e+02 3.197152e+02 5.994829e-01
3.510000e+02 3.214534e+02 6.128783e-01
3.510000e+02 3.183014e+02 6.156747e-01
3.510000e+02 3.191752e+02 6.020672e-01
3.510000e+02 3.193932e+02 6.051964e-01
3.510000e+02 3.201643e+02 6.050856e-01
3.510000e+02 3.197809e+02 6.145867e-01
3.510000e+02 3.194065e+02 5.920468e-01
3.510000e+02 3.203529e+02 6.088862e-01
3.510000e+02 3.197163e+02 6.102537e-01
3.510000e+02 3.194353e+02 6.101411e-01
3.510000e+02 3.192554e+02 6.020357e-01
3.510000e+02 3.196705e+02 6.091598e-01
3.510000e+02 3.200388e+02 6.105383e-01
3.510000e+02 3.195687e+02 6.208429e-01
3.510000e+02 3.197871e+02 6.106102e-01
3.510000e+02 3.180770e+02 6.133486e-01
3.510000e+02 3.198376e+02 5.892627e-01
3.510000e+02 3.189744e+02 6.203175e-01
3.520000e+02 3.503259e+02 6.788246e-01
3.520000e+02 3.497960e+02 6.733965e-01
3.520000e+02 3.510123e+02 6.759112e-01
3.520000e+02 3.508746e+02 6.700942e-01
3.520000e+02 3.502272e+02 6.822342e-01
3.520000e+02 3.510422e+02 6.857683e-01
3.520000e+02 3.495413e+02 6.771795e-01
3.520000e+02 3.507329e+02 6.926300e-01
3.520000e+02 3.507996e+02 6.750201e-01
3.520000e+02 3.513464e+02 6.673689e-01
3.520000e+02 3.500986e+02 6.676590e-01
3.520000e+02 3.501803e+02 6.686791e-01
3.520000e+02 3.507396e+02 6.694766e-01
3.520000e+02 3.503897e+02 6.723955e-01
3.520000e+02 3.524445e+02 6.834277e-01
3.520000e+02 3.513279e+02 6.896779e-01
3.520000e+02 3.498991e+02 6.787538e-01
3.520000e+02 3.499396e+02 6.880658e-01
3.520000e+02 3.503375e+02 6.756875e-01
3.520000e+02 3.499460e+02 6.663792e-01
3.530000e+02 3.781349e+02 7.262587e-01
3.530000e+02 3.784691e+02 7.390339e-01
3.530000e+02 3.779276e+02 7.356120e-01
3.530000e+02 3.789306e+02 7.354558e-01
3.530000e+02 3.794525e+02 7.521923e-01
3.530000e+02 3.775978e+02 7.328668e-01
3.530000e+02 3.780498e+02 7.257613e-01
3.530000e+02 3.775481e+02 7.325568e-01
3.530000e+02 3.775839e+02 7.344924e-01
3.530000e+02 3.782739e+02 7.347623e-01
3.530000e+02 3.786447e+02 7.202320e-01
3.530000e+02 3.780986e+02 7.493761e-01
3.530000e+02 3.783049e+02 7.385081e-01
3.530000e+02 3.772607e+02 7.405652e-01
3.530000e+02 3.807433e+02 7.415157e-01
3.530000e+02 3.788200e+02 7.350159e-01
3.530000e+02 3.782625e+02 7.330653e-01
3.530000e+02 3.776645e+02 7.326599e-01
3.530000e+02 3.781893e+02 7.475827e-01
3.530000e+02 3.799490e+02 7.285167e-01
3.540000e+02 4.052039e+02 7.661053e-01
3.540000e+02 4.032046e+02 8.007253e-01
3.540000e+02 4.024524e+02 7.948246e-01
3.540000e+02 4.033620e+02 8.023924e-01
3.540000e+02 4.037815e+02 7.974618e-01
3.540000e+02 4.027286e+02 7.879989e-01
3.540000e+02 4.043292e+02 7.843250e-01
3.540000e+02 4.039423e+02 7.937444e-01
3.540000e+02 4.032388e+02 8.032510e-01
3.540000e+02 4.040235e+02 7.988895e-01
3.540000e+02 4.028075e+02 7.803384e-01
3.540000e+02 4.040039e+02 7.848935e-01
3.540000e+02 4.021449e+02 8.080032e-01
3.540000e+02 4.030472e+02 7.884559e-01
3.540000e+02 4.037460e+02 7.954232e-01
3.540000e+02 4.049180e+02 7.823630e-01
3.540000e+02 4.041050e+02 7.912440e-01
3.540000e+02 4.062362e+02 7.921867e-01
3.540000e+02 4.038624e+02 7.981268e-01
3.540000e+02 4.039144e+02 8.009603e-01
3.550000e+02 4.274168e+02 8.516254e-01
3.550000e+02 4.275287e+02 8.514184e-01
3.550000e+02 4.262793e+02 8.280307e-01
3.550000e+02 4.284165e+02 8.559216e-01
3.550000e+02 4.273277e+02 8.650047e-01
3.550000e+02 4.275238e+02 8.265128e-01
3.550000e+02 4.256057e+02 8.284481e-01
3.550000e+02 4.267918e+02 8.503719e-01
3.550000e+02 4.270353e+02 8.480334e-01
3.550000e+02 4.261188e+02 8.383992e-01
3.550000e+02 4.283752e+02 8.434113e-01
3.550000e+02 4.260696e+02 8.084393e-01
3.550000e+02 4.261360e+02 8.502632e-01
3.550000e+02 4.279073e+02 8.469753e-01
3.550000e+02 4.269734e+02 8.391204e-01
3.550000e+02 4.271159e+02 8.234723e-01
3.550000e+02 4.258004e+02 8.373211e-01
3.550000e+02 4.274984e+02 8.681980e-01
3.550000e+02 4.260844e+02 8.386108e-01
3.550000e+02 4.278418e+02 8.395601e-01
3.560000e+02 4.481042e+02 8.879207e-01
3.560000e+02 4.471073e+02 8.541005e-01
3.560000e+02 4.474312e+02 8.798381e-01
3.560000e+02 4.469906e+02 8.739261e-01
3.560000e+02 4.501824e+02 9.069649e-01
3.560000e+02 4.488560e+02 8.967497e-01
3.560000e+02 4.483018e+02 9.114699e-01
3.560000e+02 4.470311e+02 8.753734e-01
3.560000e+02 4.470528e+02 8.814305e-01
3.560000e+02 4.479085e+02 9.177031e-01
3.560000e+02 4.482762e+02 9.111220e-01
3.560000e+02 4.473612e+02 8.789887e-01
3.560000e+02 4.473924e+02 8.959787e-01
3.560000e+02 4.485895e+02 8.888308e-01
3.560000e+02 4.477774e+02 8.973911e-01
3.560000e+02 4.475688e+02 8.964986e-01
3.560000e+02 4.470030e+02 8.846335e-01
3.560000e+02 4.471137e+02 8.800969e-01
3.560000e+02 4.488584e+02 8.960230e-01
3.560000e+02 4.473272e+02 8.894691e-01
3.570000e+02 4.663732e+02 9.348192e-01
3.570000e+02 4.669312e+02 9.393333e-01
3.570000e+02 4.685733e+02 9.367537e-01
3.570000e+02 4.652147e+02 9.260507e-01
3.570000e+02 4.667378e+02 9.063643e-01
3.570000e+02 4.697642e+02 9.185060e-01
3.570000e+02 4.678163e+02 9.179335e-01
3.570000e+02 4.666602e+02 9.014517e-01
3.570000e+02 4.675867e+02 9.393740e-01
3.570000e+02 4.664488e+02 9.183557e-01
3.570000e+02 4.664926e+02 9.221995e-01
3.570000e+02 4.668877e+02 9.350544e-01
3.570000e+02 4.677446e+02 9.396064e-01
3.570000e+02 4.670543e+02 9.035436e-01
3.570000e+02 4.676665e+02 9.196457e-01
3.570000e+02 4.673796e+02 9.363701e-01
3.570000e+02 4.687652e+02 9.003858e-01
3.570000e+02 4.677588e+02 9.023101e-01
3.570000e+02 4.667069e+02 9.257492e-01
3.570000e+02 4.673279e+02 9.443279e-01
3.580000e+02 4.867669e+02 9.682026e-01
3.580000e+02 4.839641e+02 9.402511e-01
3.580000e+02 4.862320e+02 9.541926e-01
3.580000e+02 4.861412e+02 1.006872e+00
3.580000e+02 4.870807e+02 9.449551e-01
3.580000e+02 4.870253e+02 9.613562e-01
3.580000e+02 4.864465e+02 9.550183e-01
3.580000e+02 4.859131e+02 9.656496e-01
3.580000e+02 4.829862e+02 9.543368e-01
3.580000e+02 4.860753e+02 9.518362e-01
3.580000e+02 4.864301e+02 9.717341e-01
3.580000e+02 4.864007e+02 9.661909e-01
3.580000e+02 4.875847e+02 9.804753e-01
3.580000e+02 4.869877e+02 9.615636e-01
3.580000e+02 4.837680e+02 9.596977e-01
3.580000e+02 4.861078e+02 9.652980e-01
3.580000e+02 4.867711e+02 9.693620e-01
3.580000e+02 4.855662e+02 9.763957e-01
3.580000e+02 4.867071e+02 9.779489e-01
3.580000e+02 4.859062e+02 9.704439e-01
3.590000e+02 4.998563e+02 1.010414e+00
3.590000e+02 5.029376e+02 9.992199e-01
3.590000e+02 5.023206e+02 1.006451e+00
3.590000e+02 5.029440e+02 1.004873e+00
3.590000e+02 5.045463e+02 1.023773e+00
3.590000e+02 5.016029e+02 1.000322e+00
3.590000e+02 5.025713e+02 9.907610e-01
3.590000e+02 5.018007e+02 1.001787e+00
3.590000e+02 5.018072e+02 9.819636e-01
3.590000e+02 5.032631e+02 1.012682e+00
3.590000e+02 5.034476e+02 1.013831e+00
3.590000e+02 5.021268e+02 1.009246e+00
3.590000e+02 5.036845e+02 9.758152e-01
3.590000e+02 5.034540e+02 1.017435e+00
3.590000e+02 5.035017e+02 1.023966e+00
3.590000e+02 5.028323e+02 1.003007e+00
3.590000e+02 5.023245e+02 9.759891e-01
3.590000e+02 5.011202e+02 9.889927e-01
3.590000e+02 5.030235e+02 1.007947e+00
3.590000e+02 5.034288e+02 1.025899e+00
3.600000e+02 5.190362e+02 1.055352e+00
3.600000e+02 5.184153e+02 1.037984e+00
3.600000e+02 5.190623e+02 1.016644e+00
3.600000e+02 5.187747e+02 1.029312e+00
3.600000e+02 5.185774e+02 1.034475e+00
3.600000e+02 5.187942e+02 1.039214e+00
3.600000e+02 5.187269e+02 1.044913e+00
3.600000e+02 5.187387e+02 1.061266e+00
3.600000e+02 5.175737e+02 1.058946e+00
3.600000e+02 5.198806e+02 1.044698e+00
3.600000e+02 5.192363e+02 1.047023e+00
3.600000e+02 5.196756e+02 1.073279e+00
3.600000e+02 5.192506e+02 1.047266e+00
3.600000e+02 5.195546e+02 1.018553e+00
3.600000e+02 5.180601e+02 1.044935e+00
3.600000e+02 5.212429e+02 1.031627e+00
3.600000e+02 5.170735e+02 1.054438e+00
3.600000e+02 5.191303e+02 1.037310e+00
3.600000e+02 5.194302e+02 1.059007e+00
3.600000e+02 5.180546e+02 1.059356e+00
3.650000e+02 5.859641e+02 1.190352e+00
3.650000e+02 5.836934e+02 1.150037e+00
3.650000e+02 5.867242e+02 1.234379e+00
3.650000e+02 5.847793e+02 1.167314e+00
3.650000e+02 5.845802e+02 1.186354e+00
3.650000e+02 5.875688e+02 1.213748e+00
3.650000e+02 5.846232e+02 1.214947e+00
3.650000e+02 5.837299e+02 1.154743e+00
3.650000e+02 5.845717e+02 1.187707e+00
3.650000e+02 5.847459e+02 1.176016e+00
3.650000e+02 5.846394e+02 1.204452e+00
3.650000e+02 5.851864e+02 1.178737e+00
3.650000e+02 5.849032e+02 1.166931e+00
3.650000e+02 5.841967e+02 1.204062e+00
3.650000e+02 5.873284e+02 1.191042e+00
3.650000e+02 5.861740e+02 1.188535e+00
3.650000e+02 5.878028e+02 1.224299e+00
3.650000e+02 5.845330e+02 1.191501e+00
3.650000e+02 5.818769e+02 1.212053e+00
3.650000e+02 5.872044e+02 1.171059e+00
3.700000e+02 6.368331e+02 1.278103e+00
3.700000e+02 6.383190e+02 1.321141e+00
3.700000e+02 6.345208e+02 1.335563e+00
3.700000e+02 6.376437e+02 1.320601e+00
3.700000e+02 6.363817e+02 1.323947e+00
3.700000e+02 6.348126e+02 1.306577e+00
3.700000e+02 6.361330e+02 1.265184e+00
3.700000e+02 6.358222e+02 1.284832e+00
3.700000e+02 6.354080e+02 1.313579e+00
3.700000e+02 6.337483e+02 1.260956e+00
3.700000e+02 6.370644e+02 1.306180e+00
3.700000e+02 6.347892e+02 1.290538e+00
3.700000e+02 6.359107e+02 1.301045e+00
3.700000e+02 6.351288e+02 1.301935e+00
3.700000e+02 6.363282e+02 1.310856e+00
3.700000e+02 6.377346e+02 1.301780e+00
3.700000e+02 6.353878e+02 1.270489e+00
3.700000e+02 6.355464e+02 1.304790e+00
3.700000e+02 6.345702e+02 1.306224e+00
3.700000e+02 6.357864e+02 1.269429e+00
3.750000e+02 6.738646e+02 1.408778e+00
3.750000e+02 6.762226e+02 1.411178e+00
3.750000e+02 6.747542e+02 1.394365e+00
3.750000e+02 6.758334e+02 1.437054e+00
3.750000e+02 6.743905e+02 1.364621e+00
3.750000e+02 6.741342e+02 1.392102e+00
3.750000e+02 6.752360e+02 1.404531e+00
3.750000e+02 6.737492e+02 1.410541e+00
3.750000e+02 6.743551e+02 1.410700e+00
3.750000e+02 6.742086e+02 1.445331e+00
3.750000e+02 6.750627e+02 1.384595e+00
3.750000e+02 6.742944e+02 1.413762e+00
3.750000e+02 6.772251e+02 1.392155e+00
3.750000e+02 6.726891e+02 1.415079e+00
3.750000e+02 6.751554e+02 1.417040e+00
3.750000e+02 6.719347e+02 1.388441e+00
3.750000e+02 6.739110e+02 1.410806e+00
3.750000e+02 6.729318e+02 1.438366e+00
3.750000e+02 6.743099e+02 1.434967e+00
3.750000e+02 6.745537e+02 1.416286e+00
3.800000e+02 7.059041e+02 1.469429e+00
3.800000e+02 7.033748e+02 1.469955e+00
3.800000e+02 7.016340e+02 1.458104e+00
3.800000e+02 7.052389e+02 1.511042e+00
3.800000e+02 7.090117e+02 1.493411e+00
3.800000e+02 7.061998e+02 1.502462e+00
3.800000e+02 7.053317e+02 1.480115e+00
3.800000e+02 7.052316e+02 1.530614e+00
3.800000e+02 7.042664e+02 1.471877e+00
3.800000e+02 7.066036e+02 1.455640e+00
3.800000e+02 7.053714e+02 1.532164e+00
3.800000e+02 7.063885e+02 1.474147e+00
3.800000e+02 7.067699e+02 1.510685e+00
3.800000e+02 7.067622e+02 1.468321e+00
3.800000e+02 7.047165e+02 1.488083e+00
3.800000e+02 7.073553e+02 1.475214e+00
3.800000e+02 7.048061e+02 1.448982e+00
3.800000e+02 7.045171e+02 1.473912e+00
3.800000e+02 7.040179e+02 1.527908e+00
3.800000e+02 7.070753e+02 1.516451e+00
3.850000e+02 7.265320e+02 1.580299e+00
3.850000e+02 7.297590e+02 1.585917e+00
3.850000e+02 7.272810e+02 1.506677e+00
3.850000e+02 7.288835e+02 1.563320e+00
3.850000e+02 7.292232e+02 1.558173e+00
3.850000e+02 7.288382e+02 1.542523e+00
3.850000e+02 7.287020e+02 1.540436e+00
3.850000e+02 7.283700e+02 1.550018e+00
3.850000e+02 7.314906e+02 1.546527e+00
3.850000e+02 7.261676e+02 1.595235e+00
3.850000e+02 7.281614e+02 1.517205e+00
3.850000e+02 7.292107e+02 1.517783e+00
3.850000e+02 7.293092e+02 1.572555e+00
3.850000e+02 7.282178e+02 1.554703e+00
3.850000e+02 7.302490e+02 1.518638e+00
3.850000e+02 7.276914e+02 1.552108e+00
3.850000e+02 7.281839e+02 1.598687e+00
3.850000e+02 7.276573e+02 1.586255e+00
3.850000e+02 7.290573e+02 1.511895e+00
3.850000e+02 7.270843e+02 1.521571e+00
3.900000e+02 7.468543e+02 1.546339e+00
3.900000e+02 7.461857e+02 1.603869e+00
3.900000e+02 7.467319e+02 1.638684e+00
3.900000e+02 7.449672e+02 1.598148e+00
3.900000e+02 7.467594e+02 1.593382e+00
3.900000e+02 7.478094e+02 1.597377e+00
3.900000e+02 7.451962e+02 1.591383e+00
3.900000e+02 7.433302e+02 1.585624e+00
3.900000e+02 7.454446e+02 1.623133e+00
3.900000e+02 7.472295e+02 1.586495e+00
3.900000e+02 7.483499e+02 1.581516e+00
3.900000e+02 7.476433e+02 1.577844e+00
3.900000e+02 7.464685e+02 1.562737e+00
3.900000e+02 7.482281e+02 1.534625e+00
3.900000e+02 7.461279e+02 1.509722e+00
3.900000e+02 7.463837e+02 1.547316e+00
3.900000e+02 7.485480e+02 1.566496e+00
3.900000e+02 7.448341e+02 1.642694e+00
3.900000e+02 7.502741e+02 1.582606e+00
3.900000e+02 7.468777e+02 1.624688e+00
4.184256e+02 7.884124e+02 1.646957e+00
4.184256e+02 7.905119e+02 1.660690e+00
4.184256e+02 7.892616e+02 1.640177e+00
4.184256e+02 7.908191e+02 1.636694e+00
4.184256e+02 7.891090e+02 1.665295e+00
4.184256e+02 7.927732e+02 1.618893e+00
4.184256e+02 7.900735e+02 1.674040e+00
4.184256e+02 7.898079e+02 1.679915e+00
4.184256e+02 7.900971e+02 1.623861e+00
4.184256e+02 7.874909e+02 1.694852e+00
4.184256e+02 7.903818e+02 1.625737e+00
4.184256e+02 7.897511e+02 1.613348e+00
4.184256e+02 7.896877e+02 1.671132e+00
4.184256e+02 7.891878e+02 1.684620e+00
4.184256e+02 7.842518e+02 1.637612e+00
4.184256e+02 7.923931e+02 1.626441e+00
4.184256e+02 7.892742e+02 1.640132e+00
4.184256e+02 7.894064e+02 1.661560e+00
4.184256e+02 7.903344e+02 1.646556e+00
4.184256e+02 7.874267e+02 1.649300e+00
4.489231e+02 7.749287e+02 1.545317e+00
4.489231e+02 7.759357e+02 1.560671e+00
4.489231e+02 7.739428e+02 1.555692e+00
4.489231e+02 7.726932e+02 1.617773e+00
4.489231e+02 7.768775e+02 1.584154e+00
4.489231e+02 7.723374e+02 1.545851e+00
4.489231e+02 7.721423e+02 1.576022e+00
4.489231e+02 7.768026e+02 1.598332e+00
4.489231e+02 7.755849e+02 1.580659e+00
4.489231e+02 7.752428e+02 1.576855e+00
4.489231e+02 7.752865e+02 1.561181e+00
4.489231e+02 7.748288e+02 1.542749e+00
4.489231e+02 7.740298e+02 1.536362e+00
4.489231e+02 7.777878e+02 1.581646e+00
4.489231e+02 7.739850e+02 1.554707e+00
4.489231e+02 7.713780e+02 1.584175e+00
4.489231e+02 7.745321e+02 1.596974e+00
4.489231e+02 7.765508e+02 1.582218e+00
4.489231e+02 7.722310e+02 1.587275e+00
4.489231e+02 7.738964e+02 1.582828e+00
4.816434e+02 7.329050e+02 1.435366e+00
4.816434e+02 7.338745e+02 1.411925e+00
4.816434e+02 7.318265e+02 1.415285e+00
4.816434e+02 7.332607e+02 1.488361e+00
4.816434e+02 7.337428e+02 1.422656e+00
4.816434e+02 7.328772e+02 1.483563e+00
4.816434e+02 7.329131e+02 1.439135e+00
4.816434e+02 7.330949e+02 1.428417e+00
4.816434e+02 7.343537e+02 1.435934e+00
4.816434e+02 7.350284e+02 1.447810e+00
4.816434e+02 7.339080e+02 1.493772e+00
4.816434e+02 7.342521e+02 1.495958e+00
4.816434e+02 7.347455e+02 1.449030e+00
4.816434e+02 7.334297e+02 1.456074e+00
4.816434e+02 7.347000e+02 1.428972e+00
4.816434e+02 7.326905e+02 1.441190e+00
4.816434e+02 7.336433e+02 1.425916e+00
4.816434e+02 7.310448e+02 1.427341e+00
4.816434e+02 7.352044e+02 1.486952e+00
4.816434e+02 7.312359e+02 1.472945e+00
5.167486e+02 6.809694e+02 1.316254e+00
5.167486e+02 6.798214e+02 1.314336e+00
5.167486e+02 6.789075e+02 1.332123e+00
5.167486e+02 6.788040e+02 1.325794e+00
5.167486e+02 6.796047e+02 1.302092e+00
5.167486e+02 6.795982e+02 1.346684e+00
5.167486e+02 6.790150e+02 1.333002e+00
5.167486e+02 6.833309e+02 1.322273e+00
5.167486e+02 6.812859e+02 1.347824e+00
5.167486e+02 6.821872e+02 1.313386e+00
5.167486e+02 6.806996e+02 1.314226e+00
5.167486e+02 6.799911e+02 1.298885e+00
5.167486e+02 6.809281e+02 1.337327e+00
5.167486e+02 6.805103e+02 1.321292e+00
5.167486e+02 6.814010e+02 1.335721e+00
5.167486e+02 6.796777e+02 1.332511e+00
5.167486e+02 6.795377e+02 1.314494e+00
5.167486e+02 6.795827e+02 1.323197e+00
5.167486e+02 6.796391e+02 1.329323e+00
5.167486e+02 6.822814e+02 1.331930e+00
5.544125e+02 6.244908e+02 1.193320e+00
5.544125e+02 6.218848e+02 1.203789e+00
5.544125e+02 6.235393e+02 1.204805e+00
5.544125e+02 6.219730e+02 1.198845e+00
5.544125e+02 6.216840e+02 1.188883e+00
5.544125e+02 6.240753e+02 1.164312e+00
5.544125e+02 6.224021e+02 1.219067e+00
5.544125e+02 6.223194e+02 1.203623e+00
5.544125e+02 6.199704e+02 1.180903e+00
5.544125e+02 6.232217e+02 1.185235e+00
5.544125e+02 6.220231e+02 1.213631e+00
5.544125e+02 6.219934e+02 1.186491e+00
5.544125e+02 6.239775e+02 1.185248e+00
5.544125e+02 6.222299e+02 1.212024e+00
5.544125e+02 6.231266e+02 1.193284e+00
5.544125e+02 6.213905e+02 1.172336e+00
5.544125e+02 6.226379e+02 1.187479e+00
5.544125e+02 6.215985e+02 1.194192e+00
5.544125e+02 6.222352e+02 1.185213e+00
5.948215e+02 5.649149e+02 1.033624e+00
5.948215e+02 5.661044e+02 1.047420e+00
5.948215e+02 5.650010e+02 1.064708e+00
5.948215e+02 5.653971e+02 1.058761e+00
5.948215e+02 5.627925e+02 1.024922e+00
5.948215e+02 5.643676e+02 1.059750e+00
5.948215e+02 5.653139e+02 1.053138e+00
5.948215e+02 5.658998e+02 1.050256e+00
5.948215e+02 5.652054e+02 1.062612e+00
5.948215e+02 5.655460e+02 1.050750e+00
5.948215e+02 5.647517e+02 1.052102e+00
5.948215e+02 5.649264e+02 1.073756e+00
5.948215e+02 5.652897e+02 1.052685e+00
5.948215e+02 5.661822e+02 1.064651e+00
5.948215e+02 5.640683e+02 1.044991e+00
5.948215e+02 5.663808e+02 1.076368e+00
5.948215e+02 5.653050e+02 1.075772e+00
5.948215e+02 5.646397e+02 1.045470e+00
5.948215e+02 5.656471e+02 1.032345e+00
6.381758e+02 5.098882e+02 9.240242e-01
6.381758e+02 5.103390e+02 9.313859e-01
6.381758e+02 5.069038e+02 9.264698e-01
6.381758e+02 5.086292e+02 9.646154e-01
6.381758e+02 5.090524e+02 9.462646e-01
6.381758e+02 5.099499e+02 9.621109e-01
6.381758e+02 5.095048e+02 9.223664e-01
6.381758e+02 5.103091e+02 9.351621e-01
6.381758e+02 5.113869e+02 9.724354e-01
6.381758e+02 5.099495e+02 9.343945e-01
6.381758e+02 5.093167e+02 9.390882e-01
6.381758e+02 5.089262e+02 9.538246e-01
6.381758e+02 5.096296e+02 9.350040e-01
6.381758e+02 5.105102e+02 9.472805e-01
6.381758e+02 5.085128e+02 9.423370e-01
6.381758e+02 5.106281e+02 9.437042e-01
6.381758e+02 5.114314e+02 9.554615e-01
6.381758e+02 5.089349e+02 9.464184e-01
6.381758e+02 5.101160e+02 9.295314e-01
6.381758e+02 5.095272e+02 9.689056e-01
6.846901e+02 4.577232e+02 8.358192e-01
6.846901e+02 4.591025e+02 8.276945e-01
6.846901e+02 4.579940e+02 8.350278e-01
6.846901e+02 4.577722e+02 8.233324e-01
6.846901e+02 4.577461e+02 8.370394e-01
6.846901e+02 4.576596e+02 8.381391e-01
6.846901e+02 4.584905e+02 8.577020e-01
6.846901e+02 4.591100e+02 8.396252e-01
6.846901e+02 4.577906e+02 8.028379e-01
6.846901e+02 4.585912e+02 8.138434e-01
6.846901e+02 4.566656e+02 8.254609e-01
6.846901e+02 4.578827e+02 8.470664e-01
6.846901e+02 4.581323e+02 8.394210e-01
6.846901e+02 4.574895e+02 8.353345e-01
6.846901e+02 4.574107e+02 8.416258e-01
6.846901e+02 4.583740e+02 8.385203e-01
6.846901e+02 4.578643e+02 8.423444e-01
6.846901e+02 4.580632e+02 8.555380e-01
6.846901e+02 4.589131e+02 8.299805e-01
6.846901e+02 4.588862e+02 8.215825e-01
7.345946e+02 4.105839e+02 7.455729e-01
7.345946e+02 4.095426e+02 7.283754e-01
7.345946e+02 4.107606e+02 7.258650e-01
7.345946e+02 4.103873e+02 7.294941e-01
7.345946e+02 4.100735e+02 7.472056e-01
7.345946e+02 4.114479e+02 7.457202e-01
7.345946e+02 4.104203e+02 7.489052e-01
7.345946e+02 4.102309e+02 7.264911e-01
7.345946e+02 4.097325e+02 7.467499e-01
7.345946e+02 4.108217e+02 7.345904e-01
7.345946e+02 4.116671e+02 7.336844e-01
7.345946e+02 4.094846e+02 7.271632e-01
7.345946e+02 4.108631e+02 7.524526e-01
7.345946e+02 4.112928e+02 7.252020e-01
7.345946e+02 4.108512e+02 7.516350e-01
7.345946e+02 4.102435e+02 7.292884e-01
7.345946e+02 4.095805e+02 7.261536e-01
7.345946e+02 4.092632e+02 7.318544e-01
7.345946e+02 4.114770e+02 7.346966e-01
7.881364e+02 3.662566e+02 6.431533e-01
7.881364e+02 3.673738e+02 6.699018e-01
7.881364e+02 3.661360e+02 6.472368e-01
7.881364e+02 3.677883e+02 6.460011e-01
7.881364e+02 3.651739e+02 6.474964e-01
7.881364e+02 3.680503e+02 6.817721e-01
7.881364e+02 3.665043e+02 6.608049e-01
7.881364e+02 3.669731e+02 6.618489e-01
7.881364e+02 3.671475e+02 6.618967e-01
7.881364e+02 3.679659e+02 6.391919e-01
7.881364e+02 3.656926e+02 6.622894e-01
7.881364e+02 3.664868e+02 6.663481e-01
7.881364e+02 3.675599e+02 6.695575e-01
7.881364e+02 3.674362e+02 6.608614e-01
7.881364e+02 3.672301e+02 6.328301e-01
7.881364e+02 3.663355e+02 6.588728e-01
7.881364e+02 3.679359e+02 6.522932e-01
7.881364e+02 3.661310e+02 6.494273e-01
7.881364e+02 3.670837e+02 6.663452e-01
8.455807e+02 3.271963e+02 5.634341e-01
8.455807e+02 3.280760e+02 5.871337e-01
8.455807e+02 3.260765e+02 5.594087e-01
8.455807e+02 3.277021e+02 5.514145e-01
8.455807e+02 3.278886e+02 5.452705e-01
8.455807e+02 3.279616e+02 5.736845e-01
8.455807e+02 3.261040e+02 5.690164e-01
8.455807e+02 3.278789e+02 5.814161e-01
8.455807e+02 3.275304e+02 5.795051e-01
8.455807e+02 3.274834e+02 5.555197e-01
8.455807e+02 3.276610e+02 5.778279e-01
8.455807e+02 3.264827e+02 5.939420e-01
8.455807e+02 3.284844e+02 5.878937e-01
8.455807e+02 3.282720e+02 5.635885e-01
8.455807e+02 3.271352e+02 5.528710e-01
8.455807e+02 3.284478e+02 5.669240e-01
8.455807e+02 3.265787e+02 5.594928e-01
8.455807e+02 3.281296e+02 5.813560e-01
8.455807e+02 3.280499e+02 6.239423e-01
8.455807e+02 3.278236e+02 5.786623e-01
9.072119e+02 2.928234e+02 4.973378e-01
9.072119e+02 2.922175e+02 5.351951e-01
9.072119e+02 2.921321e+02 4.920453e-01
9.072119e+02 2.920297e+02 5.091089e-01
9.072119e+02 2.919965e+02 4.916626e-01
9.072119e+02 2.910883e+02 5.004369e-01
9.072119e+02 2.920369e+02 4.986856e-01
9.072119e+02 2.919990e+02 4.934403e-01
9.072119e+02 2.916705e+02 5.000349e-01
9.072119e+02 2.920049e+02 4.976135e-01
9.072119e+02 2.932560e+02 5.208038e-01
9.072119e+02 2.914345e+02 5.205393e-01
9.072119e+02 2.918642e+02 5.241203e-01
9.072119e+02 2.923657e+02 5.367234e-01
9.072119e+02 2.927342e+02 4.928853e-01
9.072119e+02 2.922937e+02 5.047028e-01
9.072119e+02 2.919970e+02 4.873634e-01
9.072119e+02 2.914824e+02 4.983953e-01
9.072119e+02 2.923309e+02 5.065895e-01
9.072119e+02 2.926749e+02 4.970962e-01
9.733352e+02 2.605160e+02 4.384278e-01
9.733352e+02 2.608888e+02 4.392934e-01
9.733352e+02 2.604130e+02 4.411773e-01
9.733352e+02 2.602596e+02 4.601737e-01
9.733352e+02 2.603284e+02 4.338841e-01
9.733352e+02 2.606953e+02 4.303683e-01
9.733352e+02 2.604909e+02 4.448871e-01
9.733352e+02 2.600374e+02 4.408933e-01
9.733352e+02 2.615291e+02 4.606867e-01
9.733352e+02 2.607675e+02 4.262555e-01
9.733352e+02 2.602076e+02 4.437356e-01
9.733352e+02 2.614564e+02 4.349883e-01
9.733352e+02 2.602341e+02 4.473034e-01
9.733352e+02 2.607454e+02 4.376072e-01
9.733352e+02 2.605660e+02 4.519704e-01
9.733352e+02 2.602659e+02 4.478441e-01
9.733352e+02 2.602256e+02 4.460630e-01
9.733352e+02 2.604861e+02 4.554022e-01
9.733352e+02 2.603653e+02 4.340862e-01
