1.044278e+03 2.286710e+02 6.284918e-01
1.044278e+03 2.276937e+02 6.271456e-01
1.044278e+03 2.290743e+02 5.894663e-01
1.044278e+03 2.286495e+02 6.264817e-01
1.044278e+03 2.290587e+02 6.139312e-01
1.044278e+03 2.291435e+02 6.066045e-01
1.044278e+03 2.284994e+02 6.159949e-01
1.044278e+03 2.295141e+02 6.039721e-01
1.044278e+03 2.290087e+02 6.121964e-01
1.044278e+03 2.288054e+02 6.093773e-01
1.044278e+03 2.283716e+02 6.220654e-01
1.044278e+03 2.288981e+02 5.932134e-01
1.044278e+03 2.291047e+02 6.295188e-01
1.044278e+03 2.289657e+02 6.197137e-01
1.044278e+03 2.282344e+02 6.331057e-01
1.044278e+03 2.283140e+02 5.997478e-01
1.044278e+03 2.278828e+02 6.070624e-01
1.044278e+03 2.281721e+02 6.150999e-01
1.044278e+03 2.293696e+02 6.253568e-01
1.120391e+03 2.042337e+02 5.762762e-01
1.120391e+03 2.054293e+02 5.462455e-01
1.120391e+03 2.055285e+02 5.786723e-01
1.120391e+03 2.053284e+02 5.431058e-01
1.120391e+03 2.051695e+02 5.535277e-01
1.120391e+03 2.050228e+02 5.521566e-01
1.120391e+03 2.056874e+02 5.290902e-01
1.120391e+03 2.050805e+02 5.846935e-01
1.120391e+03 2.063519e+02 5.552828e-01
1.120391e+03 2.061069e+02 5.727602e-01
1.120391e+03 2.047681e+02 5.355334e-01
1.120391e+03 2.046697e+02 5.513109e-01
1.120391e+03 2.052085e+02 5.228244e-01
1.120391e+03 2.051455e+02 5.244737e-01
1.120391e+03 2.053809e+02 5.622191e-01
1.120391e+03 2.033837e+02 5.357580e-01
1.120391e+03 2.052464e+02 5.464502e-01
1.120391e+03 2.050650e+02 5.664022e-01
1.120391e+03 2.070271e+02 5.462839e-01
1.202053e+03 1.833917e+02 4.972248e-01
1.202053e+03 1.839640e+02 5.084499e-01
1.202053e+03 1.849353e+02 4.800864e-01
1.202053e+03 1.844358e+02 4.822078e-01
1.202053e+03 1.836164e+02 4.992072e-01
1.202053e+03 1.845890e+02 4.770655e-01
1.202053e+03 1.838047e+02 4.956046e-01
1.202053e+03 1.840111e+02 4.888444e-01
1.202053e+03 1.843847e+02 4.784271e-01
1.202053e+03 1.828974e+02 5.190477e-01
1.202053e+03 1.846363e+02 4.970588e-01
1.202053e+03 1.837401e+02 4.916734e-01
1.202053e+03 1.844570e+02 5.110116e-01
1.202053e+03 1.836290e+02 4.803127e-01
1.202053e+03 1.851409e+02 4.953482e-01
1.202053e+03 1.836483e+02 4.752976e-01
1.202053e+03 1.849318e+02 4.783781e-01
1.202053e+03 1.846973e+02 4.828452e-01
1.289666e+03 1.653145e+02 4.394892e-01
1.289666e+03 1.654099e+02 4.556979e-01
1.289666e+03 1.649320e+02 4.336004e-01
1.289666e+03 1.665196e+02 4.415346e-01
1.289666e+03 1.655047e+02 4.552180e-01
1.289666e+03 1.660753e+02 4.467609e-01
1.289666e+03 1.663138e+02 4.510826e-01
1.289666e+03 1.650252e+02 4.377846e-01
1.289666e+03 1.656341e+02 4.326245e-01
1.289666e+03 1.645567e+02 4.711826e-01
1.289666e+03 1.656588e+02 4.424148e-01
1.289666e+03 1.653706e+02 4.504632e-01
1.289666e+03 1.663202e+02 4.124664e-01
1.289666e+03 1.653545e+02 4.224869e-01
1.289666e+03 1.648592e+02 4.668619e-01
1.289666e+03 1.659075e+02 4.282699e-01
1.289666e+03 1.653064e+02 4.296232e-01
1.289666e+03 1.661164e+02 4.322372e-01
1.289666e+03 1.659457e+02 4.192143e-01
1.383665e+03 1.490212e+02 3.995609e-01
1.383665e+03 1.488183e+02 3.971912e-01
1.383665e+03 1.492869e+02 4.059007e-01
1.383665e+03 1.483835e+02 4.020739e-01
1.383665e+03 1.491134e+02 3.999529e-01
1.383665e+03 1.486451e+02 4.119971e-01
1.383665e+03 1.492508e+02 3.892481e-01
1.383665e+03 1.490980e+02 3.795372e-01
1.383665e+03 1.488682e+02 3.930656e-01
1.383665e+03 1.483078e+02 4.086033e-01
1.383665e+03 1.486617e+02 3.727564e-01
1.383665e+03 1.480480e+02 3.974383e-01
1.383665e+03 1.486459e+02 3.913105e-01
1.383665e+03 1.486141e+02 4.051812e-01
1.383665e+03 1.482681e+02 3.871311e-01
1.383665e+03 1.486231e+02 3.949987e-01
1.383665e+03 1.475816e+02 3.996121e-01
1.383665e+03 1.491752e+02 3.958836e-01
1.383665e+03 1.489996e+02 4.140515e-01
1.383665e+03 1.489611e+02 3.874522e-01
1.484515e+03 1.334266e+02 3.449942e-01
1.484515e+03 1.338949e+02 3.531686e-01
1.484515e+03 1.339745e+02 3.447674e-01
1.484515e+03 1.332984e+02 3.437552e-01
1.484515e+03 1.342183e+02 3.456053e-01
1.484515e+03 1.326109e+02 3.484071e-01
1.484515e+03 1.339310e+02 3.592582e-01
1.484515e+03 1.332142e+02 3.369367e-01
1.484515e+03 1.335258e+02 3.502129e-01
1.484515e+03 1.337736e+02 3.179897e-01
1.484515e+03 1.331183e+02 3.410126e-01
1.484515e+03 1.336919e+02 3.527550e-01
1.484515e+03 1.333278e+02 3.554940e-01
1.484515e+03 1.339356e+02 3.616202e-01
1.484515e+03 1.342390e+02 3.384602e-01
1.484515e+03 1.334259e+02 3.376963e-01
1.484515e+03 1.335742e+02 3.296612e-01
1.484515e+03 1.337342e+02 3.499980e-01
1.484515e+03 1.339329e+02 3.413439e-01
1.592715e+03 1.199673e+02 3.139035e-01
1.592715e+03 1.198158e+02 3.142516e-01
1.592715e+03 1.202145e+02 3.033644e-01
1.592715e+03 1.201724e+02 3.170957e-01
1.592715e+03 1.201323e+02 2.956766e-01
1.592715e+03 1.197323e+02 3.186563e-01
1.592715e+03 1.194410e+02 3.049095e-01
1.592715e+03 1.202479e+02 3.133354e-01
1.592715e+03 1.197862e+02 3.024497e-01
1.592715e+03 1.200916e+02 3.135938e-01
1.592715e+03 1.199379e+02 3.223820e-01
1.592715e+03 1.200424e+02 3.059052e-01
1.592715e+03 1.195849e+02 2.991402e-01
1.592715e+03 1.202848e+02 3.014028e-01
1.592715e+03 1.204195e+02 3.009920e-01
1.592715e+03 1.199171e+02 3.188309e-01
1.592715e+03 1.200168e+02 3.143497e-01
1.592715e+03 1.198356e+02 3.113789e-01
1.592715e+03 1.200958e+02 3.031178e-01
1.592715e+03 1.199878e+02 2.883213e-01
1.708802e+03 1.076803e+02 2.797238e-01
1.708802e+03 1.078348e+02 2.770511e-01
1.708802e+03 1.074963e+02 2.641392e-01
1.708802e+03 1.081087e+02 2.626013e-01
1.708802e+03 1.077528e+02 2.772139e-01
1.708802e+03 1.080006e+02 2.765506e-01
1.708802e+03 1.080884e+02 2.699597e-01
1.708802e+03 1.080920e+02 2.845616e-01
1.708802e+03 1.079718e+02 2.739179e-01
1.708802e+03 1.082493e+02 2.769711e-01
1.708802e+03 1.076649e+02 2.680662e-01
1.708802e+03 1.074699e+02 2.719971e-01
1.708802e+03 1.078057e+02 2.673347e-01
1.708802e+03 1.074175e+02 2.741034e-01
1.708802e+03 1.077512e+02 2.750266e-01
1.708802e+03 1.076678e+02 2.903553e-01
1.708802e+03 1.080152e+02 2.731608e-01
1.708802e+03 1.071196e+02 2.673780e-01
1.708802e+03 1.078911e+02 2.777561e-01
1.708802e+03 1.076957e+02 2.780906e-01
1.833351e+03 9.698530e+01 2.461504e-01
1.833351e+03 9.731219e+01 2.388462e-01
1.833351e+03 9.638892e+01 2.462399e-01
1.833351e+03 9.728572e+01 2.462314e-01
1.833351e+03 9.695347e+01 2.521533e-01
1.833351e+03 9.694850e+01 2.495410e-01
1.833351e+03 9.706921e+01 2.444875e-01
1.833351e+03 9.718460e+01 2.458155e-01
1.833351e+03 9.709537e+01 2.350613e-01
1.833351e+03 9.715810e+01 2.369537e-01
1.833351e+03 9.679607e+01 2.365743e-01
1.833351e+03 9.695688e+01 2.437658e-01
1.833351e+03 9.645519e+01 2.451099e-01
1.833351e+03 9.720587e+01 2.474000e-01
1.833351e+03 9.703924e+01 2.493773e-01
1.833351e+03 9.714132e+01 2.568382e-01
1.833351e+03 9.690859e+01 2.536406e-01
1.833351e+03 9.700364e+01 2.523302e-01
1.833351e+03 9.704822e+01 2.417430e-01
1.833351e+03 9.686215e+01 2.550950e-01
1.966977e+03 8.722706e+01 2.158166e-01
1.966977e+03 8.677003e+01 2.173699e-01
1.966977e+03 8.704794e+01 2.127429e-01
1.966977e+03 8.684228e+01 2.184037e-01
1.966977e+03 8.710853e+01 2.063228e-01
1.966977e+03 8.721680e+01 2.170691e-01
1.966977e+03 8.687672e+01 2.239210e-01
1.966977e+03 8.677383e+01 2.309122e-01
1.966977e+03 8.770288e+01 2.080286e-01
1.966977e+03 8.686871e+01 2.226281e-01
1.966977e+03 8.714982e+01 2.161130e-01
1.966977e+03 8.696082e+01 2.178583e-01
1.966977e+03 8.716426e+01 2.235304e-01
1.966977e+03 8.670468e+01 2.191300e-01
1.966977e+03 8.688995e+01 2.140905e-01
1.966977e+03 8.715785e+01 2.181313e-01
1.966977e+03 8.691999e+01 2.247969e-01
1.966977e+03 8.722934e+01 2.062924e-01
1.966977e+03 8.695927e+01 2.156541e-01
1.966977e+03 8.752650e+01 2.159736e-01
2.110342e+03 7.844572e+01 1.883466e-01
2.110342e+03 7.841632e+01 1.931761e-01
2.110342e+03 7.842898e+01 1.888959e-01
2.110342e+03 7.794462e+01 1.977477e-01
2.110342e+03 7.825588e+01 1.916237e-01
2.110342e+03 7.808499e+01 1.901551e-01
2.110342e+03 7.854589e+01 1.924852e-01
2.110342e+03 7.855316e+01 1.939482e-01
2.110342e+03 7.859183e+01 1.938958e-01
2.110342e+03 7.811375e+01 1.973682e-01
2.110342e+03 7.834173e+01 1.918838e-01
2.110342e+03 7.864910e+01 1.914769e-01
2.110342e+03 7.864590e+01 1.779299e-01
2.110342e+03 7.839735e+01 1.890690e-01
2.110342e+03 7.815896e+01 1.822711e-01
2.110342e+03 7.836650e+01 1.867754e-01
2.110342e+03 7.829288e+01 1.973780e-01
2.110342e+03 7.872259e+01 1.882676e-01
2.110342e+03 7.824249e+01 1.849686e-01
2.110342e+03 7.824372e+01 1.965957e-01
2.264157e+03 7.045705e+01 1.693460e-01
2.264157e+03 7.039562e+01 1.727383e-01
2.264157e+03 7.044409e+01 1.669749e-01
2.264157e+03 7.062372e+01 1.699793e-01
2.264157e+03 7.072585e+01 1.640639e-01
2.264157e+03 7.059078e+01 1.642661e-01
2.264157e+03 7.038628e+01 1.736151e-01
2.264157e+03 7.035312e+01 1.709958e-01
2.264157e+03 7.036405e+01 1.717887e-01
2.264157e+03 7.035946e+01 1.691831e-01
2.264157e+03 7.067737e+01 1.655742e-01
2.264157e+03 7.055086e+01 1.698858e-01
2.264157e+03 7.076123e+01 1.596162e-01
2.264157e+03 7.025441e+01 1.680848e-01
2.264157e+03 7.060456e+01 1.717168e-01
2.264157e+03 7.023719e+01 1.730486e-01
2.264157e+03 7.061916e+01 1.695331e-01
2.264157e+03 7.047292e+01 1.747428e-01
2.264157e+03 7.032324e+01 1.657029e-01
2.264157e+03 7.025532e+01 1.746213e-01
2.429183e+03 6.368717e+01 1.529406e-01
2.429183e+03 6.341996e+01 1.549188e-01
2.429183e+03 6.345696e+01 1.549059e-01
2.429183e+03 6.333762e+01 1.512182e-01
2.429183e+03 6.342981e+01 1.514813e-01
2.429183e+03 6.322460e+01 1.578405e-01
2.429183e+03 6.354233e+01 1.441899e-01
2.429183e+03 6.341445e+01 1.585341e-01
2.429183e+03 6.331508e+01 1.534923e-01
2.429183e+03 6.353744e+01 1.506304e-01
2.429183e+03 6.354616e+01 1.522785e-01
2.429183e+03 6.347404e+01 1.469513e-01
2.429183e+03 6.360657e+01 1.474992e-01
2.429183e+03 6.347262e+01 1.560701e-01
2.429183e+03 6.338504e+01 1.516137e-01
2.429183e+03 6.338228e+01 1.475256e-01
2.429183e+03 6.328893e+01 1.538316e-01
2.429183e+03 6.336170e+01 1.553276e-01
2.429183e+03 6.348284e+01 1.495033e-01
2.606237e+03 5.708979e+01 1.340525e-01
2.606237e+03 5.703754e+01 1.273510e-01
2.606237e+03 5.702850e+01 1.359489e-01
2.606237e+03 5.707901e+01 1.379020e-01
2.606237e+03 5.713204e+01 1.340808e-01
2.606237e+03 5.710430e+01 1.362973e-01
2.606237e+03 5.712597e+01 1.410321e-01
2.606237e+03 5.704719e+01 1.398491e-01
2.606237e+03 5.729143e+01 1.340815e-01
2.606237e+03 5.696385e+01 1.414221e-01
2.606237e+03 5.696845e+01 1.360484e-01
2.606237e+03 5.723327e+01 1.300579e-01
2.606237e+03 5.722976e+01 1.366228e-01
2.606237e+03 5.721351e+01 1.311934e-01
2.606237e+03 5.715745e+01 1.366472e-01
2.606237e+03 5.695824e+01 1.304653e-01
2.606237e+03 5.709819e+01 1.390566e-01
2.606237e+03 5.696277e+01 1.327738e-01
2.606237e+03 5.731073e+01 1.356502e-01
2.796196e+03 5.128435e+01 1.194295e-01
2.796196e+03 5.118564e+01 1.194456e-01
2.796196e+03 5.145993e+01 1.151524e-01
2.796196e+03 5.154061e+01 1.188834e-01
2.796196e+03 5.145900e+01 1.171302e-01
2.796196e+03 5.154306e+01 1.220048e-01
2.796196e+03 5.151714e+01 1.208374e-01
2.796196e+03 5.149718e+01 1.203171e-01
2.796196e+03 5.151734e+01 1.289615e-01
2.796196e+03 5.132628e+01 1.278962e-01
2.796196e+03 5.134483e+01 1.164621e-01
2.796196e+03 5.141439e+01 1.250325e-01
2.796196e+03 5.144697e+01 1.249201e-01
2.796196e+03 5.137235e+01 1.169163e-01
2.796196e+03 5.143842e+01 1.179829e-01
2.796196e+03 5.128993e+01 1.225508e-01
2.796196e+03 5.116460e+01 1.222391e-01
2.796196e+03 5.151176e+01 1.202632e-01
2.796196e+03 5.144800e+01 1.203050e-01
3.000000e+03 4.633137e+01 1.073360e-01
3.000000e+03 4.626464e+01 1.094576e-01
3.000000e+03 4.612712e+01 1.120808e-01
3.000000e+03 4.618870e+01 1.087009e-01
3.000000e+03 4.630201e+01 1.089989e-01
3.000000e+03 4.644334e+01 1.079798e-01
3.000000e+03 4.628545e+01 1.096218e-01
3.000000e+03 4.626205e+01 1.078214e-01
3.000000e+03 4.636871e+01 1.067493e-01
3.000000e+03 4.617353e+01 1.082240e-01
3.000000e+03 4.628118e+01 1.085826e-01
3.000000e+03 4.627668e+01 1.119871e-01
3.000000e+03 4.624988e+01 1.106090e-01
3.000000e+03 4.632110e+01 1.107816e-01
3.000000e+03 4.624692e+01 1.083636e-01
3.000000e+03 4.611767e+01 1.088560e-01
3.000000e+03 4.646211e+01 1.115817e-01
3.000000e+03 4.615926e+01 1.101775e-01
3.000000e+03 4.637015e+01 1.083674e-01
3.250000e+02 1.012615e+01 2.091330e-02
3.250000e+02 1.013631e+01 2.064417e-02
3.250000e+02 1.015732e+01 2.067663e-02
3.250000e+02 1.015589e+01 2.100198e-02
3.250000e+02 1.015636e+01 2.088965e-02
3.250000e+02 1.014435e+01 2.116118e-02
3.250000e+02 1.015240e+01 2.126800e-02
3.250000e+02 1.016410e+01 2.075498e-02
3.250000e+02 1.018037e+01 2.078751e-02
3.250000e+02 1.016945e+01 2.092357e-02
3.250000e+02 1.018866e+01 2.098346e-02
3.250000e+02 1.019486e+01 2.059533e-02
3.250000e+02 1.015207e+01 2.095799e-02
3.250000e+02 1.018414e+01 2.090525e-02
3.250000e+02 1.016185e+01 2.079441e-02
3.250000e+02 1.017042e+01 2.077823e-02
3.250000e+02 1.016035e+01 2.093361e-02
3.250000e+02 1.017326e+01 2.034253e-02
3.250000e+02 1.020349e+01 2.078500e-02
3.250000e+02 1.014885e+01 2.079378e-02
3.260000e+02 1.080076e+01 2.228607e-02
3.260000e+02 1.076334e+01 2.240240e-02
3.260000e+02 1.072990e+01 2.198225e-02
3.260000e+02 1.075113e+01 2.219874e-02
3.260000e+02 1.074511e+01 2.206607e-02
3.260000e+02 1.080152e+01 2.224094e-02
3.260000e+02 1.075906e+01 2.226278e-02
3.260000e+02 1.076211e+01 2.204730e-02
3.260000e+02 1.076618e+01 2.193632e-02
3.260000e+02 1.076552e+01 2.211768e-02
3.260000e+02 1.072672e+01 2.199882e-02
3.260000e+02 1.078417e+01 2.205793e-02
3.260000e+02 1.074690e+01 2.217758e-02
3.260000e+02 1.078479e+01 2.215810e-02
3.260000e+02 1.077014e+01 2.221147e-02
3.260000e+02 1.075052e+01 2.199629e-02
3.260000e+02 1.080408e+01 2.217464e-02
3.260000e+02 1.076666e+01 2.205049e-02
3.260000e+02 1.077988e+01 2.180059e-02
3.260000e+02 1.076716e+01 2.231387e-02
3.270000e+02 1.148267e+01 2.377450e-02
3.270000e+02 1.145985e+01 2.369754e-02
3.270000e+02 1.142750e+01 2.393871e-02
3.270000e+02 1.142988e+01 2.374338e-02
3.270000e+02 1.145285e+01 2.388366e-02
3.270000e+02 1.144096e+01 2.377669e-02
3.270000e+02 1.146348e+01 2.361927e-02
3.270000e+02 1.140391e+01 2.362383e-02
3.270000e+02 1.139589e+01 2.336482e-02
3.270000e+02 1.141302e+01 2.372644e-02
3.270000e+02 1.146142e+01 2.385780e-02
3.270000e+02 1.144837e+01 2.354135e-02
3.270000e+02 1.141986e+01 2.358048e-02
3.270000e+02 1.145082e+01 2.352025e-02
3.270000e+02 1.143936e+01 2.362635e-02
3.270000e+02 1.145802e+01 2.360280e-02
3.270000e+02 1.144469e+01 2.337099e-02
3.270000e+02 1.141898e+01 2.364891e-02
3.270000e+02 1.146016e+01 2.385814e-02
3.270000e+02 1.141244e+01 2.338711e-02
3.280000e+02 1.219866e+01 2.528258e-02
3.280000e+02 1.213642e+01 2.539839e-02
3.280000e+02 1.216905e+01 2.521802e-02
3.280000e+02 1.219172e+01 2.528071e-02
3.280000e+02 1.216273e+01 2.581343e-02
3.280000e+02 1.218306e+01 2.548487e-02
3.280000e+02 1.215041e+01 2.485660e-02
3.280000e+02 1.212651e+01 2.531342e-02
3.280000e+02 1.218039e+01 2.530028e-02
3.280000e+02 1.216465e+01 2.530701e-02
3.280000e+02 1.218444e+01 2.510589e-02
3.280000e+02 1.213404e+01 2.498867e-02
3.280000e+02 1.218229e+01 2.535695e-02
3.280000e+02 1.217699e+01 2.513017e-02
3.280000e+02 1.221208e+01 2.525358e-02
3.280000e+02 1.216518e+01 2.499720e-02
3.280000e+02 1.220064e+01 2.519645e-02
3.280000e+02 1.221168e+01 2.518810e-02
3.280000e+02 1.213078e+01 2.515906e-02
3.280000e+02 1.218978e+01 2.545026e-02
3.290000e+02 1.305392e+01 2.719236e-02
3.290000e+02 1.300030e+01 2.703718e-02
3.290000e+02 1.303160e+01 2.715628e-02
3.290000e+02 1.299246e+01 2.682034e-02
3.290000e+02 1.298268e+01 2.702374e-02
3.290000e+02 1.302343e+01 2.700598e-02
3.290000e+02 1.297633e+01 2.726954e-02
3.290000e+02 1.297309e+01 2.687596e-02
3.290000e+02 1.298923e+01 2.732692e-02
3.290000e+02 1.296036e+01 2.691967e-02
3.290000e+02 1.301949e+01 2.693817e-02
3.290000e+02 1.297618e+01 2.695196e-02
3.290000e+02 1.299094e+01 2.715488e-02
3.290000e+02 1.299698e+01 2.730479e-02
3.290000e+02 1.297643e+01 2.750013e-02
3.290000e+02 1.301893e+01 2.696974e-02
3.290000e+02 1.301382e+01 2.714654e-02
3.290000e+02 1.299331e+01 2.713466e-02
3.290000e+02 1.297782e+01 2.717312e-02
3.290000e+02 1.294731e+01 2.704302e-02
3.300000e+02 1.390309e+01 2.903290e-02
3.300000e+02 1.389612e+01 3.035700e-02
3.300000e+02 1.391053e+01 2.948699e-02
3.300000e+02 1.391175e+01 2.955942e-02
3.300000e+02 1.394637e+01 2.908046e-02
3.300000e+02 1.391074e+01 2.898978e-02
3.300000e+02 1.388205e+01 2.894774e-02
3.300000e+02 1.392918e+01 2.940752e-02
3.300000e+02 1.388992e+01 2.894028e-02
3.300000e+02 1.390100e+01 2.969449e-02
3.300000e+02 1.389193e+01 2.909086e-02
3.300000e+02 1.393905e+01 2.949237e-02
3.300000e+02 1.392976e+01 2.879213e-02
3.300000e+02 1.394058e+01 2.879185e-02
3.300000e+02 1.389062e+01 2.927218e-02
3.300000e+02 1.385420e+01 2.917023e-02
3.300000e+02 1.392807e+01 2.886335e-02
3.300000e+02 1.394834e+01 3.020979e-02
3.300000e+02 1.391017e+01 2.901136e-02
3.300000e+02 1.389071e+01 2.898000e-02
3.310000e+02 1.493899e+01 3.166218e-02
3.310000e+02 1.493363e+01 3.178681e-02
3.310000e+02 1.495756e+01 3.141859e-02
3.310000e+02 1.491798e+01 3.124542e-02
3.310000e+02 1.495985e+01 3.187566e-02
3.310000e+02 1.498970e+01 3.179342e-02
3.310000e+02 1.492742e+01 3.133374e-02
3.310000e+02 1.495892e+01 3.163840e-02
3.310000e+02 1.491892e+01 3.152120e-02
3.310000e+02 1.496443e+01 3.124287e-02
3.310000e+02 1.496343e+01 3.150491e-02
3.310000e+02 1.500972e+01 3.168785e-02
3.310000e+02 1.491878e+01 3.149887e-02
3.310000e+02 1.495022e+01 3.169472e-02
3.310000e+02 1.494547e+01 3.159901e-02
3.310000e+02 1.494735e+01 3.165700e-02
3.310000e+02 1.496892e+01 3.197954e-02
3.310000e+02 1.487587e+01 3.169596e-02
3.310000e+02 1.492895e+01 3.138486e-02
3.310000e+02 1.496035e+01 3.193904e-02
3.320000e+02 1.613478e+01 3.525713e-02
3.320000e+02 1.607760e+01 3.396796e-02
3.320000e+02 1.616948e+01 3.391749e-02
3.320000e+02 1.622016e+01 3.407760e-02
3.320000e+02 1.608122e+01 3.378943e-02
3.320000e+02 1.605449e+01 3.508670e-02
3.320000e+02 1.612320e+01 3.417598e-02
3.320000e+02 1.608477e+01 3.402698e-02
3.320000e+02 1.612751e+01 3.477116e-02
3.320000e+02 1.607429e+01 3.436045e-02
3.320000e+02 1.613683e+01 3.418730e-02
3.320000e+02 1.610586e+01 3.422563e-02
3.320000e+02 1.605597e+01 3.382308e-02
3.320000e+02 1.614144e+01 3.431908e-02
3.320000e+02 1.611334e+01 3.359242e-02
3.320000e+02 1.604621e+01 3.381029e-02
3.320000e+02 1.608257e+01 3.383821e-02
3.320000e+02 1.610394e+01 3.392688e-02
3.320000e+02 1.609891e+01 3.387082e-02
3.320000e+02 1.615650e+01 3.434106e-02
3.330000e+02 1.746956e+01 3.772639e-02
3.330000e+02 1.741189e+01 3.824754e-02
3.330000e+02 1.742481e+01 3.687185e-02
3.330000e+02 1.746246e+01 3.715503e-02
3.330000e+02 1.741071e+01 3.757411e-02
3.330000e+02 1.745563e+01 3.738852e-02
3.330000e+02 1.742707e+01 3.659577e-02
3.330000e+02 1.741009e+01 3.720908e-02
3.330000e+02 1.743553e+01 3.689121e-02
3.330000e+02 1.741647e+01 3.742329e-02
3.330000e+02 1.747121e+01 3.725937e-02
3.330000e+02 1.748527e+01 3.687519e-02
3.330000e+02 1.744450e+01 3.721356e-02
3.330000e+02 1.746990e+01 3.700919e-02
3.330000e+02 1.742414e+01 3.788969e-02
3.330000e+02 1.740873e+01 3.721453e-02
3.330000e+02 1.747064e+01 3.727584e-02
3.330000e+02 1.746422e+01 3.718792e-02
3.330000e+02 1.738142e+01 3.752228e-02
3.330000e+02 1.741772e+01 3.704265e-02
3.340000e+02 1.905431e+01 4.091170e-02
3.340000e+02 1.900158e+01 4.100175e-02
3.340000e+02 1.899952e+01 4.096994e-02
3.340000e+02 1.897537e+01 4.080664e-02
3.340000e+02 1.894452e+01 4.056840e-02
3.340000e+02 1.898907e+01 4.110672e-02
3.340000e+02 1.899465e+01 4.053300e-02
3.340000e+02 1.899638e+01 4.077394e-02
3.340000e+02 1.904457e+01 4.092089e-02
3.340000e+02 1.897362e+01 4.094478e-02
3.340000e+02 1.911947e+01 4.122885e-02
3.340000e+02 1.905972e+01 4.052922e-02
3.340000e+02 1.901129e+01 4.089080e-02
3.340000e+02 1.903239e+01 4.092944e-02
3.340000e+02 1.892078e+01 4.058115e-02
3.340000e+02 1.900071e+01 4.079518e-02
3.340000e+02 1.899740e+01 4.179107e-02
3.340000e+02 1.901485e+01 4.057211e-02
3.340000e+02 1.899671e+01 4.029219e-02
3.340000e+02 1.898849e+01 4.070808e-02
3.350000e+02 2.082450e+01 4.477207e-02
3.350000e+02 2.079643e+01 4.536103e-02
3.350000e+02 2.074791e+01 4.626736e-02
3.350000e+02 2.075703e+01 4.560436e-02
3.350000e+02 2.081148e+01 4.510810e-02
3.350000e+02 2.086841e+01 4.508273e-02
3.350000e+02 2.086432e+01 4.478152e-02
3.350000e+02 2.078609e+01 4.443441e-02
3.350000e+02 2.079840e+01 4.479704e-02
3.350000e+02 2.081957e+01 4.481448e-02
3.350000e+02 2.077794e+01 4.512785e-02
3.350000e+02 2.084062e+01 4.434531e-02
3.350000e+02 2.087485e+01 4.549624e-02
3.350000e+02 2.089729e+01 4.552289e-02
3.350000e+02 2.080361e+01 4.609047e-02
3.350000e+02 2.079898e+01 4.499945e-02
3.350000e+02 2.078027e+01 4.526684e-02
3.350000e+02 2.082331e+01 4.554916e-02
3.350000e+02 2.087023e+01 4.490762e-02
3.350000e+02 2.087826e+01 4.485953e-02
3.360000e+02 2.308625e+01 4.969588e-02
3.360000e+02 2.295527e+01 5.034460e-02
3.360000e+02 2.299432e+01 4.990836e-02
3.360000e+02 2.293116e+01 5.070867e-02
3.360000e+02 2.292104e+01 5.080226e-02
3.360000e+02 2.296665e+01 4.968419e-02
3.360000e+02 2.300124e+01 4.976399e-02
3.360000e+02 2.294921e+01 4.980512e-02
3.360000e+02 2.305932e+01 5.007939e-02
3.360000e+02 2.301250e+01 5.019667e-02
3.360000e+02 2.299198e+01 5.029665e-02
3.360000e+02 2.301343e+01 4.997398e-02
3.360000e+02 2.302771e+01 5.015729e-02
3.360000e+02 2.300367e+01 5.069194e-02
3.360000e+02 2.301640e+01 5.026609e-02
3.360000e+02 2.304189e+01 4.960922e-02
3.360000e+02 2.294403e+01 5.116827e-02
3.360000e+02 2.296969e+01 4.978589e-02
3.360000e+02 2.298436e+01 5.057001e-02
3.360000e+02 2.306470e+01 5.104408e-02
3.370000e+02 2.561916e+01 5.596986e-02
3.370000e+02 2.560394e+01 5.567592e-02
3.370000e+02 2.553264e+01 5.561924e-02
3.370000e+02 2.565538e+01 5.663166e-02
3.370000e+02 2.555719e+01 5.659968e-02
3.370000e+02 2.562130e+01 5.803098e-02
3.370000e+02 2.559997e+01 5.589330e-02
3.370000e+02 2.560873e+01 5.622496e-02
3.370000e+02 2.559418e+01 5.579785e-02
3.370000e+02 2.562673e+01 5.674739e-02
3.370000e+02 2.565788e+01 5.669630e-02
3.370000e+02 2.558054e+01 5.579913e-02
3.370000e+02 2.565794e+01 5.628296e-02
3.370000e+02 2.555762e+01 5.658612e-02
3.370000e+02 2.566054e+01 5.706035e-02
3.370000e+02 2.562018e+01 5.553620e-02
3.370000e+02 2.558305e+01 5.614773e-02
3.370000e+02 2.564336e+01 5.561953e-02
3.370000e+02 2.554925e+01 5.570040e-02
3.370000e+02 2.563242e+01 5.566480e-02
3.380000e+02 2.902514e+01 6.404111e-02
3.380000e+02 2.896522e+01 6.389661e-02
3.380000e+02 2.890264e+01 6.429502e-02
3.380000e+02 2.894079e+01 6.492453e-02
3.380000e+02 2.884820e+01 6.359962e-02
3.380000e+02 2.896322e+01 6.347473e-02
3.380000e+02 2.882864e+01 6.259028e-02
3.380000e+02 2.883298e+01 6.394004e-02
3.380000e+02 2.887456e+01 6.391784e-02
3.380000e+02 2.890295e+01 6.391127e-02
3.380000e+02 2.884051e+01 6.353735e-02
3.380000e+02 2.892236e+01 6.320943e-02
3.380000e+02 2.890929e+01 6.427583e-02
3.380000e+02 2.900437e+01 6.502898e-02
3.380000e+02 2.901139e+01 6.464496e-02
3.380000e+02 2.883975e+01 6.359654e-02
3.380000e+02 2.888116e+01 6.350438e-02
3.380000e+02 2.901691e+01 6.509861e-02
3.380000e+02 2.891857e+01 6.396733e-02
3.380000e+02 2.892020e+01 6.419200e-02
3.390000e+02 3.294524e+01 7.431765e-02
3.390000e+02 3.295083e+01 7.258203e-02
3.390000e+02 3.293331e+01 7.449159e-02
3.390000e+02 3.301946e+01 7.482153e-02
3.390000e+02 3.298351e+01 7.191064e-02
3.390000e+02 3.294441e+01 7.347749e-02
3.390000e+02 3.296654e+01 7.392840e-02
3.390000e+02 3.313408e+01 7.636300e-02
3.390000e+02 3.292104e+01 7.276816e-02
3.390000e+02 3.302138e+01 8.142912e-02
3.390000e+02 3.312358e+01 7.542601e-02
3.390000e+02 3.295177e+01 7.397459e-02
3.390000e+02 3.295350e+01 7.352583e-02
3.390000e+02 3.292005e+01 7.445217e-02
3.390000e+02 3.307234e+01 7.495310e-02
3.390000e+02 3.307649e+01 7.484501e-02
3.390000e+02 3.299914e+01 7.456461e-02
3.390000e+02 3.312335e+01 7.458715e-02
3.390000e+02 3.295433e+01 7.293839e-02
3.390000e+02 3.312801e+01 7.433933e-02
3.400000e+02 3.817676e+01 8.695839e-02
3.400000e+02 3.829865e+01 8.668226e-02
3.400000e+02 3.840744e+01 8.571801e-02
3.400000e+02 3.843172e+01 8.743153e-02
3.400000e+02 3.838717e+01 8.714499e-02
3.400000e+02 3.840400e+01 8.538060e-02
3.400000e+02 3.831586e+01 8.532945e-02
3.400000e+02 3.845893e+01 8.610135e-02
3.400000e+02 3.848716e+01 8.744779e-02
3.400000e+02 3.832966e+01 8.660572e-02
3.400000e+02 3.853422e+01 8.570412e-02
3.400000e+02 3.832692e+01 8.637338e-02
3.400000e+02 3.847603e+01 8.585394e-02
3.400000e+02 3.842892e+01 8.863279e-02
3.400000e+02 3.856237e+01 8.649691e-02
3.400000e+02 3.840779e+01 8.833598e-02
3.400000e+02 3.847938e+01 8.738418e-02
3.400000e+02 3.864576e+01 8.628871e-02
3.400000e+02 3.835751e+01 8.451630e-02
3.400000e+02 3.834285e+01 8.672338e-02
3.402000e+02 3.976016e+01 9.064571e-02
3.402000e+02 3.980108e+01 8.941719e-02
3.402000e+02 3.969252e+01 9.213093e-02
3.402000e+02 3.985553e+01 9.061977e-02
3.402000e+02 3.972942e+01 8.984846e-02
3.402000e+02 3.960928e+01 9.031918e-02
3.402000e+02 3.978063e+01 8.829845e-02
3.402000e+02 3.981903e+01 9.070915e-02
3.402000e+02 3.965301e+01 9.068884e-02
3.402000e+02 3.985045e+01 9.061851e-02
3.402000e+02 3.965790e+01 8.963673e-02
3.402000e+02 3.963741e+01 9.037576e-02
3.402000e+02 3.959066e+01 9.462698e-02
3.402000e+02 3.963759e+01 9.139842e-02
3.402000e+02 3.974824e+01 9.148024e-02
3.402000e+02 3.960257e+01 8.975113e-02
3.402000e+02 3.969206e+01 8.936731e-02
3.402000e+02 3.968333e+01 8.874847e-02
3.402000e+02 3.983267e+01 9.105228e-02
3.402000e+02 3.962327e+01 8.919345e-02
3.404000e+02 4.115666e+01 9.223671e-02
3.404000e+02 4.103474e+01 9.511082e-02
3.404000e+02 4.104584e+01 9.456114e-02
3.404000e+02 4.090826e+01 9.266287e-02
3.404000e+02 4.109270e+01 9.351061e-02
3.404000e+02 4.101329e+01 9.215979e-02
3.404000e+02 4.107051e+01 9.477708e-02
3.404000e+02 4.109363e+01 9.903495e-02
3.404000e+02 4.113765e+01 9.307933e-02
3.404000e+02 4.109850e+01 9.225814e-02
3.404000e+02 4.112466e+01 9.307301e-02
3.404000e+02 4.100278e+01 9.312154e-02
3.404000e+02 4.106197e+01 9.402728e-02
3.404000e+02 4.105800e+01 9.262851e-02
3.404000e+02 4.108789e+01 9.322744e-02
3.404000e+02 4.100848e+01 9.525483e-02
3.404000e+02 4.100403e+01 9.222807e-02
3.404000e+02 4.108732e+01 9.186606e-02
3.404000e+02 4.101346e+01 9.328739e-02
3.404000e+02 4.082266e+01 9.375745e-02
3.406000e+02 4.248319e+01 9.726722e-02
3.406000e+02 4.257909e+01 9.593525e-02
3.406000e+02 4.266515e+01 9.619152e-02
3.406000e+02 4.268207e+01 1.038600e-01
3.406000e+02 4.254845e+01 9.628581e-02
3.406000e+02 4.249361e+01 9.583942e-02
3.406000e+02 4.259485e+01 9.716851e-02
3.406000e+02 4.238377e+01 9.461026e-02
3.406000e+02 4.263325e+01 9.642415e-02
3.406000e+02 4.251129e+01 1.006982e-01
3.406000e+02 4.250732e+01 9.642013e-02
3.406000e+02 4.243218e+01 9.462158e-02
3.406000e+02 4.271289e+01 9.745288e-02
3.406000e+02 4.245392e+01 9.723144e-02
3.406000e+02 4.260592e+01 9.586915e-02
3.406000e+02 4.261135e+01 9.745346e-02
3.406000e+02 4.275725e+01 9.683151e-02
3.406000e+02 4.246849e+01 9.693778e-02
3.406000e+02 4.246516e+01 9.497025e-02
3.406000e+02 4.271288e+01 9.598757e-02
3.408000e+02 4.420572e+01 1.011846e-01
3.408000e+02 4.410849e+01 9.961531e-02
3.408000e+02 4.400754e+01 1.019548e-01
3.408000e+02 4.406389e+01 9.993222e-02
3.408000e+02 4.410133e+01 9.962396e-02
3.408000e+02 4.390463e+01 1.002802e-01
3.408000e+02 4.405521e+01 9.949780e-02
3.408000e+02 4.407121e+01 1.014575e-01
3.408000e+02 4.417526e+01 1.020859e-01
3.408000e+02 4.415839e+01 9.881419e-02
3.408000e+02 4.417358e+01 9.919004e-02
3.408000e+02 4.415714e+01 1.002608e-01
3.408000e+02 4.408637e+01 1.005126e-01
3.408000e+02 4.421584e+01 1.000467e-01
3.408000e+02 4.414959e+01 1.008443e-01
3.408000e+02 4.405706e+01 1.021658e-01
3.408000e+02 4.427482e+01 1.018433e-01
3.408000e+02 4.409531e+01 9.997893e-02
3.408000e+02 4.402193e+01 1.004748e-01
3.408000e+02 4.414154e+01 1.049923e-01
3.410000e+02 4.602612e+01 1.045113e-01
3.410000e+02 4.584935e+01 1.076532e-01
3.410000e+02 4.577493e+01 1.054938e-01
3.410000e+02 4.576798e+01 1.036968e-01
3.410000e+02 4.566120e+01 1.053256e-01
3.410000e+02 4.587734e+01 1.057043e-01
3.410000e+02 4.584319e+01 1.148500e-01
3.410000e+02 4.561467e+01 1.039799e-01
3.410000e+02 4.572501e+01 1.033173e-01
3.410000e+02 4.575739e+01 1.039372e-01
3.410000e+02 4.550568e+01 1.024625e-01
3.410000e+02 4.546648e+01 1.030699e-01
3.410000e+02 4.560139e+01 1.034838e-01
3.410000e+02 4.589002e+01 1.037242e-01
3.410000e+02 4.572505e+01 1.057786e-01
3.410000e+02 4.595356e+01 1.030105e-01
3.410000e+02 4.569727e+01 1.068429e-01
3.410000e+02 4.579612e+01 1.030326e-01
3.410000e+02 4.588061e+01 1.035216e-01
3.410000e+02 4.591500e+01 1.038452e-01
3.412000e+02 4.759603e+01 1.103750e-01
3.412000e+02 4.755659e+01 1.094259e-01
3.412000e+02 4.758420e+01 1.087591e-01
3.412000e+02 4.757324e+01 1.101040e-01
3.412000e+02 4.754232e+01 1.098302e-01
3.412000e+02 4.769616e+01 1.086613e-01
3.412000e+02 4.755881e+01 1.091974e-01
3.412000e+02 4.752863e+01 1.104951e-01
3.412000e+02 4.755591e+01 1.075956e-01
3.412000e+02 4.733325e+01 1.081477e-01
3.412000e+02 4.732975e+01 1.087148e-01
3.412000e+02 4.768166e+01 1.097606e-01
3.412000e+02 4.757958e+01 1.085810e-01
3.412000e+02 4.750342e+01 1.101164e-01
3.412000e+02 4.749538e+01 1.087694e-01
3.412000e+02 4.751719e+01 1.103491e-01
3.412000e+02 4.734239e+01 1.108311e-01
3.412000e+02 4.745016e+01 1.084890e-01
3.412000e+02 4.779636e+01 1.098479e-01
3.412000e+02 4.763949e+01 1.092114e-01
3.414000e+02 4.935500e+01 1.123595e-01
3.414000e+02 4.945143e+01 1.146833e-01
3.414000e+02 4.955373e+01 1.128125e-01
3.414000e+02 4.952780e+01 1.126175e-01
3.414000e+02 4.959765e+01 1.111477e-01
3.414000e+02 4.933063e+01 1.123689e-01
3.414000e+02 4.946545e+01 1.116406e-01
3.414000e+02 4.948765e+01 1.148763e-01
3.414000e+02 4.958306e+01 1.106312e-01
3.414000e+02 4.957011e+01 1.121368e-01
3.414000e+02 4.961035e+01 1.131386e-01
3.414000e+02 4.946501e+01 1.123916e-01
3.414000e+02 4.943714e+01 1.128788e-01
3.414000e+02 4.948675e+01 1.119347e-01
3.414000e+02 4.931671e+01 1.157284e-01
3.414000e+02 4.956761e+01 1.184956e-01
3.414000e+02 4.953204e+01 1.131950e-01
3.414000e+02 4.942011e+01 1.152917e-01
3.414000e+02 4.962973e+01 1.140919e-01
3.414000e+02 4.950733e+01 1.125839e-01
3.416000e+02 5.141474e+01 1.167388e-01
3.416000e+02 5.158760e+01 1.182597e-01
3.416000e+02 5.166121e+01 1.194296e-01
3.416000e+02 5.155316e+01 1.196900e-01
3.416000e+02 5.165052e+01 1.184361e-01
3.416000e+02 5.157003e+01 1.166268e-01
3.416000e+02 5.142264e+01 1.203823e-01
3.416000e+02 5.153594e+01 1.215102e-01
3.416000e+02 5.168136e+01 1.170821e-01
3.416000e+02 5.165518e+01 1.184910e-01
3.416000e+02 5.140089e+01 1.169665e-01
3.416000e+02 5.154616e+01 1.227696e-01
3.416000e+02 5.177198e+01 1.172654e-01
3.416000e+02 5.180796e+01 1.188099e-01
3.416000e+02 5.153894e+01 1.192752e-01
3.416000e+02 5.140950e+01 1.176219e-01
3.416000e+02 5.153696e+01 1.207384e-01
3.416000e+02 5.165330e+01 1.155818e-01
3.416000e+02 5.150193e+01 1.211880e-01
3.416000e+02 5.138881e+01 1.198901e-01
3.418000e+02 5.397062e+01 1.234741e-01
3.418000e+02 5.363999e+01 1.270604e-01
3.418000e+02 5.382412e+01 1.226417e-01
3.418000e+02 5.387917e+01 1.222493e-01
3.418000e+02 5.384230e+01 1.241204e-01
3.418000e+02 5.369693e+01 1.251508e-01
3.418000e+02 5.383195e+01 1.204213e-01
3.418000e+02 5.389855e+01 1.267681e-01
3.418000e+02 5.373984e+01 1.236055e-01
3.418000e+02 5.364396e+01 1.395312e-01
3.418000e+02 5.380783e+01 1.220768e-01
3.418000e+02 5.390351e+01 1.374047e-01
3.418000e+02 5.372678e+01 1.230553e-01
3.418000e+02 5.355263e+01 1.233264e-01
3.418000e+02 5.373414e+01 1.231241e-01
3.418000e+02 5.370838e+01 1.270548e-01
3.418000e+02 5.375770e+01 1.265562e-01
3.418000e+02 5.376328e+01 1.223092e-01
3.418000e+02 5.356532e+01 1.224924e-01
3.418000e+02 5.377684e+01 1.223956e-01
3.420000e+02 5.627029e+01 1.298891e-01
3.420000e+02 5.605563e+01 1.272044e-01
3.420000e+02 5.637157e+01 1.305531e-01
3.420000e+02 5.651462e+01 1.351626e-01
3.420000e+02 5.620803e+01 1.310317e-01
3.420000e+02 5.634664e+01 1.308221e-01
3.420000e+02 5.617086e+01 1.285925e-01
3.420000e+02 5.640193e+01 1.297319e-01
3.420000e+02 5.630143e+01 1.316548e-01
3.420000e+02 5.616143e+01 1.282467e-01
3.420000e+02 5.622897e+01 1.327676e-01
3.420000e+02 5.615859e+01 1.295501e-01
3.420000e+02 5.632765e+01 1.288097e-01
3.420000e+02 5.591426e+01 1.314082e-01
3.420000e+02 5.621663e+01 1.258314e-01
3.420000e+02 5.623822e+01 1.281963e-01
3.420000e+02 5.606020e+01 1.280688e-01
3.420000e+02 5.618090e+01 1.283541e-01
3.420000e+02 5.628954e+01 1.345101e-01
3.420000e+02 5.622996e+01 1.295134e-01
3.422000e+02 5.866987e+01 1.361385e-01
3.422000e+02 5.894692e+01 1.341441e-01
3.422000e+02 5.876774e+01 1.325993e-01
3.422000e+02 5.900503e+01 1.381669e-01
3.422000e+02 5.865054e+01 1.331976e-01
3.422000e+02 5.882404e+01 1.336421e-01
3.422000e+02 5.866971e+01 1.344028e-01
3.422000e+02 5.879436e+01 1.348472e-01
3.422000e+02 5.899897e+01 1.364731e-01
3.422000e+02 5.869612e+01 1.382060e-01
3.422000e+02 5.904836e+01 1.346308e-01
3.422000e+02 5.913764e+01 1.365867e-01
3.422000e+02 5.869662e+01 1.351207e-01
3.422000e+02 5.877792e+01 1.364141e-01
3.422000e+02 5.894233e+01 1.351339e-01
3.422000e+02 5.879546e+01 1.365794e-01
3.422000e+02 5.911101e+01 1.363545e-01
3.422000e+02 5.921899e+01 1.354240e-01
3.422000e+02 5.857054e+01 1.357425e-01
3.422000e+02 5.880069e+01 1.357346e-01
3.424000e+02 6.196118e+01 1.435933e-01
3.424000e+02 6.186575e+01 1.414692e-01
3.424000e+02 6.181308e+01 1.450811e-01
3.424000e+02 6.200484e+01 1.438387e-01
3.424000e+02 6.167709e+01 1.408056e-01
3.424000e+02 6.167406e+01 1.403764e-01
3.424000e+02 6.154159e+01 1.440651e-01
3.424000e+02 6.158725e+01 1.425185e-01
3.424000e+02 6.181414e+01 1.440698e-01
3.424000e+02 6.166496e+01 1.429630e-01
3.424000e+02 6.178770e+01 1.427812e-01
3.424000e+02 6.170996e+01 1.428477e-01
3.424000e+02 6.170963e+01 1.433136e-01
3.424000e+02 6.166928e+01 1.478441e-01
3.424000e+02 6.168118e+01 1.414235e-01
3.424000e+02 6.169371e+01 1.455088e-01
3.424000e+02 6.172730e+01 1.429712e-01
3.424000e+02 6.185066e+01 1.456303e-01
3.424000e+02 6.190893e+01 1.418975e-01
3.424000e+02 6.195124e+01 1.465916e-01
3.426000e+02 6.457957e+01 1.534730e-01
3.426000e+02 6.483358e+01 1.472407e-01
3.426000e+02 6.469032e+01 1.531809e-01
3.426000e+02 6.489855e+01 1.525358e-01
3.426000e+02 6.504955e+01 1.523711e-01
3.426000e+02 6.490255e+01 1.535288e-01
3.426000e+02 6.476526e+01 1.487783e-01
3.426000e+02 6.472863e+01 1.536296e-01
3.426000e+02 6.484206e+01 1.508865e-01
3.426000e+02 6.504690e+01 1.595958e-01
3.426000e+02 6.480037e+01 1.515450e-01
3.426000e+02 6.505679e+01 1.487993e-01
3.426000e+02 6.479637e+01 1.509614e-01
3.426000e+02 6.492461e+01 1.499296e-01
3.426000e+02 6.496552e+01 1.490064e-01
3.426000e+02 6.505232e+01 1.492413e-01
3.426000e+02 6.473804e+01 1.526668e-01
3.426000e+02 6.472367e+01 1.466484e-01
3.426000e+02 6.510529e+01 1.523916e-01
3.426000e+02 6.498706e+01 1.504956e-01
3.428000e+02 6.837116e+01 1.564570e-01
3.428000e+02 6.846268e+01 1.593004e-01
3.428000e+02 6.817683e+01 1.622743e-01
3.428000e+02 6.824586e+01 1.588433e-01
3.428000e+02 6.802893e+01 1.618959e-01
3.428000e+02 6.859508e+01 1.579913e-01
3.428000e+02 6.822029e+01 1.600902e-01
3.428000e+02 6.864697e+01 1.626476e-01
3.428000e+02 6.838911e+01 1.567870e-01
3.428000e+02 6.826979e+01 1.589429e-01
3.428000e+02 6.820578e+01 1.568754e-01
3.428000e+02 6.837921e+01 1.602016e-01
3.428000e+02 6.814979e+01 1.584365e-01
3.428000e+02 6.829989e+01 1.581013e-01
3.428000e+02 6.843500e+01 1.610174e-01
3.428000e+02 6.809873e+01 1.596297e-01
3.428000e+02 6.819773e+01 1.619030e-01
3.428000e+02 6.845686e+01 1.579028e-01
3.428000e+02 6.856476e+01 1.651914e-01
3.428000e+02 6.842526e+01 1.562345e-01
3.430000e+02 7.252434e+01 1.675260e-01
3.430000e+02 7.223565e+01 1.672788e-01
3.430000e+02 7.212090e+01 1.680520e-01
3.430000e+02 7.245672e+01 1.719063e-01
3.430000e+02 7.220909e+01 1.698018e-01
3.430000e+02 7.229057e+01 1.644678e-01
3.430000e+02 7.207506e+01 1.683736e-01
3.430000e+02 7.216048e+01 1.687329e-01
3.430000e+02 7.232620e+01 1.643975e-01
3.430000e+02 7.232093e+01 1.714408e-01
3.430000e+02 7.212908e+01 1.687251e-01
3.430000e+02 7.233906e+01 1.721136e-01
3.430000e+02 7.200459e+01 1.607281e-01
3.430000e+02 7.232512e+01 1.726136e-01
3.430000e+02 7.232187e+01 1.797073e-01
3.430000e+02 7.231660e+01 1.668781e-01
3.430000e+02 7.223901e+01 1.658322e-01
3.430000e+02 7.193610e+01 1.717114e-01
3.430000e+02 7.227480e+01 1.685019e-01
3.430000e+02 7.214520e+01 1.681231e-01
3.432000e+02 7.609461e+01 1.793200e-01
3.432000e+02 7.640015e+01 1.774870e-01
3.432000e+02 7.647419e+01 1.807253e-01
3.432000e+02 7.628057e+01 1.836876e-01
3.432000e+02 7.654665e+01 1.819814e-01
3.432000e+02 7.653128e+01 1.788929e-01
3.432000e+02 7.621582e+01 1.770207e-01
3.432000e+02 7.680104e+01 1.796093e-01
3.432000e+02 7.635228e+01 1.768957e-01
3.432000e+02 7.635365e+01 1.793274e-01
3.432000e+02 7.664714e+01 1.878814e-01
3.432000e+02 7.667436e+01 1.783254e-01
3.432000e+02 7.670335e+01 1.783410e-01
3.432000e+02 7.634403e+01 1.761831e-01
3.432000e+02 7.658998e+01 1.775731e-01
3.432000e+02 7.654169e+01 1.789978e-01
3.432000e+02 7.652675e+01 1.770860e-01
3.432000e+02 7.656300e+01 1.790157e-01
3.432000e+02 7.603814e+01 1.813084e-01
3.432000e+02 7.640416e+01 1.813372e-01
3.434000e+02 8.112461e+01 1.855580e-01
3.434000e+02 8.112269e+01 1.903904e-01
3.434000e+02 8.102095e+01 1.962792e-01
3.434000e+02 8.133223e+01 1.920692e-01
3.434000e+02 8.108408e+01 1.834741e-01
3.434000e+02 8.114958e+01 1.854876e-01
3.434000e+02 8.118882e+01 1.918484e-01
3.434000e+02 8.101648e+01 1.898234e-01
3.434000e+02 8.115505e+01 1.926512e-01
3.434000e+02 8.095353e+01 1.921594e-01
3.434000e+02 8.089742e+01 1.906708e-01
3.434000e+02 8.136550e+01 1.910721e-01
3.434000e+02 8.103370e+01 1.827770e-01
3.434000e+02 8.080807e+01 1.903473e-01
3.434000e+02 8.108904e+01 1.959345e-01
3.434000e+02 8.094226e+01 1.867152e-01
3.434000e+02 8.112108e+01 1.868296e-01
3.434000e+02 8.090098e+01 1.934292e-01
3.434000e+02 8.119193e+01 1.874313e-01
3.434000e+02 8.108048e+01 1.922567e-01
3.436000e+02 8.669092e+01 2.028143e-01
3.436000e+02 8.610146e+01 2.004534e-01
3.436000e+02 8.612153e+01 2.051874e-01
3.436000e+02 8.634357e+01 2.089609e-01
3.436000e+02 8.614030e+01 1.959440e-01
3.436000e+02 8.619752e+01 2.013520e-01
3.436000e+02 8.646823e+01 2.037428e-01
3.436000e+02 8.690539e+01 2.024979e-01
3.436000e+02 8.618148e+01 2.121477e-01
3.436000e+02 8.612953e+01 1.960684e-01
3.436000e+02 8.644225e+01 2.024407e-01
3.436000e+02 8.655109e+01 2.042996e-01
3.436000e+02 8.636068e+01 2.030657e-01
3.436000e+02 8.693768e+01 1.996392e-01
3.436000e+02 8.626191e+01 2.013791e-01
3.436000e+02 8.617525e+01 1.988549e-01
3.436000e+02 8.642959e+01 2.015195e-01
3.436000e+02 8.663816e+01 2.005376e-01
3.436000e+02 8.628190e+01 2.040130e-01
3.436000e+02 8.628284e+01 1.985825e-01
3.438000e+02 9.236250e+01 2.155460e-01
3.438000e+02 9.265337e+01 2.150870e-01
3.438000e+02 9.233254e+01 2.148000e-01
3.438000e+02 9.238482e+01 2.166195e-01
3.438000e+02 9.255236e+01 2.264220e-01
3.438000e+02 9.233408e+01 2.213679e-01
3.438000e+02 9.241490e+01 2.120687e-01
3.438000e+02 9.277370e+01 2.219385e-01
3.438000e+02 9.215045e+01 2.170731e-01
3.438000e+02 9.257791e+01 2.228899e-01
3.438000e+02 9.251887e+01 2.190979e-01
3.438000e+02 9.236763e+01 2.190858e-01
3.438000e+02 9.233462e+01 2.182619e-01
3.438000e+02 9.258197e+01 2.185406e-01
3.438000e+02 9.215930e+01 2.117194e-01
3.438000e+02 9.247491e+01 2.159138e-01
3.438000e+02 9.243203e+01 2.209012e-01
3.438000e+02 9.217719e+01 2.177088e-01
3.438000e+02 9.219257e+01 2.112357e-01
3.438000e+02 9.209605e+01 2.169320e-01
3.440000e+02 9.898266e+01 2.266756e-01
3.440000e+02 9.910369e+01 2.344289e-01
3.440000e+02 9.889367e+01 2.257241e-01
3.440000e+02 9.926579e+01 2.374912e-01
3.440000e+02 9.882046e+01 2.257414e-01
3.440000e+02 9.909935e+01 2.378693e-01
3.440000e+02 9.895331e+01 2.375675e-01
3.440000e+02 9.904333e+01 2.266877e-01
3.440000e+02 9.905564e+01 2.333667e-01
3.440000e+02 9.940052e+01 2.368517e-01
3.440000e+02 9.856565e+01 2.311814e-01
3.440000e+02 9.836753e+01 2.288722e-01
3.440000e+02 9.891062e+01 2.267680e-01
3.440000e+02 9.927619e+01 2.286132e-01
3.440000e+02 9.925105e+01 2.307906e-01
3.440000e+02 9.926557e+01 2.266520e-01
3.440000e+02 9.886142e+01 2.330751e-01
3.440000e+02 9.902742e+01 2.304541e-01
3.440000e+02 9.878338e+01 2.262801e-01
3.440000e+02 9.923749e+01 2.295952e-01
3.442000e+02 1.065537e+02 2.520047e-01
3.442000e+02 1.064922e+02 2.524129e-01
3.442000e+02 1.064616e+02 2.549698e-01
3.442000e+02 1.063558e+02 2.458217e-01
3.442000e+02 1.070159e+02 2.465637e-01
3.442000e+02 1.068030e+02 2.502624e-01
3.442000e+02 1.065263e+02 2.461281e-01
3.442000e+02 1.070334e+02 2.497305e-01
3.442000e+02 1.067509e+02 2.482611e-01
3.442000e+02 1.065984e+02 2.538885e-01
3.442000e+02 1.067323e+02 2.503469e-01
3.442000e+02 1.063888e+02 2.535754e-01
3.442000e+02 1.065497e+02 2.530713e-01
3.442000e+02 1.065016e+02 2.473781e-01
3.442000e+02 1.067334e+02 2.481113e-01
3.442000e+02 1.063573e+02 2.491411e-01
3.442000e+02 1.065158e+02 2.502530e-01
3.442000e+02 1.066074e+02 2.478161e-01
3.442000e+02 1.067628e+02 2.473859e-01
3.442000e+02 1.068365e+02 2.534422e-01
3.444000e+02 1.148188e+02 2.722467e-01
3.444000e+02 1.157353e+02 2.741638e-01
3.444000e+02 1.158369e+02 2.709276e-01
3.444000e+02 1.151592e+02 2.666585e-01
3.444000e+02 1.152694e+02 2.650399e-01
3.444000e+02 1.154020e+02 2.739573e-01
3.444000e+02 1.148037e+02 2.611253e-01
3.444000e+02 1.154369e+02 2.805032e-01
3.444000e+02 1.151392e+02 2.677217e-01
3.444000e+02 1.152046e+02 2.769434e-01
3.444000e+02 1.158539e+02 2.680725e-01
3.444000e+02 1.155600e+02 2.655973e-01
3.444000e+02 1.149762e+02 2.695433e-01
3.444000e+02 1.153697e+02 2.715463e-01
3.444000e+02 1.150269e+02 2.703374e-01
3.444000e+02 1.159491e+02 2.745228e-01
3.444000e+02 1.151709e+02 2.658947e-01
3.444000e+02 1.150173e+02 2.712968e-01
3.444000e+02 1.155424e+02 2.741311e-01
3.444000e+02 1.154580e+02 2.610528e-01
3.446000e+02 1.254687e+02 2.946658e-01
3.446000e+02 1.252279e+02 2.932162e-01
3.446000e+02 1.248720e+02 2.910474e-01
3.446000e+02 1.253243e+02 2.977315e-01
3.446000e+02 1.257419e+02 2.974516e-01
3.446000e+02 1.250559e+02 2.945770e-01
3.446000e+02 1.254265e+02 2.866485e-01
3.446000e+02 1.254272e+02 2.979644e-01
3.446000e+02 1.249372e+02 2.954907e-01
3.446000e+02 1.250858e+02 2.894158e-01
3.446000e+02 1.253983e+02 2.901681e-01
3.446000e+02 1.258614e+02 2.992551e-01
3.446000e+02 1.258124e+02 2.872965e-01
3.446000e+02 1.252461e+02 2.883805e-01
3.446000e+02 1.249468e+02 2.918566e-01
3.446000e+02 1.259533e+02 3.245937e-01
3.446000e+02 1.251695e+02 2.938643e-01
3.446000e+02 1.255569e+02 2.921026e-01
3.446000e+02 1.255780e+02 2.929573e-01
3.446000e+02 1.253406e+02 2.887590e-01
3.448000e+02 1.374189e+02 3.224726e-01
3.448000e+02 1.368788e+02 3.378197e-01
3.448000e+02 1.373225e+02 3.273815e-01
3.448000e+02 1.361497e+02 3.179980e-01
3.448000e+02 1.369736e+02 3.231028e-01
3.448000e+02 1.371415e+02 3.319291e-01
3.448000e+02 1.368461e+02 3.155491e-01
3.448000e+02 1.374544e+02 3.218416e-01
3.448000e+02 1.368061e+02 3.316175e-01
3.448000e+02 1.374693e+02 3.285457e-01
3.448000e+02 1.374409e+02 3.356502e-01
3.448000e+02 1.376508e+02 3.202041e-01
3.448000e+02 1.364922e+02 3.162400e-01
3.448000e+02 1.375485e+02 3.301296e-01
3.448000e+02 1.376246e+02 3.250535e-01
3.448000e+02 1.365981e+02 3.155311e-01
3.448000e+02 1.370125e+02 3.060735e-01
3.448000e+02 1.362788e+02 3.202979e-01
3.448000e+02 1.368593e+02 3.164498e-01
3.448000e+02 1.373340e+02 3.266734e-01
3.450000e+02 1.508973e+02 3.493809e-01
3.450000e+02 1.503846e+02 3.487316e-01
3.450000e+02 1.509590e+02 3.578053e-01
3.450000e+02 1.518318e+02 3.720492e-01
3.450000e+02 1.507547e+02 3.529687e-01
3.450000e+02 1.504292e+02 3.613881e-01
3.450000e+02 1.508618e+02 3.500667e-01
3.450000e+02 1.506005e+02 3.483645e-01
3.450000e+02 1.505747e+02 3.534142e-01
3.450000e+02 1.510242e+02 3.625613e-01
3.450000e+02 1.509157e+02 3.629982e-01
3.450000e+02 1.505212e+02 3.526189e-01
3.450000e+02 1.501455e+02 3.633760e-01
3.450000e+02 1.507955e+02 3.596089e-01
3.450000e+02 1.511593e+02 3.535545e-01
3.450000e+02 1.511809e+02 3.669279e-01
3.450000e+02 1.506639e+02 3.561503e-01
3.450000e+02 1.513320e+02 3.508514e-01
3.450000e+02 1.511454e+02 3.562343e-01
3.450000e+02 1.505591e+02 3.576361e-01
3.452000e+02 1.665338e+02 3.966799e-01
3.452000e+02 1.675613e+02 4.068407e-01
3.452000e+02 1.668623e+02 4.025491e-01
3.452000e+02 1.670188e+02 3.919096e-01
3.452000e+02 1.664015e+02 3.832466e-01
3.452000e+02 1.667417e+02 3.978577e-01
3.452000e+02 1.659128e+02 3.887029e-01
3.452000e+02 1.670499e+02 3.898548e-01
3.452000e+02 1.666337e+02 3.949532e-01
3.452000e+02 1.659090e+02 3.978275e-01
3.452000e+02 1.661506e+02 3.901736e-01
3.452000e+02 1.666318e+02 3.876830e-01
3.452000e+02 1.670957e+02 3.824395e-01
3.452000e+02 1.664552e+02 3.855152e-01
3.452000e+02 1.662744e+02 3.861661e-01
3.452000e+02 1.668098e+02 3.924545e-01
3.452000e+02 1.667772e+02 3.855639e-01
3.452000e+02 1.662126e+02 4.051890e-01
3.452000e+02 1.670157e+02 3.858137e-01
3.452000e+02 1.665342e+02 3.867314e-01
3.454000e+02 1.844081e+02 4.330470e-01
3.454000e+02 1.839722e+02 4.424265e-01
3.454000e+02 1.846734e+02 4.528613e-01
3.454000e+02 1.856631e+02 4.488520e-01
3.454000e+02 1.843708e+02 4.313441e-01
3.454000e+02 1.842082e+02 4.272783e-01
3.454000e+02 1.847590e+02 4.317958e-01
3.454000e+02 1.843968e+02 4.400570e-01
3.454000e+02 1.843139e+02 4.221317e-01
3.454000e+02 1.848626e+02 4.410176e-01
3.454000e+02 1.849824e+02 4.293704e-01
3.454000e+02 1.852208e+02 4.328143e-01
3.454000e+02 1.846409e+02 4.429693e-01
3.454000e+02 1.850844e+02 4.348498e-01
3.454000e+02 1.851394e+02 4.333770e-01
3.454000e+02 1.859023e+02 4.367363e-01
3.454000e+02 1.848737e+02 4.371269e-01
3.454000e+02 1.845501e+02 4.244922e-01
3.454000e+02 1.843680e+02 4.378457e-01
3.454000e+02 1.850784e+02 4.380876e-01
3.456000e+02 2.062242e+02 4.851769e-01
3.456000e+02 2.052405e+02 4.843446e-01
3.456000e+02 2.049807e+02 4.813152e-01
3.456000e+02 2.061801e+02 5.019366e-01
3.456000e+02 2.058555e+02 4.792599e-01
3.456000e+02 2.060689e+02 4.845258e-01
3.456000e+02 2.051452e+02 4.674183e-01
3.456000e+02 2.052068e+02 4.940292e-01
3.456000e+02 2.059424e+02 4.869067e-01
3.456000e+02 2.059263e+02 4.957876e-01
3.456000e+02 2.055198e+02 4.760936e-01
3.456000e+02 2.060709e+02 4.850769e-01
3.456000e+02 2.056889e+02 4.893549e-01
3.456000e+02 2.057710e+02 4.852670e-01
3.456000e+02 2.053241e+02 4.836740e-01
3.456000e+02 2.061893e+02 4.848936e-01
3.456000e+02 2.058353e+02 4.755569e-01
3.456000e+02 2.054686e+02 4.836712e-01
3.456000e+02 2.061509e+02 4.893235e-01
3.456000e+02 2.057895e+02 4.920304e-01
3.458000e+02 2.296032e+02 5.299889e-01
3.458000e+02 2.298379e+02 5.338663e-01
3.458000e+02 2.298320e+02 5.316558e-01
3.458000e+02 2.282811e+02 5.381003e-01
3.458000e+02 2.287221e+02 5.478702e-01
3.458000e+02 2.279947e+02 5.390569e-01
3.458000e+02 2.294016e+02 5.579678e-01
3.458000e+02 2.296560e+02 5.323869e-01
3.458000e+02 2.308107e+02 5.285714e-01
3.458000e+02 2.292267e+02 5.533842e-01
3.458000e+02 2.295234e+02 5.456384e-01
3.458000e+02 2.295858e+02 5.364842e-01
3.458000e+02 2.294211e+02 5.425493e-01
3.458000e+02 2.293602e+02 5.585061e-01
3.458000e+02 2.298216e+02 5.355743e-01
3.458000e+02 2.289097e+02 5.425154e-01
3.458000e+02 2.282659e+02 5.573068e-01
3.458000e+02 2.288443e+02 5.448631e-01
3.458000e+02 2.283846e+02 5.431139e-01
3.458000e+02 2.294930e+02 5.358253e-01
3.460000e+02 2.547886e+02 5.992711e-01
3.460000e+02 2.551961e+02 5.727036e-01
3.460000e+02 2.541568e+02 5.691055e-01
3.460000e+02 2.544518e+02 6.041798e-01
3.460000e+02 2.556248e+02 5.977462e-01
3.460000e+02 2.548920e+02 5.996972e-01
3.460000e+02 2.547054e+02 6.191185e-01
3.460000e+02 2.545672e+02 6.082685e-01
3.460000e+02 2.536933e+02 6.054562e-01
3.460000e+02 2.546722e+02 6.007999e-01
3.460000e+02 2.554310e+02 5.990794e-01
3.460000e+02 2.558159e+02 6.175247e-01
3.460000e+02 2.555179e+02 6.062030e-01
3.460000e+02 2.546256e+02 6.017228e-01
3.460000e+02 2.541310e+02 6.026667e-01
3.460000e+02 2.552001e+02 5.995188e-01
3.460000e+02 2.548147e+02 6.116006e-01
3.460000e+02 2.555083e+02 6.068261e-01
3.460000e+02 2.557944e+02 5.964601e-01
3.460000e+02 2.543587e+02 5.903406e-01
3.462000e+02 2.815958e+02 6.799080e-01
3.462000e+02 2.831546e+02 6.810157e-01
3.462000e+02 2.822876e+02 6.626364e-01
3.462000e+02 2.814603e+02 6.679899e-01
3.462000e+02 2.822600e+02 6.726217e-01
3.462000e+02 2.817981e+02 6.660926e-01
3.462000e+02 2.818794e+02 6.578346e-01
3.462000e+02 2.823603e+02 6.825912e-01
3.462000e+02 2.826052e+02 6.822188e-01
3.462000e+02 2.817897e+02 6.609626e-01
3.462000e+02 2.821881e+02 6.397254e-01
3.462000e+02 2.822740e+02 6.858998e-01
3.462000e+02 2.822096e+02 6.845589e-01
3.462000e+02 2.827238e+02 6.779110e-01
3.462000e+02 2.819356e+02 6.648236e-01
3.462000e+02 2.817062e+02 6.534026e-01
3.462000e+02 2.810810e+02 6.724335e-01
3.462000e+02 2.815115e+02 6.676100e-01
3.462000e+02 2.819142e+02 6.819070e-01
3.462000e+02 2.821841e+02 6.827102e-01
3.464000e+02 3.106173e+02 6.617081e-01
3.464000e+02 3.095955e+02 6.799135e-01
3.464000e+02 3.112403e+02 6.790699e-01
3.464000e+02 3.105596e+02 6.731590e-01
3.464000e+02 3.104686e+02 6.882638e-01
3.464000e+02 3.099091e+02 6.880661e-01
3.464000e+02 3.101958e+02 6.693858e-01
3.464000e+02 3.097459e+02 6.800838e-01
3.464000e+02 3.091467e+02 6.766814e-01
3.464000e+02 3.092654e+02 6.656805e-01
3.464000e+02 3.102385e+02 6.621327e-01
3.464000e+02 3.081653e+02 6.876482e-01
3.464000e+02 3.111490e+02 6.884265e-01
3.464000e+02 3.093586e+02 6.685298e-01
3.464000e+02 3.091099e+02 6.813345e-01
3.464000e+02 3.089217e+02 6.701443e-01
3.464000e+02 3.093186e+02 7.017828e-01
3.464000e+02 3.110854e+02 6.926364e-01
3.464000e+02 3.092142e+02 6.799512e-01
3.464000e+02 3.099123e+02 6.715591e-01
3.466000e+02 3.360652e+02 7.244823e-01
3.466000e+02 3.355003e+02 7.254051e-01
3.466000e+02 3.364789e+02 7.223511e-01
3.466000e+02 3.367472e+02 7.236443e-01
3.466000e+02 3.373788e+02 7.204735e-01
3.466000e+02 3.362377e+02 7.313671e-01
3.466000e+02 3.365967e+02 7.419469e-01
3.466000e+02 3.363458e+02 7.276959e-01
3.466000e+02 3.381540e+02 7.455549e-01
3.466000e+02 3.366747e+02 7.447905e-01
3.466000e+02 3.367279e+02 7.399723e-01
3.466000e+02 3.366772e+02 7.357699e-01
3.466000e+02 3.361508e+02 7.395845e-01
3.466000e+02 3.374103e+02 7.366017e-01
3.466000e+02 3.367225e+02 7.362173e-01
3.466000e+02 3.371751e+02 7.342278e-01
3.466000e+02 3.366725e+02 7.264267e-01
3.466000e+02 3.361755e+02 7.404300e-01
3.466000e+02 3.367757e+02 7.359999e-01
3.466000e+02 3.359996e+02 7.362877e-01
3.468000e+02 3.617677e+02 7.684822e-01
3.468000e+02 3.616423e+02 8.011649e-01
3.468000e+02 3.614463e+02 8.050014e-01
3.468000e+02 3.615179e+02 7.687626e-01
3.468000e+02 3.625441e+02 7.694205e-01
3.468000e+02 3.601416e+02 7.924468e-01
3.468000e+02 3.610104e+02 7.959226e-01
3.468000e+02 3.625136e+02 8.043703e-01
3.468000e+02 3.615937e+02 7.931887e-01
3.468000e+02 3.613536e+02 8.065409e-01
3.468000e+02 3.620891e+02 7.782979e-01
3.468000e+02 3.616383e+02 7.897509e-01
3.468000e+02 3.614198e+02 7.894158e-01
3.468000e+02 3.611136e+02 7.872468e-01
3.468000e+02 3.614804e+02 7.663668e-01
3.468000e+02 3.627379e+02 7.623318e-01
3.468000e+02 3.608060e+02 7.943538e-01
3.468000e+02 3.623364e+02 7.849425e-01
3.468000e+02 3.619337e+02 7.856260e-01
3.468000e+02 3.613938e+02 7.907092e-01
3.470000e+02 3.839907e+02 8.672859e-01
3.470000e+02 3.844618e+02 8.369595e-01
3.470000e+02 3.853663e+02 8.436010e-01
3.470000e+02 3.830952e+02 8.380152e-01
3.470000e+02 3.847901e+02 8.401281e-01
3.470000e+02 3.845721e+02 8.251776e-01
3.470000e+02 3.849893e+02 8.494033e-01
3.470000e+02 3.849271e+02 8.228136e-01
3.470000e+02 3.836303e+02 8.308297e-01
3.470000e+02 3.849243e+02 8.371823e-01
3.470000e+02 3.836348e+02 8.341688e-01
3.470000e+02 3.860633e+02 8.444393e-01
3.470000e+02 3.847417e+02 8.384325e-01
3.470000e+02 3.852103e+02 8.341317e-01
3.470000e+02 3.844202e+02 8.476870e-01
3.470000e+02 3.847693e+02 8.312871e-01
3.470000e+02 3.833937e+02 8.199212e-01
3.470000e+02 3.850086e+02 8.910271e-01
3.470000e+02 3.833857e+02 8.297520e-01
3.470000e+02 3.850731e+02 8.297493e-01
3.472000e+02 4.045310e+02 8.909009e-01
3.472000e+02 4.053740e+02 8.609812e-01
3.472000e+02 4.057318e+02 8.915097e-01
3.472000e+02 4.032952e+02 9.091669e-01
3.472000e+02 4.043545e+02 8.959069e-01
3.472000e+02 4.054558e+02 8.698772e-01
3.472000e+02 4.054760e+02 8.788141e-01
3.472000e+02 4.067825e+02 8.870456e-01
3.472000e+02 4.069800e+02 8.804959e-01
3.472000e+02 4.063034e+02 8.782858e-01
3.472000e+02 4.044433e+02 8.833223e-01
3.472000e+02 4.051717e+02 8.972922e-01
3.472000e+02 4.043947e+02 8.597617e-01
3.472000e+02 4.067061e+02 8.771700e-01
3.472000e+02 4.061835e+02 9.142578e-01
3.472000e+02 4.037986e+02 8.985746e-01
3.472000e+02 4.048266e+02 8.850825e-01
3.472000e+02 4.050834e+02 8.697439e-01
3.472000e+02 4.066871e+02 8.758486e-01
3.472000e+02 4.046725e+02 8.782612e-01
3.474000e+02 4.240762e+02 9.468692e-01
3.474000e+02 4.247915e+02 9.427509e-01
3.474000e+02 4.247741e+02 9.322693e-01
3.474000e+02 4.235785e+02 9.365472e-01
3.474000e+02 4.230412e+02 9.311089e-01
3.474000e+02 4.230918e+02 9.328724e-01
3.474000e+02 4.232961e+02 9.162217e-01
3.474000e+02 4.250198e+02 9.203207e-01
3.474000e+02 4.244073e+02 9.524878e-01
3.474000e+02 4.241347e+02 9.523648e-01
3.474000e+02 4.242490e+02 9.250559e-01
3.474000e+02 4.244616e+02 9.192446e-01
3.474000e+02 4.237933e+02 9.229122e-01
3.474000e+02 4.233709e+02 9.341427e-01
3.474000e+02 4.248283e+02 9.200678e-01
3.474000e+02 4.237238e+02 9.230516e-01
3.474000e+02 4.234669e+02 9.146646e-01
3.474000e+02 4.227371e+02 9.145658e-01
3.474000e+02 4.224153e+02 9.215817e-01
3.474000e+02 4.223640e+02 9.210934e-01
3.476000e+02 4.387619e+02 9.537694e-01
3.476000e+02 4.405941e+02 9.691660e-01
3.476000e+02 4.399982e+02 9.640948e-01
3.476000e+02 4.411438e+02 9.560383e-01
3.476000e+02 4.399451e+02 9.722252e-01
3.476000e+02 4.402244e+02 9.748524e-01
3.476000e+02 4.405185e+02 9.622374e-01
3.476000e+02 4.414418e+02 9.498935e-01
3.476000e+02 4.405363e+02 9.427457e-01
3.476000e+02 4.418256e+02 9.906410e-01
3.476000e+02 4.406392e+02 9.722124e-01
3.476000e+02 4.379683e+02 9.519923e-01
3.476000e+02 4.415602e+02 9.980170e-01
3.476000e+02 4.404027e+02 9.653165e-01
3.476000e+02 4.424602e+02 9.314109e-01
3.476000e+02 4.404116e+02 9.820900e-01
3.476000e+02 4.416085e+02 9.610275e-01
3.476000e+02 4.404684e+02 9.432149e-01
3.476000e+02 4.389665e+02 9.514465e-01
3.476000e+02 4.399271e+02 9.532420e-01
3.478000e+02 4.562047e+02 1.015477e+00
3.478000e+02 4.545246e+02 9.825084e-01
3.478000e+02 4.538803e+02 1.031028e+00
3.478000e+02 4.546275e+02 1.013535e+00
3.478000e+02 4.570893e+02 9.997815e-01
3.478000e+02 4.546555e+02 9.870163e-01
3.478000e+02 4.558917e+02 1.013578e+00
3.478000e+02 4.538888e+02 9.859414e-01
3.478000e+02 4.543250e+02 9.931064e-01
3.478000e+02 4.548773e+02 1.064485e+00
3.478000e+02 4.568644e+02 9.971804e-01
3.478000e+02 4.544219e+02 1.016053e+00
3.478000e+02 4.552737e+02 1.020723e+00
3.478000e+02 4.551186e+02 9.936036e-01
3.478000e+02 4.539030e+02 1.020364e+00
3.478000e+02 4.555911e+02 1.033712e+00
3.478000e+02 4.543637e+02 9.866933e-01
3.478000e+02 4.550851e+02 1.010299e+00
3.478000e+02 4.553025e+02 1.003764e+00
3.478000e+02 4.564932e+02 1.040231e+00
3.480000e+02 4.678007e+02 1.074438e+00
3.480000e+02 4.690839e+02 1.044723e+00
3.480000e+02 4.693872e+02 1.039716e+00
3.480000e+02 4.684616e+02 1.032107e+00
3.480000e+02 4.690770e+02 1.062626e+00
3.480000e+02 4.671782e+02 1.040220e+00
3.480000e+02 4.690207e+02 1.034928e+00
3.480000e+02 4.690910e+02 1.054020e+00
3.480000e+02 4.692099e+02 1.037356e+00
3.480000e+02 4.671956e+02 1.028896e+00
3.480000e+02 4.692751e+02 1.055497e+00
3.480000e+02 4.686803e+02 1.066900e+00
3.480000e+02 4.667222e+02 1.042064e+00
3.480000e+02 4.674710e+02 1.032063e+00
3.480000e+02 4.679424e+02 1.043777e+00
3.480000e+02 4.681039e+02 1.059170e+00
3.480000e+02 4.675649e+02 1.036682e+00
3.480000e+02 4.697837e+02 1.048012e+00
3.480000e+02 4.682843e+02 1.056173e+00
3.480000e+02 4.683627e+02 1.045787e+00
3.482000e+02 4.799057e+02 1.065103e+00
3.482000e+02 4.797772e+02 1.072429e+00
3.482000e+02 4.802451e+02 1.067215e+00
3.482000e+02 4.802727e+02 1.120424e+00
3.482000e+02 4.818669e+02 1.066891e+00
3.482000e+02 4.789886e+02 1.073351e+00
3.482000e+02 4.801153e+02 1.081958e+00
3.482000e+02 4.805465e+02 1.061144e+00
3.482000e+02 4.799289e+02 1.072586e+00
3.482000e+02 4.798605e+02 1.078330e+00
3.482000e+02 4.813350e+02 1.077084e+00
3.482000e+02 4.812585e+02 1.093090e+00
3.482000e+02 4.797562e+02 1.064229e+00
3.482000e+02 4.797810e+02 1.058904e+00
3.482000e+02 4.799918e+02 1.042939e+00
3.482000e+02 4.816998e+02 1.085067e+00
3.482000e+02 4.817459e+02 1.086455e+00
3.482000e+02 4.787047e+02 1.046554e+00
3.482000e+02 4.815107e+02 1.081620e+00
3.482000e+02 4.793891e+02 1.097640e+00
3.484000e+02 4.909810e+02 1.101851e+00
3.484000e+02 4.914364e+02 1.111952e+00
3.484000e+02 4.908910e+02 1.132425e+00
3.484000e+02 4.914947e+02 1.111739e+00
3.484000e+02 4.921538e+02 1.095580e+00
3.484000e+02 4.900668e+02 1.116834e+00
3.484000e+02 4.904001e+02 1.100232e+00
3.484000e+02 4.920897e+02 1.102240e+00
3.484000e+02 4.904844e+02 1.155482e+00
3.484000e+02 4.901152e+02 1.082825e+00
3.484000e+02 4.899659e+02 1.101484e+00
3.484000e+02 4.910581e+02 1.083921e+00
3.484000e+02 4.918584e+02 1.097157e+00
3.484000e+02 4.922905e+02 1.112672e+00
3.484000e+02 4.905897e+02 1.070603e+00
3.484000e+02 4.930790e+02 1.092341e+00
3.484000e+02 4.901756e+02 1.140486e+00
3.484000e+02 4.912775e+02 1.110236e+00
3.484000e+02 4.897898e+02 1.106244e+00
3.484000e+02 4.900434e+02 1.112620e+00
3.486000e+02 5.007348e+02 1.156880e+00
3.486000e+02 4.998991e+02 1.159366e+00
3.486000e+02 5.003797e+02 1.142329e+00
3.486000e+02 4.997759e+02 1.132447e+00
3.486000e+02 5.027818e+02 1.123340e+00
3.486000e+02 5.020335e+02 1.138285e+00
3.486000e+02 5.011197e+02 1.088972e+00
3.486000e+02 4.999166e+02 1.145981e+00
3.486000e+02 4.986133e+02 1.145859e+00
3.486000e+02 5.005819e+02 1.144539e+00
3.486000e+02 5.001106e+02 1.161587e+00
3.486000e+02 4.999889e+02 1.125887e+00
3.486000e+02 5.024070e+02 1.133264e+00
3.486000e+02 4.999268e+02 1.136955e+00
3.486000e+02 4.985127e+02 1.114629e+00
3.486000e+02 5.014019e+02 1.148002e+00
3.486000e+02 5.003827e+02 1.119523e+00
3.486000e+02 5.019177e+02 1.130936e+00
3.486000e+02 4.997689e+02 1.135902e+00
3.486000e+02 5.007422e+02 1.130712e+00
3.488000e+02 5.078360e+02 1.170241e+00
3.488000e+02 5.122453e+02 1.177068e+00
3.488000e+02 5.069940e+02 1.148420e+00
3.488000e+02 5.085239e+02 1.146146e+00
3.488000e+02 5.090497e+02 1.151527e+00
3.488000e+02 5.082983e+02 1.139189e+00
3.488000e+02 5.089480e+02 1.149432e+00
3.488000e+02 5.104338e+02 1.185099e+00
3.488000e+02 5.110082e+02 1.151940e+00
3.488000e+02 5.088502e+02 1.151979e+00
3.488000e+02 5.090376e+02 1.182299e+00
3.488000e+02 5.113429e+02 1.158706e+00
3.488000e+02 5.090783e+02 1.156823e+00
3.488000e+02 5.087725e+02 1.147029e+00
3.488000e+02 5.097196e+02 1.184724e+00
3.488000e+02 5.090527e+02 1.152500e+00
3.488000e+02 5.099056e+02 1.161427e+00
3.488000e+02 5.104945e+02 1.138437e+00
3.488000e+02 5.109547e+02 1.182429e+00
3.488000e+02 5.085521e+02 1.143038e+00
3.490000e+02 5.179918e+02 1.172440e+00
3.490000e+02 5.176359e+02 1.184847e+00
3.490000e+02 5.203420e+02 1.174971e+00
3.490000e+02 5.178703e+02 1.195459e+00
3.490000e+02 5.188327e+02 1.197266e+00
3.490000e+02 5.179558e+02 1.183490e+00
3.490000e+02 5.177152e+02 1.211071e+00
3.490000e+02 5.199403e+02 1.183237e+00
3.490000e+02 5.203589e+02 1.199932e+00
3.490000e+02 5.175047e+02 1.166328e+00
3.490000e+02 5.186491e+02 1.184317e+00
3.490000e+02 5.169471e+02 1.201386e+00
3.490000e+02 5.162209e+02 1.158023e+00
3.490000e+02 5.165372e+02 1.196638e+00
3.490000e+02 5.190952e+02 1.193023e+00
3.490000e+02 5.173120e+02 1.177469e+00
3.490000e+02 5.180923e+02 1.205994e+00
3.490000e+02 5.170494e+02 1.173193e+00
3.490000e+02 5.192888e+02 1.196431e+00
3.490000e+02 5.194462e+02 1.172701e+00
3.492000e+02 5.267705e+02 1.200656e+00
3.492000e+02 5.243400e+02 1.215049e+00
3.492000e+02 5.247494e+02 1.202968e+00
3.492000e+02 5.258925e+02 1.217050e+00
3.492000e+02 5.280303e+02 1.220034e+00
3.492000e+02 5.264446e+02 1.200637e+00
3.492000e+02 5.255344e+02 1.209540e+00
3.492000e+02 5.216249e+02 1.203400e+00
3.492000e+02 5.257208e+02 1.238824e+00
3.492000e+02 5.270435e+02 1.210382e+00
3.492000e+02 5.242898e+02 1.243053e+00
3.492000e+02 5.255232e+02 1.211886e+00
3.492000e+02 5.237192e+02 1.205417e+00
3.492000e+02 5.254947e+02 1.197582e+00
3.492000e+02 5.255405e+02 1.196276e+00
3.492000e+02 5.257040e+02 1.227714e+00
3.492000e+02 5.255638e+02 1.216885e+00
3.492000e+02 5.245618e+02 1.242138e+00
3.492000e+02 5.247865e+02 1.206167e+00
3.492000e+02 5.247310e+02 1.202920e+00
3.494000e+02 5.325852e+02 1.225228e+00
3.494000e+02 5.322050e+02 1.226680e+00
3.494000e+02 5.334073e+02 1.247058e+00
3.494000e+02 5.336254e+02 1.244002e+00
3.494000e+02 5.343284e+02 1.249990e+00
3.494000e+02 5.329014e+02 1.258360e+00
3.494000e+02 5.329573e+02 1.245766e+00
3.494000e+02 5.336382e+02 1.203731e+00
3.494000e+02 5.312095e+02 1.252710e+00
3.494000e+02 5.304274e+02 1.235236e+00
3.494000e+02 5.342199e+02 1.240733e+00
3.494000e+02 5.319618e+02 1.250999e+00
3.494000e+02 5.338363e+02 1.251042e+00
3.494000e+02 5.330261e+02 1.253682e+00
3.494000e+02 5.315092e+02 1.225403e+00
3.494000e+02 5.326953e+02 1.253820e+00
3.494000e+02 5.323358e+02 1.234772e+00
3.494000e+02 5.336966e+02 1.248743e+00
3.494000e+02 5.314261e+02 1.215061e+00
3.494000e+02 5.315609e+02 1.323138e+00
3.496000e+02 5.371738e+02 1.244078e+00
3.496000e+02 5.402595e+02 1.257640e+00
3.496000e+02 5.387109e+02 1.242028e+00
3.496000e+02 5.396458e+02 1.245069e+00
3.496000e+02 5.403857e+02 1.270873e+00
3.496000e+02 5.394385e+02 1.271193e+00
3.496000e+02 5.396351e+02 1.253762e+00
3.496000e+02 5.378967e+02 1.258940e+00
3.496000e+02 5.391192e+02 1.294835e+00
3.496000e+02 5.399107e+02 1.243538e+00
3.496000e+02 5.406192e+02 1.273623e+00
3.496000e+02 5.398380e+02 1.253060e+00
3.496000e+02 5.382584e+02 1.236590e+00
3.496000e+02 5.390656e+02 1.264904e+00
3.496000e+02 5.389734e+02 1.248817e+00
3.496000e+02 5.380532e+02 1.241727e+00
3.496000e+02 5.394158e+02 1.260570e+00
3.496000e+02 5.403038e+02 1.280986e+00
3.496000e+02 5.374500e+02 1.256839e+00
3.496000e+02 5.381011e+02 1.283702e+00
3.498000e+02 5.427519e+02 1.288619e+00
3.498000e+02 5.474884e+02 1.261652e+00
3.498000e+02 5.460369e+02 1.299177e+00
3.498000e+02 5.469753e+02 1.271384e+00
3.498000e+02 5.475065e+02 1.307897e+00
3.498000e+02 5.443110e+02 1.302028e+00
3.498000e+02 5.453960e+02 1.264454e+00
3.498000e+02 5.438495e+02 1.297257e+00
3.498000e+02 5.471343e+02 1.293450e+00
3.498000e+02 5.466789e+02 1.291184e+00
3.498000e+02 5.458427e+02 1.290347e+00
3.498000e+02 5.452893e+02 1.271933e+00
3.498000e+02 5.444522e+02 1.305576e+00
3.498000e+02 5.466942e+02 1.274906e+00
3.498000e+02 5.469489e+02 1.267015e+00
3.498000e+02 5.461282e+02 1.256879e+00
3.498000e+02 5.444521e+02 1.269148e+00
3.498000e+02 5.461260e+02 1.303237e+00
3.498000e+02 5.454696e+02 1.273611e+00
3.498000e+02 5.439150e+02 1.253579e+00
3.500000e+02 5.511007e+02 1.289680e+00
3.500000e+02 5.522024e+02 1.298030e+00
3.500000e+02 5.512358e+02 1.298808e+00
3.500000e+02 5.518633e+02 1.307835e+00
3.500000e+02 5.512128e+02 1.265733e+00
3.500000e+02 5.540840e+02 1.281002e+00
3.500000e+02 5.528209e+02 1.304644e+00
3.500000e+02 5.489612e+02 1.303461e+00
3.500000e+02 5.504360e+02 1.281211e+00
3.500000e+02 5.509828e+02 1.297587e+00
3.500000e+02 5.536263e+02 1.294269e+00
3.500000e+02 5.507200e+02 1.293164e+00
3.500000e+02 5.503374e+02 1.298364e+00
3.500000e+02 5.515773e+02 1.318297e+00
3.500000e+02 5.501970e+02 1.288512e+00
3.500000e+02 5.484035e+02 1.286918e+00
3.500000e+02 5.518717e+02 1.286101e+00
3.500000e+02 5.504732e+02 1.341195e+00
3.500000e+02 5.513895e+02 1.310225e+00
3.500000e+02 5.524802e+02 1.292226e+00
3.510000e+02 5.739846e+02 1.369069e+00
3.510000e+02 5.791704e+02 1.423523e+00
3.510000e+02 5.777678e+02 1.402208e+00
3.510000e+02 5.760426e+02 1.391187e+00
3.510000e+02 5.759237e+02 1.370074e+00
3.510000e+02 5.778495e+02 1.374055e+00
3.510000e+02 5.777384e+02 1.371004e+00
3.510000e+02 5.739286e+02 1.374811e+00
3.510000e+02 5.768455e+02 1.390803e+00
3.510000e+02 5.757071e+02 1.380145e+00
3.510000e+02 5.720893e+02 1.393955e+00
3.510000e+02 5.759014e+02 1.383194e+00
3.510000e+02 5.753533e+02 1.387739e+00
3.510000e+02 5.757573e+02 1.383617e+00
3.510000e+02 5.749680e+02 1.408132e+00
3.510000e+02 5.761629e+02 1.370690e+00
3.510000e+02 5.772010e+02 1.367615e+00
3.510000e+02 5.753592e+02 1.381123e+00
3.510000e+02 5.755837e+02 1.395058e+00
3.510000e+02 5.754974e+02 1.362051e+00
3.520000e+02 5.991188e+02 1.458277e+00
3.520000e+02 5.956290e+02 1.503728e+00
3.520000e+02 5.960088e+02 1.470157e+00
3.520000e+02 5.955584e+02 1.459654e+00
3.520000e+02 5.959430e+02 1.469553e+00
3.520000e+02 5.941272e+02 1.424291e+00
3.520000e+02 5.977477e+02 1.453014e+00
3.520000e+02 5.937973e+02 1.436515e+00
3.520000e+02 5.943625e+02 1.459543e+00
3.520000e+02 5.977890e+02 1.470291e+00
3.520000e+02 5.924918e+02 1.456173e+00
3.520000e+02 5.975134e+02 1.455274e+00
3.520000e+02 5.968167e+02 1.417809e+00
3.520000e+02 5.978504e+02 1.421252e+00
3.520000e+02 5.941147e+02 1.465326e+00
3.520000e+02 5.953002e+02 1.472079e+00
3.520000e+02 5.956473e+02 1.444001e+00
3.520000e+02 5.964313e+02 1.486251e+00
3.520000e+02 5.938901e+02 1.443379e+00
3.520000e+02 5.975028e+02 1.423540e+00
3.530000e+02 6.107951e+02 1.503774e+00
3.530000e+02 6.111067e+02 1.538230e+00
3.530000e+02 6.140803e+02 1.519558e+00
3.530000e+02 6.127652e+02 1.509189e+00
3.530000e+02 6.109944e+02 1.452893e+00
3.530000e+02 6.093808e+02 1.511487e+00
3.530000e+02 6.126032e+02 1.505320e+00
3.530000e+02 6.125035e+02 1.515839e+00
3.530000e+02 6.136709e+02 1.516885e+00
3.530000e+02 6.129391e+02 1.514722e+00
3.530000e+02 6.134230e+02 1.503579e+00
3.530000e+02 6.131601e+02 1.513310e+00
3.530000e+02 6.120526e+02 1.526350e+00
3.530000e+02 6.110524e+02 1.488880e+00
3.530000e+02 6.090499e+02 1.525255e+00
3.530000e+02 6.123390e+02 1.515233e+00
3.530000e+02 6.107298e+02 1.524425e+00
3.530000e+02 6.129300e+02 1.525176e+00
3.530000e+02 6.145835e+02 1.493386e+00
3.530000e+02 6.120878e+02 1.508204e+00
3.540000e+02 6.276174e+02 1.592714e+00
3.540000e+02 6.248044e+02 1.535282e+00
3.540000e+02 6.255335e+02 1.557097e+00
3.540000e+02 6.239992e+02 1.536439e+00
3.540000e+02 6.272067e+02 1.550463e+00
3.540000e+02 6.289748e+02 1.576433e+00
3.540000e+02 6.261753e+02 1.577801e+00
3.540000e+02 6.291650e+02 1.600235e+00
3.540000e+02 6.260527e+02 1.580378e+00
3.540000e+02 6.281449e+02 1.575433e+00
3.540000e+02 6.256181e+02 1.538263e+00
3.540000e+02 6.257743e+02 1.563121e+00
3.540000e+02 6.255002e+02 1.529417e+00
3.540000e+02 6.284543e+02 1.514296e+00
3.540000e+02 6.257127e+02 1.560009e+00
3.540000e+02 6.297304e+02 1.552983e+00
3.540000e+02 6.258848e+02 1.574225e+00
3.540000e+02 6.236525e+02 1.554978e+00
3.540000e+02 6.240412e+02 1.539900e+00
3.540000e+02 6.276880e+02 1.565990e+00
3.550000e+02 6.363593e+02 1.619171e+00
3.550000e+02 6.389606e+02 1.580936e+00
3.550000e+02 6.395605e+02 1.613164e+00
3.550000e+02 6.383572e+02 1.609695e+00
3.550000e+02 6.371314e+02 1.546797e+00
3.550000e+02 6.383639e+02 1.608223e+00
3.550000e+02 6.395324e+02 1.612942e+00
3.550000e+02 6.390279e+02 1.599999e+00
3.550000e+02 6.382255e+02 1.595375e+00
3.550000e+02 6.385599e+02 1.591694e+00
3.550000e+02 6.385604e+02 1.623567e+00
3.550000e+02 6.410125e+02 1.677676e+00
3.550000e+02 6.386427e+02 1.637931e+00
3.550000e+02 6.380656e+02 1.607395e+00
3.550000e+02 6.391969e+02 1.595937e+00
3.550000e+02 6.365722e+02 1.609607e+00
3.550000e+02 6.355827e+02 1.584323e+00
3.550000e+02 6.392254e+02 1.613837e+00
3.550000e+02 6.362903e+02 1.613417e+00
3.550000e+02 6.397617e+02 1.625739e+00
3.560000e+02 6.501856e+02 1.631529e+00
3.560000e+02 6.513735e+02 1.660352e+00
3.560000e+02 6.496181e+02 1.660227e+00
3.560000e+02 6.482135e+02 1.636213e+00
3.560000e+02 6.507926e+02 1.609134e+00
3.560000e+02 6.484352e+02 1.649834e+00
3.560000e+02 6.497124e+02 1.634363e+00
3.560000e+02 6.506587e+02 1.636439e+00
3.560000e+02 6.482604e+02 1.631077e+00
3.560000e+02 6.498790e+02 1.591258e+00
3.560000e+02 6.484164e+02 1.623388e+00
3.560000e+02 6.533267e+02 1.689094e+00
3.560000e+02 6.496184e+02 1.662348e+00
3.560000e+02 6.498226e+02 1.639543e+00
3.560000e+02 6.487572e+02 1.603032e+00
3.560000e+02 6.473159e+02 1.659459e+00
3.560000e+02 6.507512e+02 1.695119e+00
3.560000e+02 6.476466e+02 1.622653e+00
3.560000e+02 6.483164e+02 1.613471e+00
3.560000e+02 6.487609e+02 1.628090e+00
3.570000e+02 6.595278e+02 1.641425e+00
3.570000e+02 6.605677e+02 1.661748e+00
3.570000e+02 6.586439e+02 1.704574e+00
3.570000e+02 6.582487e+02 1.641275e+00
3.570000e+02 6.602124e+02 1.707450e+00
3.570000e+02 6.580644e+02 1.607611e+00
3.570000e+02 6.593578e+02 1.680626e+00
3.570000e+02 6.562674e+02 1.626764e+00
3.570000e+02 6.594763e+02 1.704364e+00
3.570000e+02 6.599841e+02 1.679687e+00
3.570000e+02 6.593067e+02 1.707170e+00
3.570000e+02 6.594164e+02 1.698960e+00
3.570000e+02 6.605864e+02 1.701771e+00
3.570000e+02 6.590520e+02 1.684954e+00
3.570000e+02 6.586493e+02 1.687929e+00
3.570000e+02 6.580579e+02 1.691257e+00
3.570000e+02 6.578806e+02 1.689107e+00
3.570000e+02 6.590537e+02 1.733880e+00
3.570000e+02 6.584676e+02 1.678917e+00
3.570000e+02 6.573110e+02 1.674999e+00
3.580000e+02 6.708414e+02 1.709364e+00
3.580000e+02 6.681537e+02 1.719040e+00
3.580000e+02 6.665471e+02 1.723575e+00
3.580000e+02 6.670284e+02 1.714659e+00
3.580000e+02 6.673927e+02 1.738336e+00
3.580000e+02 6.718410e+02 1.737703e+00
3.580000e+02 6.696320e+02 1.750515e+00
3.580000e+02 6.655226e+02 1.696442e+00
3.580000e+02 6.678806e+02 1.692963e+00
3.580000e+02 6.696435e+02 1.675610e+00
3.580000e+02 6.693008e+02 1.708639e+00
3.580000e+02 6.688519e+02 1.697898e+00
3.580000e+02 6.668140e+02 1.748552e+00
3.580000e+02 6.703908e+02 1.729628e+00
3.580000e+02 6.670927e+02 1.744143e+00
3.580000e+02 6.658360e+02 1.722021e+00
3.580000e+02 6.664256e+02 1.717853e+00
3.580000e+02 6.671855e+02 1.700533e+00
3.580000e+02 6.647689e+02 1.666155e+00
3.580000e+02 6.683150e+02 1.725999e+00
3.590000e+02 6.763837e+02 1.779709e+00
3.590000e+02 6.758177e+02 1.715425e+00
3.590000e+02 6.761233e+02 1.749699e+00
3.590000e+02 6.746303e+02 1.781531e+00
3.590000e+02 6.764448e+02 1.810679e+00
3.590000e+02 6.760110e+02 1.690970e+00
3.590000e+02 6.778124e+02 1.731297e+00
3.590000e+02 6.748544e+02 1.794613e+00
3.590000e+02 6.771211e+02 1.706591e+00
3.590000e+02 6.772170e+02 1.790131e+00
3.590000e+02 6.775990e+02 1.699535e+00
3.590000e+02 6.774501e+02 1.737901e+00
3.590000e+02 6.778912e+02 1.764757e+00
3.590000e+02 6.749231e+02 1.730020e+00
3.590000e+02 6.754363e+02 1.711412e+00
3.590000e+02 6.754254e+02 1.731909e+00
3.590000e+02 6.774632e+02 1.745071e+00
3.590000e+02 6.735701e+02 1.750071e+00
3.590000e+02 6.732005e+02 1.747826e+00
3.590000e+02 6.765897e+02 1.792210e+00
3.600000e+02 6.815693e+02 1.824261e+00
3.600000e+02 6.839065e+02 1.758801e+00
3.600000e+02 6.880738e+02 1.819213e+00
3.600000e+02 6.809084e+02 1.707441e+00
3.600000e+02 6.845037e+02 1.780477e+00
3.600000e+02 6.868945e+02 1.793112e+00
3.600000e+02 6.837123e+02 1.808800e+00
3.600000e+02 6.824949e+02 1.797537e+00
3.600000e+02 6.828976e+02 1.742179e+00
3.600000e+02 6.863283e+02 1.749282e+00
3.600000e+02 6.824134e+02 1.721739e+00
3.600000e+02 6.839135e+02 1.842326e+00
3.600000e+02 6.838162e+02 1.773790e+00
3.600000e+02 6.810442e+02 1.775486e+00
3.600000e+02 6.836571e+02 1.747163e+00
3.600000e+02 6.861906e+02 1.803755e+00
3.600000e+02 6.836384e+02 1.760165e+00
3.600000e+02 6.816412e+02 1.842205e+00
3.600000e+02 6.851599e+02 1.851695e+00
3.600000e+02 6.856185e+02 1.746144e+00
3.650000e+02 7.127450e+02 1.881599e+00
3.650000e+02 7.159077e+02 1.931801e+00
3.650000e+02 7.137487e+02 1.992206e+00
3.650000e+02 7.175962e+02 1.888095e+00
3.650000e+02 7.137126e+02 1.896789e+00
3.650000e+02 7.141743e+02 1.951427e+00
3.650000e+02 7.124914e+02 1.910006e+00
3.650000e+02 7.150765e+02 1.951218e+00
3.650000e+02 7.155069e+02 1.838422e+00
3.650000e+02 7.141682e+02 1.929650e+00
3.650000e+02 7.130639e+02 1.856499e+00
3.650000e+02 7.133754e+02 1.997098e+00
3.650000e+02 7.114098e+02 1.906341e+00
3.650000e+02 7.141971e+02 1.930147e+00
3.650000e+02 7.164937e+02 1.903652e+00
3.650000e+02 7.150172e+02 1.933892e+00
3.650000e+02 7.112827e+02 2.111143e+00
3.650000e+02 7.109586e+02 1.894412e+00
3.650000e+02 7.124160e+02 1.901143e+00
3.650000e+02 7.108650e+02 1.866629e+00
3.700000e+02 7.381737e+02 2.018641e+00
3.700000e+02 7.362607e+02 1.967078e+00
3.700000e+02 7.330926e+02 2.060724e+00
3.700000e+02 7.313825e+02 1.932988e+00
3.700000e+02 7.364300e+02 2.050956e+00
3.700000e+02 7.329102e+02 2.007798e+00
3.700000e+02 7.344449e+02 2.050729e+00
3.700000e+02 7.357047e+02 2.021614e+00
3.700000e+02 7.329791e+02 2.033581e+00
3.700000e+02 7.336071e+02 2.023289e+00
3.700000e+02 7.352527e+02 1.958316e+00
3.700000e+02 7.294377e+02 2.055261e+00
3.700000e+02 7.332609e+02 2.071566e+00
3.700000e+02 7.342383e+02 1.990226e+00
3.700000e+02 7.348779e+02 2.084406e+00
3.700000e+02 7.315188e+02 2.023963e+00
3.700000e+02 7.307627e+02 2.022227e+00
3.700000e+02 7.324779e+02 2.013954e+00
3.700000e+02 7.332019e+02 1.968072e+00
3.700000e+02 7.329870e+02 2.024992e+00
3.750000e+02 7.518605e+02 2.151737e+00
3.750000e+02 7.525902e+02 2.130969e+00
3.750000e+02 7.464828e+02 2.101805e+00
3.750000e+02 7.488834e+02 2.092373e+00
3.750000e+02 7.462261e+02 2.104986e+00
3.750000e+02 7.496304e+02 2.146423e+00
3.750000e+02 7.456138e+02 2.042297e+00
3.750000e+02 7.458617e+02 2.137423e+00
3.750000e+02 7.487014e+02 2.043441e+00
3.750000e+02 7.455956e+02 2.056834e+00
3.750000e+02 7.488128e+02 2.122167e+00
3.750000e+02 7.482858e+02 2.139657e+00
3.750000e+02 7.499055e+02 2.113616e+00
3.750000e+02 7.477937e+02 2.078212e+00
3.750000e+02 7.461657e+02 2.081491e+00
3.750000e+02 7.507070e+02 2.108990e+00
3.750000e+02 7.494297e+02 2.171458e+00
3.750000e+02 7.484236e+02 2.055297e+00
3.750000e+02 7.512786e+02 2.137044e+00
3.750000e+02 7.512990e+02 2.045968e+00
3.800000e+02 7.575231e+02 2.159435e+00
3.800000e+02 7.601386e+02 2.152958e+00
3.800000e+02 7.593238e+02 2.145424e+00
3.800000e+02 7.565414e+02 2.194948e+00
3.800000e+02 7.599216e+02 2.146863e+00
3.800000e+02 7.603057e+02 2.225765e+00
3.800000e+02 7.580090e+02 2.179736e+00
3.800000e+02 7.611505e+02 2.095618e+00
3.800000e+02 7.608730e+02 2.119991e+00
3.800000e+02 7.604148e+02 2.184548e+00
3.800000e+02 7.557615e+02 2.208908e+00
3.800000e+02 7.550418e+02 2.209873e+00
3.800000e+02 7.615601e+02 2.184532e+00
3.800000e+02 7.598476e+02 2.250542e+00
3.800000e+02 7.575456e+02 2.165864e+00
3.800000e+02 7.597201e+02 2.113241e+00
3.800000e+02 7.606257e+02 2.123808e+00
3.800000e+02 7.588861e+02 2.193449e+00
3.800000e+02 7.626054e+02 2.138438e+00
3.800000e+02 7.545434e+02 2.169866e+00
3.850000e+02 7.665124e+02 2.287703e+00
3.850000e+02 7.633646e+02 2.224548e+00
3.850000e+02 7.659696e+02 2.187271e+00
3.850000e+02 7.619898e+02 2.196280e+00
3.850000e+02 7.651148e+02 2.203533e+00
3.850000e+02 7.656225e+02 2.169343e+00
3.850000e+02 7.690429e+02 2.272912e+00
3.850000e+02 7.665131e+02 2.231907e+00
3.850000e+02 7.623669e+02 2.243452e+00
3.850000e+02 7.639457e+02 2.235864e+00
3.850000e+02 7.681724e+02 2.178616e+00
3.850000e+02 7.613662e+02 2.240834e+00
3.850000e+02 7.633849e+02 2.162558e+00
3.850000e+02 7.686570e+02 2.225178e+00
3.850000e+02 7.632302e+02 2.255677e+00
3.850000e+02 7.636624e+02 2.255862e+00
3.850000e+02 7.665447e+02 2.169260e+00
3.850000e+02 7.652911e+02 2.247813e+00
3.850000e+02 7.652303e+02 2.213213e+00
3.850000e+02 7.683134e+02 2.197494e+00
3.900000e+02 7.688030e+02 2.196613e+00
3.900000e+02 7.731165e+02 2.240495e+00
3.900000e+02 7.723243e+02 2.268537e+00
3.900000e+02 7.723161e+02 2.284653e+00
3.900000e+02 7.711034e+02 2.193719e+00
3.900000e+02 7.693904e+02 2.275245e+00
3.900000e+02 7.740915e+02 2.275577e+00
3.900000e+02 7.711404e+02 2.233839e+00
3.900000e+02 7.709152e+02 2.265318e+00
3.900000e+02 7.752142e+02 2.263595e+00
3.900000e+02 7.698300e+02 2.288896e+00
3.900000e+02 7.693160e+02 2.226761e+00
3.900000e+02 7.704275e+02 2.276394e+00
3.900000e+02 7.715344e+02 2.284301e+00
3.900000e+02 7.690843e+02 2.252191e+00
3.900000e+02 7.739085e+02 2.197961e+00
3.900000e+02 7.729740e+02 2.269040e+00
3.900000e+02 7.693970e+02 2.298911e+00
3.900000e+02 7.721544e+02 2.318981e+00
4.184256e+02 7.652697e+02 2.321479e+00
4.184256e+02 7.630413e+02 2.332664e+00
4.184256e+02 7.622525e+02 2.284062e+00
4.184256e+02 7.650933e+02 2.317380e+00
4.184256e+02 7.664056e+02 2.270420e+00
4.184256e+02 7.682060e+02 2.302641e+00
4.184256e+02 7.677533e+02 2.275721e+00
4.184256e+02 7.640204e+02 2.280658e+00
4.184256e+02 7.651391e+02 2.260827e+00
4.184256e+02 7.632970e+02 2.336806e+00
4.184256e+02 7.635990e+02 2.299536e+00
4.184256e+02 7.688324e+02 2.304258e+00
4.184256e+02 7.655364e+02 2.206505e+00
4.184256e+02 7.661784e+02 2.189237e+00
4.184256e+02 7.690172e+02 2.168853e+00
4.184256e+02 7.660699e+02 2.354805e+00
4.184256e+02 7.642364e+02 2.350519e+00
4.184256e+02 7.665008e+02 2.258751e+00
4.184256e+02 7.659384e+02 2.253063e+00
4.489231e+02 7.270190e+02 2.191180e+00
4.489231e+02 7.355333e+02 2.167500e+00
4.489231e+02 7.325233e+02 2.204569e+00
4.489231e+02 7.338099e+02 2.104613e+00
4.489231e+02 7.323802e+02 2.244098e+00
4.489231e+02 7.301268e+02 2.173302e+00
4.489231e+02 7.326745e+02 2.237356e+00
4.489231e+02 7.373246e+02 2.157690e+00
4.489231e+02 7.359318e+02 2.183148e+00
4.489231e+02 7.317486e+02 2.169738e+00
4.489231e+02 7.339108e+02 2.226421e+00
4.489231e+02 7.342815e+02 2.132346e+00
4.489231e+02 7.329469e+02 2.173084e+00
4.489231e+02 7.366342e+02 2.156442e+00
4.489231e+02 7.350879e+02 2.169415e+00
4.489231e+02 7.316182e+02 2.167018e+00
4.489231e+02 7.331164e+02 2.151854e+00
4.489231e+02 7.304317e+02 2.169321e+00
4.489231e+02 7.333292e+02 2.191400e+00
4.489231e+02 7.364357e+02 2.141805e+00
4.816434e+02 6.861769e+02 1.982176e+00
4.816434e+02 6.848897e+02 1.993218e+00
4.816434e+02 6.859404e+02 2.002941e+00
4.816434e+02 6.872241e+02 2.017177e+00
4.816434e+02 6.899661e+02 2.026473e+00
4.816434e+02 6.876218e+02 1.987226e+00
4.816434e+02 6.885661e+02 2.038985e+00
4.816434e+02 6.843176e+02 1.983450e+00
4.816434e+02 6.832748e+02 1.942931e+00
4.816434e+02 6.872212e+02 2.022519e+00
4.816434e+02 6.872712e+02 1.975779e+00
4.816434e+02 6.865520e+02 2.007738e+00
4.816434e+02 6.875849e+02 1.984610e+00
4.816434e+02 6.868719e+02 2.007279e+00
4.816434e+02 6.831355e+02 2.017465e+00
4.816434e+02 6.842488e+02 2.031482e+00
4.816434e+02 6.908772e+02 1.983192e+00
4.816434e+02 6.909827e+02 2.017008e+00
4.816434e+02 6.840011e+02 1.951654e+00
5.167486e+02 6.355863e+02 1.810296e+00
5.167486e+02 6.335865e+02 1.837079e+00
5.167486e+02 6.324102e+02 1.844245e+00
5.167486e+02 6.320951e+02 1.853539e+00
5.167486e+02 6.351117e+02 1.778169e+00
5.167486e+02 6.330330e+02 1.853532e+00
5.167486e+02 6.368530e+02 1.845334e+00
5.167486e+02 6.355978e+02 1.769685e+00
5.167486e+02 6.323825e+02 1.845179e+00
5.167486e+02 6.323801e+02 1.790415e+00
5.167486e+02 6.325854e+02 1.805282e+00
5.167486e+02 6.342028e+02 1.844433e+00
5.167486e+02 6.329555e+02 1.810160e+00
5.167486e+02 6.332110e+02 1.857714e+00
5.167486e+02 6.327283e+02 1.879652e+00
5.167486e+02 6.335668e+02 1.813428e+00
5.167486e+02 6.336397e+02 1.802763e+00
5.167486e+02 6.363778e+02 1.791271e+00
5.167486e+02 6.357253e+02 1.827650e+00
5.167486e+02 6.320198e+02 1.791335e+00
5.544125e+02 5.794127e+02 1.691278e+00
5.544125e+02 5.799670e+02 1.639548e+00
5.544125e+02 5.800307e+02 1.665507e+00
5.544125e+02 5.779738e+02 1.671036e+00
5.544125e+02 5.821269e+02 1.652706e+00
5.544125e+02 5.817010e+02 1.667398e+00
5.544125e+02 5.791547e+02 1.649789e+00
5.544125e+02 5.801341e+02 1.672051e+00
5.544125e+02 5.791521e+02 1.667243e+00
5.544125e+02 5.804725e+02 1.673182e+00
5.544125e+02 5.808242e+02 1.663500e+00
5.544125e+02 5.829177e+02 1.637722e+00
5.544125e+02 5.807939e+02 1.612954e+00
5.544125e+02 5.817223e+02 1.668060e+00
5.544125e+02 5.806767e+02 1.675952e+00
5.544125e+02 5.813701e+02 1.689160e+00
5.544125e+02 5.798123e+02 1.645951e+00
5.544125e+02 5.794736e+02 1.640925e+00
5.544125e+02 5.822696e+02 1.645970e+00
5.544125e+02 5.802094e+02 1.679530e+00
5.948215e+02 5.283288e+02 1.431991e+00
5.948215e+02 5.289251e+02 1.500884e+00
5.948215e+02 5.279841e+02 1.470403e+00
5.948215e+02 5.270402e+02 1.517187e+00
5.948215e+02 5.291483e+02 1.483322e+00
5.948215e+02 5.280266e+02 1.502518e+00
5.948215e+02 5.272236e+02 1.492673e+00
5.948215e+02 5.305437e+02 1.503685e+00
5.948215e+02 5.298900e+02 1.503551e+00
5.948215e+02 5.293514e+02 1.486636e+00
5.948215e+02 5.289630e+02 1.484190e+00
5.948215e+02 5.255149e+02 1.527519e+00
5.948215e+02 5.295187e+02 1.493647e+00
5.948215e+02 5.281428e+02 1.514300e+00
5.948215e+02 5.286816e+02 1.464118e+00
5.948215e+02 5.274720e+02 1.512091e+00
5.948215e+02 5.275893e+02 1.512051e+00
5.948215e+02 5.275513e+02 1.469619e+00
5.948215e+02 5.297174e+02 1.477998e+00
5.948215e+02 5.295227e+02 1.466407e+00
6.381758e+02 4.792995e+02 1.388551e+00
6.381758e+02 4.790695e+02 1.350370e+00
6.381758e+02 4.794389e+02 1.392633e+00
6.381758e+02 4.798092e+02 1.399435e+00
6.381758e+02 4.781428e+02 1.311800e+00
6.381758e+02 4.805636e+02 1.340147e+00
6.381758e+02 4.780277e+02 1.344712e+00
6.381758e+02 4.804333e+02 1.356918e+00
6.381758e+02 4.788985e+02 1.336776e+00
6.381758e+02 4.777791e+02 1.338949e+00
6.381758e+02 4.785866e+02 1.354205e+00
6.381758e+02 4.787583e+02 1.344939e+00
6.381758e+02 4.806994e+02 1.329666e+00
6.381758e+02 4.792216e+02 1.305962e+00
6.381758e+02 4.785758e+02 1.383681e+00
6.381758e+02 4.793546e+02 1.328693e+00
6.381758e+02 4.787032e+02 1.367560e+00
6.381758e+02 4.809455e+02 1.362539e+00
6.381758e+02 4.766859e+02 1.344317e+00
6.846901e+02 4.309416e+02 1.232549e+00
6.846901e+02 4.319822e+02 1.221117e+00
6.846901e+02 4.310525e+02 1.254463e+00
6.846901e+02 4.334077e+02 1.196453e+00
6.846901e+02 4.333049e+02 1.203737e+00
6.846901e+02 4.336803e+02 1.183008e+00
6.846901e+02 4.327859e+02 1.206883e+00
6.846901e+02 4.333077e+02 1.207674e+00
6.846901e+02 4.328818e+02 1.234363e+00
6.846901e+02 4.312661e+02 1.203649e+00
6.846901e+02 4.344678e+02 1.205451e+00
6.846901e+02 4.314584e+02 1.224006e+00
6.846901e+02 4.339404e+02 1.197746e+00
6.846901e+02 4.329564e+02 1.231714e+00
6.846901e+02 4.335654e+02 1.241569e+00
6.846901e+02 4.326036e+02 1.217967e+00
6.846901e+02 4.331312e+02 1.195127e+00
6.846901e+02 4.343771e+02 1.204270e+00
6.846901e+02 4.329411e+02 1.168062e+00
7.345946e+02 3.885780e+02 1.070148e+00
7.345946e+02 3.903948e+02 1.094834e+00
7.345946e+02 3.909342e+02 1.099952e+00
7.345946e+02 3.886097e+02 1.114492e+00
7.345946e+02 3.911472e+02 1.088656e+00
7.345946e+02 3.902844e+02 1.067629e+00
7.345946e+02 3.898886e+02 1.050364e+00
7.345946e+02 3.913498e+02 1.034286e+00
7.345946e+02 3.907137e+02 1.082097e+00
7.345946e+02 3.915415e+02 1.059430e+00
7.345946e+02 3.887987e+02 1.070018e+00
7.345946e+02 3.902570e+02 1.145091e+00
7.345946e+02 3.905352e+02 1.094001e+00
7.345946e+02 3.890855e+02 1.101449e+00
7.345946e+02 3.891706e+02 1.100621e+00
7.345946e+02 3.909755e+02 1.102413e+00
7.345946e+02 3.901816e+02 1.122915e+00
7.345946e+02 3.889258e+02 1.097787e+00
7.345946e+02 3.906683e+02 1.076238e+00
7.345946e+02 3.893149e+02 1.083060e+00
7.881364e+02 3.510231e+02 9.634760e-01
7.881364e+02 3.515973e+02 9.696328e-01
7.881364e+02 3.519226e+02 9.134553e-01
7.881364e+02 3.526489e+02 9.543445e-01
7.881364e+02 3.511985e+02 9.421773e-01
7.881364e+02 3.512577e+02 9.705624e-01
7.881364e+02 3.500644e+02 1.016103e+00
7.881364e+02 3.504572e+02 9.979424e-01
7.881364e+02 3.516187e+02 9.680128e-01
7.881364e+02 3.517928e+02 9.867050e-01
7.881364e+02 3.512719e+02 1.002845e+00
7.881364e+02 3.494893e+02 9.802242e-01
7.881364e+02 3.512015e+02 1.018944e+00
7.881364e+02 3.501955e+02 9.189918e-01
7.881364e+02 3.509556e+02 9.968924e-01
7.881364e+02 3.523090e+02 9.852287e-01
7.881364e+02 3.502652e+02 9.470668e-01
7.881364e+02 3.522476e+02 9.480145e-01
7.881364e+02 3.515202e+02 9.727494e-01
8.455807e+02 3.163926e+02 8.570696e-01
8.455807e+02 3.148470e+02 8.710014e-01
8.455807e+02 3.165904e+02 8.424910e-01
8.455807e+02 3.143867e+02 8.619650e-01
8.455807e+02 3.146382e+02 8.437219e-01
8.455807e+02 3.161826e+02 8.764529e-01
8.455807e+02 3.160745e+02 8.421897e-01
8.455807e+02 3.167387e+02 8.652887e-01
8.455807e+02 3.167944e+02 8.563108e-01
8.455807e+02 3.151617e+02 8.608744e-01
8.455807e+02 3.162499e+02 8.879855e-01
8.455807e+02 3.162092e+02 8.520322e-01
8.455807e+02 3.153380e+02 8.933811e-01
8.455807e+02 3.164533e+02 8.417718e-01
8.455807e+02 3.160147e+02 8.598377e-01
8.455807e+02 3.149848e+02 8.993202e-01
8.455807e+02 3.164701e+02 8.457047e-01
8.455807e+02 3.151431e+02 9.174213e-01
8.455807e+02 3.168579e+02 8.823419e-01
8.455807e+02 3.151678e+02 8.344829e-01
9.072119e+02 2.829205e+02 7.741456e-01
9.072119e+02 2.837307e+02 7.781993e-01
9.072119e+02 2.837057e+02 7.820514e-01
9.072119e+02 2.836414e+02 7.784436e-01
9.072119e+02 2.846886e+02 7.493646e-01
9.072119e+02 2.829944e+02 7.777216e-01
9.072119e+02 2.842486e+02 7.656280e-01
9.072119e+02 2.840947e+02 7.781463e-01
9.072119e+02 2.836885e+02 7.581598e-01
9.072119e+02 2.842625e+02 7.634170e-01
9.072119e+02 2.834471e+02 7.702178e-01
9.072119e+02 2.841581e+02 7.591135e-01
9.072119e+02 2.834636e+02 7.515034e-01
9.072119e+02 2.845833e+02 7.466424e-01
9.072119e+02 2.849633e+02 7.531374e-01
9.072119e+02 2.844528e+02 7.628646e-01
9.072119e+02 2.849710e+02 7.486406e-01
9.072119e+02 2.835540e+02 7.608838e-01
9.072119e+02 2.837838e+02 7.393934e-01
9.733352e+02 2.551551e+02 6.844852e-01
9.733352e+02 2.551215e+02 6.915314e-01
9.733352e+02 2.540820e+02 6.940193e-01
9.733352e+02 2.551015e+02 6.637567e-01
9.733352e+02 2.550699e+02 6.950358e-01
9.733352e+02 2.562381e+02 6.790123e-01
9.733352e+02 2.545187e+02 6.802970e-01
9.733352e+02 2.553820e+02 6.682643e-01
9.733352e+02 2.541430e+02 7.229368e-01
9.733352e+02 2.546491e+02 6.719045e-01
9.733352e+02 2.546124e+02 6.739594e-01
9.733352e+02 2.543783e+02 6.864372e-01
9.733352e+02 2.546103e+02 6.732577e-01
9.733352e+02 2.561379e+02 7.572439e-01
9.733352e+02 2.547206e+02 6.918678e-01
9.733352e+02 2.544351e+02 6.770047e-01
9.733352e+02 2.543647e+02 6.784456e-01
9.733352e+02 2.565809e+02 7.006973e-01
