3.250000e+02 9.451020e+00 1.446447e-02
3.250000e+02 9.446166e+00 1.454899e-02
3.250000e+02 9.457570e+00 1.455541e-02
3.250000e+02 9.470824e+00 1.445141e-02
3.250000e+02 9.435190e+00 1.450745e-02
3.250000e+02 9.454367e+00 1.448323e-02
3.250000e+02 9.443372e+00 1.453310e-02
3.250000e+02 9.440287e+00 1.452052e-02
3.250000e+02 9.439305e+00 1.448020e-02
3.250000e+02 9.478270e+00 1.466070e-02
3.250000e+02 9.436208e+00 1.474991e-02
3.250000e+02 9.453678e+00 1.452608e-02
3.250000e+02 9.422794e+00 1.457892e-02
3.250000e+02 9.450176e+00 1.466538e-02
3.250000e+02 9.442809e+00 1.464870e-02
3.250000e+02 9.498294e+00 1.470172e-02
3.250000e+02 9.437031e+00 1.463534e-02
3.250000e+02 9.433750e+00 1.461020e-02
3.250000e+02 9.464106e+00 1.449367e-02
3.250000e+02 9.450881e+00 1.456868e-02
3.260000e+02 9.878853e+00 1.546168e-02
3.260000e+02 9.903297e+00 1.540179e-02
3.260000e+02 9.896971e+00 1.547553e-02
3.260000e+02 9.913613e+00 1.535996e-02
3.260000e+02 9.926953e+00 1.542798e-02
3.260000e+02 9.917549e+00 1.549920e-02
3.260000e+02 9.922821e+00 1.540544e-02
3.260000e+02 9.898021e+00 1.551951e-02
3.260000e+02 9.902538e+00 1.530160e-02
3.260000e+02 9.934791e+00 1.549634e-02
3.260000e+02 9.921876e+00 1.538636e-02
3.260000e+02 9.918976e+00 1.528903e-02
3.260000e+02 9.905549e+00 1.535759e-02
3.260000e+02 9.918496e+00 1.541902e-02
3.260000e+02 9.897470e+00 1.534508e-02
3.260000e+02 9.918906e+00 1.535978e-02
3.260000e+02 9.913462e+00 1.541451e-02
3.260000e+02 9.914003e+00 1.530718e-02
3.260000e+02 9.910380e+00 1.539668e-02
3.260000e+02 9.905268e+00 1.529768e-02
3.270000e+02 1.039793e+01 1.611331e-02
3.270000e+02 1.040052e+01 1.619715e-02
3.270000e+02 1.038356e+01 1.585238e-02
3.270000e+02 1.040492e+01 1.616817e-02
3.270000e+02 1.038684e+01 1.623890e-02
3.270000e+02 1.040266e+01 1.608979e-02
3.270000e+02 1.040005e+01 1.628347e-02
3.270000e+02 1.043912e+01 1.626832e-02
3.270000e+02 1.041036e+01 1.631283e-02
3.270000e+02 1.042104e+01 1.621303e-02
3.270000e+02 1.039169e+01 1.629409e-02
3.270000e+02 1.038450e+01 1.626442e-02
3.270000e+02 1.040130e+01 1.634556e-02
3.270000e+02 1.041094e+01 1.628769e-02
3.270000e+02 1.040156e+01 1.628704e-02
3.270000e+02 1.042743e+01 1.642737e-02
3.270000e+02 1.040864e+01 1.617518e-02
3.270000e+02 1.042676e+01 1.613729e-02
3.270000e+02 1.039646e+01 1.623077e-02
3.270000e+02 1.040162e+01 1.612471e-02
3.280000e+02 1.092520e+01 1.704903e-02
3.280000e+02 1.095960e+01 1.717902e-02
3.280000e+02 1.091069e+01 1.719656e-02
3.280000e+02 1.091612e+01 1.730938e-02
3.280000e+02 1.095664e+01 1.719704e-02
3.280000e+02 1.094856e+01 1.717493e-02
3.280000e+02 1.093260e+01 1.729602e-02
3.280000e+02 1.094612e+01 1.706536e-02
3.280000e+02 1.093682e+01 1.715168e-02
3.280000e+02 1.093045e+01 1.702887e-02
3.280000e+02 1.092019e+01 1.705897e-02
3.280000e+02 1.096147e+01 1.711950e-02
3.280000e+02 1.093542e+01 1.726523e-02
3.280000e+02 1.092929e+01 1.727675e-02
3.280000e+02 1.092785e+01 1.732857e-02
3.280000e+02 1.093496e+01 1.717390e-02
3.280000e+02 1.094461e+01 1.690055e-02
3.280000e+02 1.095573e+01 1.739368e-02
3.280000e+02 1.093584e+01 1.716006e-02
3.280000e+02 1.092025e+01 1.706221e-02
3.290000e+02 1.149454e+01 1.823696e-02
3.290000e+02 1.150639e+01 1.823449e-02
3.290000e+02 1.150971e+01 1.827778e-02
3.290000e+02 1.150066e+01 1.819421e-02
3.290000e+02 1.153110e+01 1.821579e-02
3.290000e+02 1.152740e+01 1.813022e-02
3.290000e+02 1.149875e+01 1.818636e-02
3.290000e+02 1.149526e+01 1.806935e-02
3.290000e+02 1.150239e+01 1.822485e-02
3.290000e+02 1.149865e+01 1.803812e-02
3.290000e+02 1.152272e+01 1.814877e-02
3.290000e+02 1.152681e+01 1.823291e-02
3.290000e+02 1.145924e+01 1.825119e-02
3.290000e+02 1.151306e+01 1.837855e-02
3.290000e+02 1.150806e+01 1.795956e-02
3.290000e+02 1.151289e+01 1.815818e-02
3.290000e+02 1.148856e+01 1.837070e-02
3.290000e+02 1.154761e+01 1.825027e-02
3.290000e+02 1.148778e+01 1.815132e-02
3.290000e+02 1.153668e+01 1.824326e-02
3.300000e+02 1.213598e+01 1.942315e-02
3.300000e+02 1.209591e+01 1.924813e-02
3.300000e+02 1.217469e+01 1.930041e-02
3.300000e+02 1.211167e+01 1.934624e-02
3.300000e+02 1.206767e+01 1.934166e-02
3.300000e+02 1.211960e+01 1.914137e-02
3.300000e+02 1.213098e+01 1.926186e-02
3.300000e+02 1.209006e+01 1.928512e-02
3.300000e+02 1.215049e+01 1.936305e-02
3.300000e+02 1.213154e+01 1.937706e-02
3.300000e+02 1.211985e+01 1.919456e-02
3.300000e+02 1.214794e+01 1.921030e-02
3.300000e+02 1.215788e+01 1.954828e-02
3.300000e+02 1.212072e+01 1.937066e-02
3.300000e+02 1.215707e+01 1.926625e-02
3.300000e+02 1.215861e+01 1.918942e-02
3.300000e+02 1.213219e+01 1.933810e-02
3.300000e+02 1.213407e+01 1.936874e-02
3.300000e+02 1.213536e+01 1.954570e-02
3.300000e+02 1.211202e+01 1.913410e-02
3.310000e+02 1.282520e+01 2.041432e-02
3.310000e+02 1.279376e+01 2.058716e-02
3.310000e+02 1.280367e+01 2.070196e-02
3.310000e+02 1.281372e+01 2.053235e-02
3.310000e+02 1.279747e+01 2.068853e-02
3.310000e+02 1.281828e+01 2.066045e-02
3.310000e+02 1.281494e+01 2.076093e-02
3.310000e+02 1.280522e+01 2.035019e-02
3.310000e+02 1.283609e+01 2.063543e-02
3.310000e+02 1.286836e+01 2.068477e-02
3.310000e+02 1.280762e+01 2.058221e-02
3.310000e+02 1.283437e+01 2.043760e-02
3.310000e+02 1.278329e+01 2.055285e-02
3.310000e+02 1.281318e+01 2.031194e-02
3.310000e+02 1.281265e+01 2.043516e-02
3.310000e+02 1.281626e+01 2.035304e-02
3.310000e+02 1.280993e+01 2.047804e-02
3.310000e+02 1.283418e+01 2.033198e-02
3.310000e+02 1.276560e+01 2.064698e-02
3.310000e+02 1.275671e+01 2.043951e-02
3.320000e+02 1.355035e+01 2.213348e-02
3.320000e+02 1.355286e+01 2.189427e-02
3.320000e+02 1.356337e+01 2.171834e-02
3.320000e+02 1.359136e+01 2.205446e-02
3.320000e+02 1.359959e+01 2.195915e-02
3.320000e+02 1.356897e+01 2.220016e-02
3.320000e+02 1.354547e+01 2.193004e-02
3.320000e+02 1.356760e+01 2.183212e-02
3.320000e+02 1.355746e+01 2.204138e-02
3.320000e+02 1.357400e+01 2.197850e-02
3.320000e+02 1.356050e+01 2.201220e-02
3.320000e+02 1.361726e+01 2.209736e-02
3.320000e+02 1.357684e+01 2.183103e-02
3.320000e+02 1.355143e+01 2.204315e-02
3.320000e+02 1.354847e+01 2.185125e-02
3.320000e+02 1.358312e+01 2.208559e-02
3.320000e+02 1.359690e+01 2.189227e-02
3.320000e+02 1.356809e+01 2.165923e-02
3.320000e+02 1.356940e+01 2.188276e-02
3.330000e+02 1.440804e+01 2.381101e-02
3.330000e+02 1.438298e+01 2.365832e-02
3.330000e+02 1.439871e+01 2.360063e-02
3.330000e+02 1.439921e+01 2.367605e-02
3.330000e+02 1.440837e+01 2.395475e-02
3.330000e+02 1.445314e+01 2.360816e-02
3.330000e+02 1.442411e+01 2.352391e-02
3.330000e+02 1.442644e+01 2.342210e-02
3.330000e+02 1.439619e+01 2.355557e-02
3.330000e+02 1.443790e+01 2.349417e-02
3.330000e+02 1.440379e+01 2.357491e-02
3.330000e+02 1.439312e+01 2.370724e-02
3.330000e+02 1.440831e+01 2.385370e-02
3.330000e+02 1.440069e+01 2.317178e-02
3.330000e+02 1.441196e+01 2.371611e-02
3.330000e+02 1.443448e+01 2.352962e-02
3.330000e+02 1.443379e+01 2.370260e-02
3.330000e+02 1.437511e+01 2.334971e-02
3.330000e+02 1.440151e+01 2.362765e-02
3.340000e+02 1.535046e+01 2.540394e-02
3.340000e+02 1.534537e+01 2.538452e-02
3.340000e+02 1.535869e+01 2.523805e-02
3.340000e+02 1.533621e+01 2.535305e-02
3.340000e+02 1.537041e+01 2.547375e-02
3.340000e+02 1.536178e+01 2.542948e-02
3.340000e+02 1.532839e+01 2.547520e-02
3.340000e+02 1.534316e+01 2.550596e-02
3.340000e+02 1.536934e+01 2.529592e-02
3.340000e+02 1.533204e+01 2.538478e-02
3.340000e+02 1.531827e+01 2.528725e-02
3.340000e+02 1.533890e+01 2.512845e-02
3.340000e+02 1.533798e+01 2.525187e-02
3.340000e+02 1.536936e+01 2.550827e-02
3.340000e+02 1.530457e+01 2.549692e-02
3.340000e+02 1.541073e+01 2.505866e-02
3.340000e+02 1.534798e+01 2.539062e-02
3.340000e+02 1.539617e+01 2.573340e-02
3.340000e+02 1.535640e+01 2.515317e-02
3.340000e+02 1.534114e+01 2.540911e-02
3.350000e+02 1.645213e+01 2.727720e-02
3.350000e+02 1.641225e+01 2.749105e-02
3.350000e+02 1.644356e+01 2.762184e-02
3.350000e+02 1.644895e+01 2.755510e-02
3.350000e+02 1.643891e+01 2.743515e-02
3.350000e+02 1.641053e+01 2.734159e-02
3.350000e+02 1.641072e+01 2.740972e-02
3.350000e+02 1.645462e+01 2.754088e-02
3.350000e+02 1.641071e+01 2.777087e-02
3.350000e+02 1.647561e+01 2.756003e-02
3.350000e+02 1.643811e+01 2.705576e-02
3.350000e+02 1.641428e+01 2.723573e-02
3.350000e+02 1.644207e+01 2.715488e-02
3.350000e+02 1.644428e+01 2.728360e-02
3.350000e+02 1.641988e+01 2.740928e-02
3.350000e+02 1.641828e+01 2.775617e-02
3.350000e+02 1.644056e+01 2.781706e-02
3.350000e+02 1.644084e+01 2.738836e-02
3.350000e+02 1.640610e+01 2.737515e-02
3.360000e+02 1.766428e+01 2.998869e-02
3.360000e+02 1.766816e+01 2.970814e-02
3.360000e+02 1.764741e+01 3.000272e-02
3.360000e+02 1.766721e+01 2.960857e-02
3.360000e+02 1.767348e+01 2.971615e-02
3.360000e+02 1.760959e+01 2.987110e-02
3.360000e+02 1.764806e+01 2.999220e-02
3.360000e+02 1.764585e+01 2.975780e-02
3.360000e+02 1.763796e+01 3.008896e-02
3.360000e+02 1.767703e+01 2.925146e-02
3.360000e+02 1.771398e+01 2.941689e-02
3.360000e+02 1.770260e+01 2.942463e-02
3.360000e+02 1.768393e+01 2.950542e-02
3.360000e+02 1.762934e+01 2.992561e-02
3.360000e+02 1.766280e+01 2.969221e-02
3.360000e+02 1.762579e+01 2.963343e-02
3.360000e+02 1.760286e+01 2.980858e-02
3.360000e+02 1.765683e+01 2.975257e-02
3.360000e+02 1.766679e+01 2.999825e-02
3.360000e+02 1.764771e+01 3.014358e-02
3.370000e+02 1.912771e+01 3.291951e-02
3.370000e+02 1.909258e+01 3.279484e-02
3.370000e+02 1.909020e+01 3.276137e-02
3.370000e+02 1.912469e+01 3.254415e-02
3.370000e+02 1.910795e+01 3.293974e-02
3.370000e+02 1.907847e+01 3.250543e-02
3.370000e+02 1.915203e+01 3.244675e-02
3.370000e+02 1.912328e+01 3.229793e-02
3.370000e+02 1.908737e+01 3.270437e-02
3.370000e+02 1.914068e+01 3.284010e-02
3.370000e+02 1.916367e+01 3.260063e-02
3.370000e+02 1.908408e+01 3.281028e-02
3.370000e+02 1.917320e+01 3.297460e-02
3.370000e+02 1.912690e+01 3.268925e-02
3.370000e+02 1.914639e+01 3.223736e-02
3.370000e+02 1.904690e+01 3.242620e-02
3.370000e+02 1.907755e+01 3.267208e-02
3.370000e+02 1.915287e+01 3.311728e-02
3.370000e+02 1.908309e+01 3.241229e-02
3.370000e+02 1.910721e+01 3.275397e-02
3.380000e+02 2.083449e+01 3.581488e-02
3.380000e+02 2.083389e+01 3.622479e-02
3.380000e+02 2.073520e+01 3.613798e-02
3.380000e+02 2.089060e+01 3.598352e-02
3.380000e+02 2.091572e+01 3.584199e-02
3.380000e+02 2.087102e+01 3.626356e-02
3.380000e+02 2.087499e+01 3.614303e-02
3.380000e+02 2.077521e+01 3.561884e-02
3.380000e+02 2.072874e+01 3.619596e-02
3.380000e+02 2.081479e+01 3.618185e-02
3.380000e+02 2.084147e+01 3.626197e-02
3.380000e+02 2.084760e+01 3.596960e-02
3.380000e+02 2.086453e+01 3.618773e-02
3.380000e+02 2.081664e+01 3.570154e-02
3.380000e+02 2.080915e+01 3.604777e-02
3.380000e+02 2.081583e+01 3.536103e-02
3.380000e+02 2.078717e+01 3.646912e-02
3.380000e+02 2.083838e+01 3.629099e-02
3.380000e+02 2.085470e+01 3.600803e-02
3.380000e+02 2.077871e+01 3.610321e-02
3.390000e+02 2.289443e+01 3.988937e-02
3.390000e+02 2.291753e+01 4.005444e-02
3.390000e+02 2.294716e+01 3.955365e-02
3.390000e+02 2.292832e+01 4.126713e-02
3.390000e+02 2.288248e+01 4.077415e-02
3.390000e+02 2.296677e+01 4.039310e-02
3.390000e+02 2.289817e+01 4.071585e-02
3.390000e+02 2.295134e+01 4.111761e-02
3.390000e+02 2.289233e+01 4.016204e-02
3.390000e+02 2.288211e+01 4.080188e-02
3.390000e+02 2.290691e+01 4.062081e-02
3.390000e+02 2.291391e+01 4.019133e-02
3.390000e+02 2.283497e+01 4.004244e-02
3.390000e+02 2.290806e+01 4.031652e-02
3.390000e+02 2.294420e+01 4.049096e-02
3.390000e+02 2.288316e+01 4.063351e-02
3.390000e+02 2.288864e+01 4.020878e-02
3.390000e+02 2.291696e+01 4.071445e-02
3.390000e+02 2.287878e+01 3.972806e-02
3.390000e+02 2.299177e+01 3.994171e-02
3.400000e+02 2.561528e+01 4.583350e-02
3.400000e+02 2.549216e+01 4.533326e-02
3.400000e+02 2.559763e+01 4.593300e-02
3.400000e+02 2.546871e+01 4.548581e-02
3.400000e+02 2.552370e+01 4.604895e-02
3.400000e+02 2.549834e+01 4.574849e-02
3.400000e+02 2.550063e+01 4.553348e-02
3.400000e+02 2.548806e+01 4.606009e-02
3.400000e+02 2.547018e+01 4.580004e-02
3.400000e+02 2.550461e+01 4.542655e-02
3.400000e+02 2.550414e+01 4.531162e-02
3.400000e+02 2.547673e+01 4.516905e-02
3.400000e+02 2.556228e+01 4.553607e-02
3.400000e+02 2.558316e+01 4.557335e-02
3.400000e+02 2.549846e+01 4.527599e-02
3.400000e+02 2.550935e+01 4.567831e-02
3.400000e+02 2.551128e+01 4.582007e-02
3.400000e+02 2.553249e+01 4.484838e-02
3.400000e+02 2.554523e+01 4.617533e-02
3.400000e+02 2.548751e+01 4.578933e-02
3.402000e+02 2.610626e+01 4.708954e-02
3.402000e+02 2.610071e+01 4.718575e-02
3.402000e+02 2.618130e+01 4.613070e-02
3.402000e+02 2.612797e+01 4.570408e-02
3.402000e+02 2.601720e+01 4.706934e-02
3.402000e+02 2.619303e+01 4.691905e-02
3.402000e+02 2.608958e+01 4.675709e-02
3.402000e+02 2.613306e+01 4.707835e-02
3.402000e+02 2.609169e+01 4.667188e-02
3.402000e+02 2.608172e+01 4.636809e-02
3.402000e+02 2.602393e+01 4.672743e-02
3.402000e+02 2.611526e+01 4.716781e-02
3.402000e+02 2.617491e+01 4.687971e-02
3.402000e+02 2.612428e+01 4.660136e-02
3.402000e+02 2.621122e+01 4.752744e-02
3.402000e+02 2.608231e+01 4.688292e-02
3.402000e+02 2.624923e+01 4.665926e-02
3.402000e+02 2.608930e+01 4.688702e-02
3.402000e+02 2.617925e+01 4.719804e-02
3.402000e+02 2.613294e+01 4.718695e-02
3.404000e+02 2.675753e+01 4.805070e-02
3.404000e+02 2.672906e+01 4.811602e-02
3.404000e+02 2.672335e+01 4.802126e-02
3.404000e+02 2.675566e+01 4.905831e-02
3.404000e+02 2.679857e+01 4.835574e-02
3.404000e+02 2.675743e+01 4.859515e-02
3.404000e+02 2.677221e+01 4.786079e-02
3.404000e+02 2.673325e+01 4.752438e-02
3.404000e+02 2.675760e+01 4.868986e-02
3.404000e+02 2.682510e+01 4.788859e-02
3.404000e+02 2.677173e+01 4.809774e-02
3.404000e+02 2.678936e+01 4.798689e-02
3.404000e+02 2.670313e+01 4.791266e-02
3.404000e+02 2.682935e+01 4.829273e-02
3.404000e+02 2.681546e+01 4.761909e-02
3.404000e+02 2.663331e+01 4.777785e-02
3.404000e+02 2.677186e+01 4.822160e-02
3.404000e+02 2.678078e+01 4.793148e-02
3.404000e+02 2.671236e+01 4.829675e-02
3.404000e+02 2.671832e+01 4.792499e-02
3.406000e+02 2.732678e+01 4.931316e-02
3.406000e+02 2.743405e+01 4.939541e-02
3.406000e+02 2.731601e+01 4.940719e-02
3.406000e+02 2.742975e+01 4.931716e-02
3.406000e+02 2.737217e+01 4.922218e-02
3.406000e+02 2.743394e+01 4.895878e-02
3.406000e+02 2.729918e+01 4.944003e-02
3.406000e+02 2.741864e+01 5.010181e-02
3.406000e+02 2.745409e+01 4.987656e-02
3.406000e+02 2.744694e+01 4.994462e-02
3.406000e+02 2.741359e+01 5.020510e-02
3.406000e+02 2.747365e+01 4.923093e-02
3.406000e+02 2.747071e+01 4.982504e-02
3.406000e+02 2.746217e+01 4.954835e-02
3.406000e+02 2.749206e+01 4.966845e-02
3.406000e+02 2.732289e+01 4.945407e-02
3.406000e+02 2.731539e+01 4.959216e-02
3.406000e+02 2.739067e+01 4.876341e-02
3.406000e+02 2.752996e+01 4.887401e-02
3.406000e+02 2.750465e+01 4.915429e-02
3.408000e+02 2.803763e+01 5.045900e-02
3.408000e+02 2.815591e+01 5.126274e-02
3.408000e+02 2.812164e+01 5.084708e-02
3.408000e+02 2.804983e+01 5.057763e-02
3.408000e+02 2.811079e+01 5.042786e-02
3.408000e+02 2.816673e+01 5.014949e-02
3.408000e+02 2.809941e+01 5.134335e-02
3.408000e+02 2.810257e+01 5.042898e-02
3.408000e+02 2.808320e+01 5.094399e-02
3.408000e+02 2.813309e+01 5.138547e-02
3.408000e+02 2.810374e+01 5.117343e-02
3.408000e+02 2.801464e+01 5.070486e-02
3.408000e+02 2.814642e+01 5.114495e-02
3.408000e+02 2.811712e+01 5.151275e-02
3.408000e+02 2.813698e+01 5.054368e-02
3.408000e+02 2.812103e+01 5.138921e-02
3.408000e+02 2.811891e+01 5.063364e-02
3.408000e+02 2.817731e+01 5.080680e-02
3.408000e+02 2.817688e+01 5.004759e-02
3.408000e+02 2.807871e+01 5.012193e-02
3.410000e+02 2.894020e+01 5.272975e-02
3.410000e+02 2.883115e+01 5.193546e-02
3.410000e+02 2.903377e+01 5.215998e-02
3.410000e+02 2.879076e+01 5.130355e-02
3.410000e+02 2.872368e+01 5.217945e-02
3.410000e+02 2.884984e+01 5.158951e-02
3.410000e+02 2.887377e+01 5.200564e-02
3.410000e+02 2.899802e+01 5.185879e-02
3.410000e+02 2.888980e+01 5.262602e-02
3.410000e+02 2.874360e+01 5.165470e-02
3.410000e+02 2.883509e+01 5.258955e-02
3.410000e+02 2.884081e+01 5.310607e-02
3.410000e+02 2.884366e+01 5.259206e-02
3.410000e+02 2.882434e+01 5.213602e-02
3.410000e+02 2.885971e+01 5.279930e-02
3.410000e+02 2.887738e+01 5.148153e-02
3.410000e+02 2.883976e+01 5.229150e-02
3.410000e+02 2.893245e+01 5.160408e-02
3.410000e+02 2.882869e+01 5.305078e-02
3.410000e+02 2.885947e+01 5.339314e-02
3.412000e+02 2.960818e+01 5.374434e-02
3.412000e+02 2.970490e+01 5.328455e-02
3.412000e+02 2.967002e+01 5.431032e-02
3.412000e+02 2.965855e+01 5.380694e-02
3.412000e+02 2.964255e+01 5.324859e-02
3.412000e+02 2.969188e+01 5.447000e-02
3.412000e+02 2.970780e+01 5.435932e-02
3.412000e+02 2.965705e+01 5.385656e-02
3.412000e+02 2.971134e+01 5.350500e-02
3.412000e+02 2.968482e+01 5.399802e-02
3.412000e+02 2.964280e+01 5.442723e-02
3.412000e+02 2.959571e+01 5.451642e-02
3.412000e+02 2.962934e+01 5.354210e-02
3.412000e+02 2.973067e+01 5.405958e-02
3.412000e+02 2.966480e+01 5.414314e-02
3.412000e+02 2.959921e+01 5.478449e-02
3.412000e+02 2.961484e+01 5.340075e-02
3.412000e+02 2.956345e+01 5.446711e-02
3.412000e+02 2.958216e+01 5.424550e-02
3.412000e+02 2.960182e+01 5.418498e-02
3.414000e+02 3.059566e+01 5.625746e-02
3.414000e+02 3.053607e+01 5.468802e-02
3.414000e+02 3.050977e+01 5.457258e-02
3.414000e+02 3.043933e+01 5.558786e-02
3.414000e+02 3.059237e+01 5.513857e-02
3.414000e+02 3.047445e+01 5.629469e-02
3.414000e+02 3.048447e+01 5.585219e-02
3.414000e+02 3.046973e+01 5.501644e-02
3.414000e+02 3.034564e+01 5.662788e-02
3.414000e+02 3.048892e+01 5.529011e-02
3.414000e+02 3.051541e+01 5.527663e-02
3.414000e+02 3.043233e+01 5.447629e-02
3.414000e+02 3.040157e+01 5.530144e-02
3.414000e+02 3.042202e+01 5.564530e-02
3.414000e+02 3.048787e+01 5.614575e-02
3.414000e+02 3.053948e+01 5.519052e-02
3.414000e+02 3.045015e+01 5.602893e-02
3.414000e+02 3.043579e+01 5.535763e-02
3.414000e+02 3.051641e+01 5.663088e-02
3.414000e+02 3.048536e+01 5.564556e-02
3.416000e+02 3.134574e+01 5.770488e-02
3.416000e+02 3.144117e+01 5.709311e-02
3.416000e+02 3.132070e+01 5.815691e-02
3.416000e+02 3.134225e+01 5.796442e-02
3.416000e+02 3.137192e+01 5.643465e-02
3.416000e+02 3.137412e+01 5.770685e-02
3.416000e+02 3.130356e+01 5.607915e-02
3.416000e+02 3.132223e+01 5.686715e-02
3.416000e+02 3.124767e+01 5.717629e-02
3.416000e+02 3.138043e+01 5.708029e-02
3.416000e+02 3.129020e+01 5.749455e-02
3.416000e+02 3.138261e+01 5.838907e-02
3.416000e+02 3.133522e+01 5.647070e-02
3.416000e+02 3.136810e+01 5.807642e-02
3.416000e+02 3.137664e+01 5.631150e-02
3.416000e+02 3.137312e+01 5.878284e-02
3.416000e+02 3.144527e+01 5.604312e-02
3.416000e+02 3.143968e+01 5.766843e-02
3.416000e+02 3.131269e+01 5.882150e-02
3.416000e+02 3.146870e+01 5.647151e-02
3.418000e+02 3.232917e+01 5.971012e-02
3.418000e+02 3.234883e+01 5.927909e-02
3.418000e+02 3.223242e+01 5.927986e-02
3.418000e+02 3.234339e+01 5.849306e-02
3.418000e+02 3.235677e+01 5.901207e-02
3.418000e+02 3.229850e+01 5.965133e-02
3.418000e+02 3.232781e+01 5.929938e-02
3.418000e+02 3.230506e+01 5.913831e-02
3.418000e+02 3.232010e+01 5.992388e-02
3.418000e+02 3.233656e+01 6.055265e-02
3.418000e+02 3.232511e+01 5.920989e-02
3.418000e+02 3.237185e+01 5.936674e-02
3.418000e+02 3.225976e+01 5.977368e-02
3.418000e+02 3.235860e+01 5.880986e-02
3.418000e+02 3.242280e+01 6.053633e-02
3.418000e+02 3.232808e+01 5.892017e-02
3.418000e+02 3.227423e+01 5.990128e-02
3.418000e+02 3.225766e+01 6.000046e-02
3.418000e+02 3.231191e+01 5.968478e-02
3.418000e+02 3.231366e+01 6.089742e-02
3.420000e+02 3.325102e+01 6.083312e-02
3.420000e+02 3.334038e+01 6.182869e-02
3.420000e+02 3.331829e+01 6.252799e-02
3.420000e+02 3.343520e+01 6.282646e-02
3.420000e+02 3.334460e+01 6.122603e-02
3.420000e+02 3.334799e+01 6.094456e-02
3.420000e+02 3.340654e+01 6.115243e-02
3.420000e+02 3.340014e+01 6.170604e-02
3.420000e+02 3.324540e+01 6.074717e-02
3.420000e+02 3.333801e+01 6.204292e-02
3.420000e+02 3.340656e+01 6.065349e-02
3.420000e+02 3.336745e+01 6.166160e-02
3.420000e+02 3.336373e+01 6.179068e-02
3.420000e+02 3.337205e+01 6.193858e-02
3.420000e+02 3.342535e+01 6.247083e-02
3.420000e+02 3.344670e+01 6.292596e-02
3.420000e+02 3.332694e+01 6.191068e-02
3.420000e+02 3.331671e+01 6.167059e-02
3.420000e+02 3.336285e+01 6.004239e-02
3.420000e+02 3.333168e+01 6.164819e-02
3.422000e+02 3.434058e+01 6.407105e-02
3.422000e+02 3.432650e+01 6.333352e-02
3.422000e+02 3.440736e+01 6.303108e-02
3.422000e+02 3.442092e+01 6.309212e-02
3.422000e+02 3.451254e+01 6.529147e-02
3.422000e+02 3.443237e+01 6.383165e-02
3.422000e+02 3.439315e+01 6.338000e-02
3.422000e+02 3.450575e+01 6.400222e-02
3.422000e+02 3.445137e+01 6.416799e-02
3.422000e+02 3.439462e+01 6.400821e-02
3.422000e+02 3.448737e+01 6.383395e-02
3.422000e+02 3.444347e+01 6.368316e-02
3.422000e+02 3.443779e+01 6.394351e-02
3.422000e+02 3.436536e+01 6.374581e-02
3.422000e+02 3.453918e+01 6.480790e-02
3.422000e+02 3.445760e+01 6.292371e-02
3.422000e+02 3.443088e+01 6.363471e-02
3.422000e+02 3.443896e+01 6.370276e-02
3.422000e+02 3.445571e+01 6.295414e-02
3.422000e+02 3.458233e+01 6.524621e-02
3.424000e+02 3.543662e+01 6.479059e-02
3.424000e+02 3.553539e+01 6.662458e-02
3.424000e+02 3.563759e+01 6.534374e-02
3.424000e+02 3.564342e+01 6.689420e-02
3.424000e+02 3.563798e+01 6.498226e-02
3.424000e+02 3.553238e+01 6.736107e-02
3.424000e+02 3.561192e+01 6.605196e-02
3.424000e+02 3.557578e+01 6.520910e-02
3.424000e+02 3.563920e+01 6.753263e-02
3.424000e+02 3.564403e+01 6.601359e-02
3.424000e+02 3.552659e+01 6.581044e-02
3.424000e+02 3.555063e+01 6.532655e-02
3.424000e+02 3.549173e+01 6.675203e-02
3.424000e+02 3.548168e+01 6.478010e-02
3.424000e+02 3.568155e+01 6.566806e-02
3.424000e+02 3.567010e+01 6.569753e-02
3.424000e+02 3.564753e+01 6.589376e-02
3.424000e+02 3.557855e+01 6.512093e-02
3.424000e+02 3.547188e+01 6.755136e-02
3.424000e+02 3.569850e+01 6.800437e-02
3.426000e+02 3.681920e+01 6.756458e-02
3.426000e+02 3.694830e+01 6.871318e-02
3.426000e+02 3.676516e+01 6.940039e-02
3.426000e+02 3.706160e+01 6.919790e-02
3.426000e+02 3.685158e+01 6.828343e-02
3.426000e+02 3.679780e+01 6.836805e-02
3.426000e+02 3.681878e+01 6.947241e-02
3.426000e+02 3.695963e+01 6.858687e-02
3.426000e+02 3.686059e+01 6.717205e-02
3.426000e+02 3.676737e+01 6.882702e-02
3.426000e+02 3.690868e+01 6.795761e-02
3.426000e+02 3.689423e+01 6.937600e-02
3.426000e+02 3.679937e+01 6.815696e-02
3.426000e+02 3.701117e+01 6.723639e-02
3.426000e+02 3.682317e+01 6.993303e-02
3.426000e+02 3.682291e+01 6.782707e-02
3.426000e+02 3.693734e+01 6.888170e-02
3.426000e+02 3.696035e+01 6.865716e-02
3.426000e+02 3.688917e+01 6.657080e-02
3.426000e+02 3.695913e+01 6.937496e-02
3.428000e+02 3.813780e+01 7.285004e-02
3.428000e+02 3.817492e+01 7.084251e-02
3.428000e+02 3.825850e+01 7.098506e-02
3.428000e+02 3.821958e+01 7.147328e-02
3.428000e+02 3.824246e+01 7.089268e-02
3.428000e+02 3.807020e+01 7.238107e-02
3.428000e+02 3.822579e+01 7.198119e-02
3.428000e+02 3.820152e+01 7.029317e-02
3.428000e+02 3.819641e+01 7.230126e-02
3.428000e+02 3.828295e+01 7.040012e-02
3.428000e+02 3.818453e+01 7.224454e-02
3.428000e+02 3.829684e+01 7.176167e-02
3.428000e+02 3.826172e+01 7.187918e-02
3.428000e+02 3.816337e+01 7.252408e-02
3.428000e+02 3.837521e+01 7.118297e-02
3.428000e+02 3.834930e+01 7.050455e-02
3.428000e+02 3.834850e+01 7.157406e-02
3.428000e+02 3.829893e+01 7.215987e-02
3.428000e+02 3.828223e+01 7.003836e-02
3.428000e+02 3.825724e+01 7.163657e-02
3.430000e+02 3.974629e+01 7.539623e-02
3.430000e+02 3.971881e+01 7.333607e-02
3.430000e+02 3.968509e+01 7.434582e-02
3.430000e+02 3.964023e+01 7.494490e-02
3.430000e+02 3.966120e+01 7.659443e-02
3.430000e+02 3.972135e+01 7.466183e-02
3.430000e+02 3.974214e+01 7.415563e-02
3.430000e+02 3.973708e+01 7.407142e-02
3.430000e+02 3.955341e+01 7.378275e-02
3.430000e+02 3.979241e+01 7.498437e-02
3.430000e+02 3.978874e+01 7.426904e-02
3.430000e+02 3.978085e+01 7.365676e-02
3.430000e+02 3.975778e+01 7.463466e-02
3.430000e+02 3.966246e+01 7.522441e-02
3.430000e+02 3.972875e+01 7.302303e-02
3.430000e+02 3.974878e+01 7.456496e-02
3.430000e+02 3.968537e+01 7.409551e-02
3.430000e+02 3.970077e+01 7.649196e-02
3.430000e+02 3.974732e+01 7.560089e-02
3.430000e+02 3.966330e+01 7.418216e-02
3.432000e+02 4.140533e+01 7.711177e-02
3.432000e+02 4.145510e+01 7.763222e-02
3.432000e+02 4.118665e+01 7.682397e-02
3.432000e+02 4.147562e+01 7.810830e-02
3.432000e+02 4.141831e+01 7.836638e-02
3.432000e+02 4.133735e+01 7.856835e-02
3.432000e+02 4.137106e+01 7.769324e-02
3.432000e+02 4.130651e+01 7.896456e-02
3.432000e+02 4.132189e+01 7.699283e-02
3.432000e+02 4.158688e+01 7.855555e-02
3.432000e+02 4.135605e+01 7.905222e-02
3.432000e+02 4.132400e+01 7.784803e-02
3.432000e+02 4.133988e+01 7.907905e-02
3.432000e+02 4.133750e+01 7.891059e-02
3.432000e+02 4.136444e+01 7.774157e-02
3.432000e+02 4.138334e+01 7.632472e-02
3.432000e+02 4.132952e+01 7.833869e-02
3.432000e+02 4.130214e+01 7.715413e-02
3.432000e+02 4.131261e+01 7.794532e-02
3.432000e+02 4.140475e+01 7.780662e-02
3.434000e+02 4.327105e+01 8.389411e-02
3.434000e+02 4.328262e+01 8.087979e-02
3.434000e+02 4.316249e+01 8.037181e-02
3.434000e+02 4.317417e+01 8.239324e-02
3.434000e+02 4.319932e+01 8.186982e-02
3.434000e+02 4.321493e+01 8.209487e-02
3.434000e+02 4.314998e+01 7.974315e-02
3.434000e+02 4.325325e+01 8.257050e-02
3.434000e+02 4.323916e+01 8.016528e-02
3.434000e+02 4.302110e+01 8.128407e-02
3.434000e+02 4.324044e+01 8.227085e-02
3.434000e+02 4.315652e+01 8.222364e-02
3.434000e+02 4.306671e+01 8.087224e-02
3.434000e+02 4.312506e+01 8.203503e-02
3.434000e+02 4.320846e+01 8.209212e-02
3.434000e+02 4.316982e+01 8.221687e-02
3.434000e+02 4.318296e+01 8.100759e-02
3.434000e+02 4.314428e+01 8.030286e-02
3.434000e+02 4.320604e+01 8.338501e-02
3.434000e+02 4.309848e+01 8.111940e-02
3.436000e+02 4.510059e+01 8.794439e-02
3.436000e+02 4.512212e+01 8.608225e-02
3.436000e+02 4.528351e+01 8.726198e-02
3.436000e+02 4.502843e+01 8.665407e-02
3.436000e+02 4.512961e+01 8.553597e-02
3.436000e+02 4.516035e+01 8.628939e-02
3.436000e+02 4.505830e+01 8.503864e-02
3.436000e+02 4.511128e+01 8.672184e-02
3.436000e+02 4.506541e+01 8.306064e-02
3.436000e+02 4.515684e+01 8.519084e-02
3.436000e+02 4.506627e+01 8.570256e-02
3.436000e+02 4.523193e+01 8.329651e-02
3.436000e+02 4.527487e+01 8.616267e-02
3.436000e+02 4.520038e+01 8.508572e-02
3.436000e+02 4.521668e+01 8.412748e-02
3.436000e+02 4.504762e+01 8.486385e-02
3.436000e+02 4.522876e+01 8.642804e-02
3.436000e+02 4.513734e+01 8.422856e-02
3.436000e+02 4.510882e+01 8.592949e-02
3.436000e+02 4.513880e+01 8.432491e-02
3.438000e+02 4.735268e+01 9.077403e-02
3.438000e+02 4.744178e+01 8.947182e-02
3.438000e+02 4.726241e+01 9.022881e-02
3.438000e+02 4.713870e+01 8.833487e-02
3.438000e+02 4.714358e+01 8.856327e-02
3.438000e+02 4.728429e+01 8.958498e-02
3.438000e+02 4.729524e+01 9.066703e-02
3.438000e+02 4.742066e+01 8.998736e-02
3.438000e+02 4.739138e+01 9.032538e-02
3.438000e+02 4.737893e+01 9.016731e-02
3.438000e+02 4.736232e+01 9.242065e-02
3.438000e+02 4.739801e+01 8.956105e-02
3.438000e+02 4.720810e+01 8.805987e-02
3.438000e+02 4.739536e+01 8.978027e-02
3.438000e+02 4.753389e+01 8.959513e-02
3.438000e+02 4.752648e+01 9.206213e-02
3.438000e+02 4.721000e+01 9.029323e-02
3.438000e+02 4.727667e+01 8.955835e-02
3.438000e+02 4.739400e+01 8.959475e-02
3.438000e+02 4.738199e+01 8.941869e-02
3.440000e+02 4.973580e+01 9.776657e-02
3.440000e+02 4.982389e+01 9.428219e-02
3.440000e+02 4.987494e+01 9.506535e-02
3.440000e+02 4.986087e+01 9.423715e-02
3.440000e+02 4.973263e+01 9.236506e-02
3.440000e+02 4.976576e+01 9.490940e-02
3.440000e+02 4.995784e+01 9.646583e-02
3.440000e+02 4.987542e+01 9.651814e-02
3.440000e+02 4.981725e+01 9.545560e-02
3.440000e+02 4.977900e+01 9.659027e-02
3.440000e+02 4.993404e+01 9.100594e-02
3.440000e+02 4.988214e+01 9.416964e-02
3.440000e+02 4.981366e+01 9.508836e-02
3.440000e+02 4.972480e+01 9.564350e-02
3.440000e+02 4.993417e+01 9.440042e-02
3.440000e+02 4.984764e+01 9.535024e-02
3.440000e+02 4.993241e+01 9.403902e-02
3.440000e+02 4.995238e+01 9.595513e-02
3.440000e+02 4.988800e+01 9.458084e-02
3.440000e+02 4.983302e+01 9.586211e-02
3.442000e+02 5.267091e+01 9.940017e-02
3.442000e+02 5.261057e+01 9.922535e-02
3.442000e+02 5.275680e+01 1.020002e-01
3.442000e+02 5.252485e+01 1.033044e-01
3.442000e+02 5.258501e+01 9.877932e-02
3.442000e+02 5.252201e+01 9.957496e-02
3.442000e+02 5.255820e+01 9.785462e-02
3.442000e+02 5.258622e+01 1.000107e-01
3.442000e+02 5.279064e+01 1.017778e-01
3.442000e+02 5.270740e+01 1.018810e-01
3.442000e+02 5.255949e+01 9.903745e-02
3.442000e+02 5.270907e+01 1.021174e-01
3.442000e+02 5.257360e+01 1.023317e-01
3.442000e+02 5.276266e+01 1.000514e-01
3.442000e+02 5.270815e+01 1.017124e-01
3.442000e+02 5.274891e+01 9.952549e-02
3.442000e+02 5.280173e+01 1.069517e-01
3.442000e+02 5.254997e+01 9.973638e-02
3.442000e+02 5.279943e+01 1.002981e-01
3.442000e+02 5.280066e+01 9.985254e-02
3.444000e+02 5.603089e+01 1.097616e-01
3.444000e+02 5.592006e+01 1.076242e-01
3.444000e+02 5.593195e+01 1.068202e-01
3.444000e+02 5.588807e+01 1.085572e-01
3.444000e+02 5.594838e+01 1.068691e-01
3.444000e+02 5.610596e+01 1.045630e-01
3.444000e+02 5.592204e+01 1.101987e-01
3.444000e+02 5.613733e+01 1.070692e-01
3.444000e+02 5.585964e+01 1.092340e-01
3.444000e+02 5.583174e+01 1.077237e-01
3.444000e+02 5.574494e+01 1.058268e-01
3.444000e+02 5.590758e+01 1.050565e-01
3.444000e+02 5.585714e+01 1.085677e-01
3.444000e+02 5.587952e+01 1.050399e-01
3.444000e+02 5.592112e+01 1.062743e-01
3.444000e+02 5.580843e+01 1.066211e-01
3.444000e+02 5.601021e+01 1.078276e-01
3.444000e+02 5.595411e+01 1.080584e-01
3.444000e+02 5.600873e+01 1.066717e-01
3.444000e+02 5.579971e+01 1.078773e-01
3.446000e+02 5.958335e+01 1.157995e-01
3.446000e+02 5.958206e+01 1.122031e-01
3.446000e+02 5.960041e+01 1.134735e-01
3.446000e+02 5.969116e+01 1.141584e-01
3.446000e+02 5.955897e+01 1.130978e-01
3.446000e+02 5.971160e+01 1.149168e-01
3.446000e+02 5.953309e+01 1.152591e-01
3.446000e+02 5.974462e+01 1.133582e-01
3.446000e+02 5.942718e+01 1.140589e-01
3.446000e+02 5.956328e+01 1.157121e-01
3.446000e+02 5.966213e+01 1.130885e-01
3.446000e+02 5.965742e+01 1.140623e-01
3.446000e+02 5.956538e+01 1.175188e-01
3.446000e+02 5.942662e+01 1.140510e-01
3.446000e+02 5.969284e+01 1.185569e-01
3.446000e+02 5.967642e+01 1.148882e-01
3.446000e+02 5.972671e+01 1.133225e-01
3.446000e+02 5.961273e+01 1.141365e-01
3.446000e+02 5.956981e+01 1.149486e-01
3.446000e+02 5.963885e+01 1.183788e-01
3.448000e+02 6.399125e+01 1.258032e-01
3.448000e+02 6.350076e+01 1.235476e-01
3.448000e+02 6.387668e+01 1.260416e-01
3.448000e+02 6.372898e+01 1.221642e-01
3.448000e+02 6.363578e+01 1.220180e-01
3.448000e+02 6.408918e+01 1.212898e-01
3.448000e+02 6.363372e+01 1.222177e-01
3.448000e+02 6.379449e+01 1.219767e-01
3.448000e+02 6.391858e+01 1.241419e-01
3.448000e+02 6.372048e+01 1.238973e-01
3.448000e+02 6.374915e+01 1.241009e-01
3.448000e+02 6.388843e+01 1.224096e-01
3.448000e+02 6.383196e+01 1.258622e-01
3.448000e+02 6.387025e+01 1.242021e-01
3.448000e+02 6.379993e+01 1.353874e-01
3.448000e+02 6.368081e+01 1.276324e-01
3.448000e+02 6.381775e+01 1.256240e-01
3.448000e+02 6.386349e+01 1.232026e-01
3.448000e+02 6.391216e+01 1.234255e-01
3.448000e+02 6.394092e+01 1.206491e-01
3.450000e+02 6.894228e+01 1.313238e-01
3.450000e+02 6.845213e+01 1.302263e-01
3.450000e+02 6.861674e+01 1.337339e-01
3.450000e+02 6.882210e+01 1.360279e-01
3.450000e+02 6.879771e+01 1.309085e-01
3.450000e+02 6.864523e+01 1.356751e-01
3.450000e+02 6.895382e+01 1.343592e-01
3.450000e+02 6.874721e+01 1.366550e-01
3.450000e+02 6.872178e+01 1.335488e-01
3.450000e+02 6.869537e+01 1.315186e-01
3.450000e+02 6.867086e+01 1.337323e-01
3.450000e+02 6.863629e+01 1.313306e-01
3.450000e+02 6.879981e+01 1.298531e-01
3.450000e+02 6.869776e+01 1.361660e-01
3.450000e+02 6.866780e+01 1.338784e-01
3.450000e+02 6.875541e+01 1.337184e-01
3.450000e+02 6.889052e+01 1.325178e-01
3.450000e+02 6.866794e+01 1.308794e-01
3.450000e+02 6.856993e+01 1.353828e-01
3.450000e+02 6.884167e+01 1.326584e-01
3.452000e+02 7.408668e+01 1.413955e-01
3.452000e+02 7.400252e+01 1.433368e-01
3.452000e+02 7.444653e+01 1.448804e-01
3.452000e+02 7.422254e+01 1.418493e-01
3.452000e+02 7.451336e+01 1.512315e-01
3.452000e+02 7.445380e+01 1.427845e-01
3.452000e+02 7.446302e+01 1.433196e-01
3.452000e+02 7.438896e+01 1.432091e-01
3.452000e+02 7.451512e+01 1.445927e-01
3.452000e+02 7.445835e+01 1.487038e-01
3.452000e+02 7.436392e+01 1.423430e-01
3.452000e+02 7.462253e+01 1.508260e-01
3.452000e+02 7.439376e+01 1.430024e-01
3.452000e+02 7.418942e+01 1.464122e-01
3.452000e+02 7.435250e+01 1.440379e-01
3.452000e+02 7.438236e+01 1.406872e-01
3.452000e+02 7.422824e+01 1.444361e-01
3.452000e+02 7.394616e+01 1.429085e-01
3.452000e+02 7.425950e+01 1.433081e-01
3.452000e+02 7.465649e+01 1.470458e-01
3.454000e+02 8.075707e+01 1.518119e-01
3.454000e+02 8.089962e+01 1.560266e-01
3.454000e+02 8.065625e+01 1.545675e-01
3.454000e+02 8.071676e+01 1.559806e-01
3.454000e+02 8.091230e+01 1.577768e-01
3.454000e+02 8.104557e+01 1.562201e-01
3.454000e+02 8.107424e+01 1.559155e-01
3.454000e+02 8.092176e+01 1.568168e-01
3.454000e+02 8.093065e+01 1.575415e-01
3.454000e+02 8.099236e+01 1.591507e-01
3.454000e+02 8.079855e+01 1.532919e-01
3.454000e+02 8.083305e+01 1.551417e-01
3.454000e+02 8.108532e+01 1.545929e-01
3.454000e+02 8.056284e+01 1.572452e-01
3.454000e+02 8.071482e+01 1.545833e-01
3.454000e+02 8.071057e+01 1.542138e-01
3.454000e+02 8.057902e+01 1.528600e-01
3.454000e+02 8.036499e+01 1.563009e-01
3.454000e+02 8.089685e+01 1.551143e-01
3.454000e+02 8.104845e+01 1.553282e-01
3.456000e+02 8.780872e+01 1.689383e-01
3.456000e+02 8.810311e+01 1.753955e-01
3.456000e+02 8.803086e+01 1.751491e-01
3.456000e+02 8.846743e+01 1.729468e-01
3.456000e+02 8.798164e+01 1.694316e-01
3.456000e+02 8.842169e+01 1.668862e-01
3.456000e+02 8.827417e+01 1.783017e-01
3.456000e+02 8.828005e+01 1.688079e-01
3.456000e+02 8.822235e+01 1.693556e-01
3.456000e+02 8.826127e+01 1.732873e-01
3.456000e+02 8.842859e+01 1.832588e-01
3.456000e+02 8.826866e+01 1.727017e-01
3.456000e+02 8.830858e+01 1.688496e-01
3.456000e+02 8.806118e+01 1.701791e-01
3.456000e+02 8.836377e+01 1.694566e-01
3.456000e+02 8.829675e+01 1.704831e-01
3.456000e+02 8.808592e+01 1.725284e-01
3.456000e+02 8.799493e+01 1.737536e-01
3.456000e+02 8.801202e+01 1.687168e-01
3.456000e+02 8.832956e+01 1.726178e-01
3.458000e+02 9.636343e+01 1.861007e-01
3.458000e+02 9.639880e+01 1.893979e-01
3.458000e+02 9.641878e+01 1.918711e-01
3.458000e+02 9.656857e+01 1.910557e-01
3.458000e+02 9.665335e+01 1.908014e-01
3.458000e+02 9.633653e+01 1.878833e-01
3.458000e+02 9.683512e+01 1.880492e-01
3.458000e+02 9.636063e+01 1.858357e-01
3.458000e+02 9.652260e+01 1.899063e-01
3.458000e+02 9.624407e+01 1.932684e-01
3.458000e+02 9.663592e+01 1.909451e-01
3.458000e+02 9.636482e+01 1.906162e-01
3.458000e+02 9.617559e+01 1.904286e-01
3.458000e+02 9.649196e+01 1.883016e-01
3.458000e+02 9.640574e+01 1.859511e-01
3.458000e+02 9.656705e+01 1.846659e-01
3.458000e+02 9.670192e+01 1.880573e-01
3.458000e+02 9.612177e+01 1.846645e-01
3.458000e+02 9.673113e+01 1.966508e-01
3.458000e+02 9.652614e+01 1.884741e-01
3.460000e+02 1.059093e+02 2.052162e-01
3.460000e+02 1.054176e+02 2.050313e-01
3.460000e+02 1.055205e+02 2.049374e-01
3.460000e+02 1.055499e+02 2.042988e-01
3.460000e+02 1.054959e+02 2.091031e-01
3.460000e+02 1.052875e+02 2.103524e-01
3.460000e+02 1.058394e+02 2.061371e-01
3.460000e+02 1.054619e+02 2.075096e-01
3.460000e+02 1.056986e+02 2.041548e-01
3.460000e+02 1.057072e+02 2.103843e-01
3.460000e+02 1.051192e+02 2.078998e-01
3.460000e+02 1.056214e+02 2.036745e-01
3.460000e+02 1.053769e+02 2.096738e-01
3.460000e+02 1.054644e+02 2.016883e-01
3.460000e+02 1.056155e+02 2.186453e-01
3.460000e+02 1.060662e+02 2.183195e-01
3.460000e+02 1.056414e+02 2.082016e-01
3.460000e+02 1.058377e+02 2.048007e-01
3.460000e+02 1.053302e+02 2.046918e-01
3.460000e+02 1.056124e+02 2.052062e-01
3.462000e+02 1.154304e+02 2.068220e-01
3.462000e+02 1.153537e+02 2.106451e-01
3.462000e+02 1.154047e+02 2.090119e-01
3.462000e+02 1.155147e+02 2.067020e-01
3.462000e+02 1.155276e+02 2.105987e-01
3.462000e+02 1.155508e+02 2.140546e-01
3.462000e+02 1.156852e+02 2.082215e-01
3.462000e+02 1.158200e+02 2.289173e-01
3.462000e+02 1.155302e+02 2.108475e-01
3.462000e+02 1.158248e+02 2.119604e-01
3.462000e+02 1.155292e+02 2.105167e-01
3.462000e+02 1.155075e+02 2.090506e-01
3.462000e+02 1.152408e+02 2.080717e-01
3.462000e+02 1.150822e+02 2.105526e-01
3.462000e+02 1.153640e+02 2.080526e-01
3.462000e+02 1.154193e+02 2.058017e-01
3.462000e+02 1.152548e+02 2.084693e-01
3.462000e+02 1.154750e+02 2.097686e-01
3.462000e+02 1.158563e+02 2.051631e-01
3.462000e+02 1.154807e+02 2.042115e-01
3.464000e+02 1.251429e+02 2.218558e-01
3.464000e+02 1.260329e+02 2.247851e-01
3.464000e+02 1.255797e+02 2.287427e-01
3.464000e+02 1.263356e+02 2.225249e-01
3.464000e+02 1.255723e+02 2.240823e-01
3.464000e+02 1.257450e+02 2.281427e-01
3.464000e+02 1.261937e+02 2.334622e-01
3.464000e+02 1.257542e+02 2.279101e-01
3.464000e+02 1.260540e+02 2.342661e-01
3.464000e+02 1.259951e+02 2.236928e-01
3.464000e+02 1.253132e+02 2.257886e-01
3.464000e+02 1.259051e+02 2.276666e-01
3.464000e+02 1.257140e+02 2.220208e-01
3.464000e+02 1.256576e+02 2.286714e-01
3.464000e+02 1.259176e+02 2.278216e-01
3.464000e+02 1.257401e+02 2.243749e-01
3.464000e+02 1.259179e+02 2.220159e-01
3.464000e+02 1.260839e+02 2.269097e-01
3.464000e+02 1.254792e+02 2.255976e-01
3.464000e+02 1.258988e+02 2.281510e-01
3.466000e+02 1.364178e+02 2.461967e-01
3.466000e+02 1.366310e+02 2.485561e-01
3.466000e+02 1.369305e+02 2.446058e-01
3.466000e+02 1.362151e+02 2.487139e-01
3.466000e+02 1.365511e+02 2.415059e-01
3.466000e+02 1.364691e+02 2.395933e-01
3.466000e+02 1.363805e+02 2.415663e-01
3.466000e+02 1.362219e+02 2.487761e-01
3.466000e+02 1.363894e+02 2.499980e-01
3.466000e+02 1.366422e+02 2.464962e-01
3.466000e+02 1.367088e+02 2.452263e-01
3.466000e+02 1.367183e+02 2.469669e-01
3.466000e+02 1.361171e+02 2.398444e-01
3.466000e+02 1.365875e+02 2.457529e-01
3.466000e+02 1.366817e+02 2.433856e-01
3.466000e+02 1.361120e+02 2.486899e-01
3.466000e+02 1.359115e+02 2.467277e-01
3.466000e+02 1.367673e+02 2.484394e-01
3.466000e+02 1.363970e+02 2.478072e-01
3.466000e+02 1.365584e+02 2.484565e-01
3.468000e+02 1.474004e+02 2.656341e-01
3.468000e+02 1.477536e+02 2.635579e-01
3.468000e+02 1.472563e+02 2.635642e-01
3.468000e+02 1.475130e+02 2.626032e-01
3.468000e+02 1.472900e+02 2.627299e-01
3.468000e+02 1.471328e+02 2.635723e-01
3.468000e+02 1.471208e+02 2.596749e-01
3.468000e+02 1.472447e+02 2.697321e-01
3.468000e+02 1.473207e+02 2.695559e-01
3.468000e+02 1.477113e+02 2.582011e-01
3.468000e+02 1.471491e+02 2.604453e-01
3.468000e+02 1.468086e+02 2.658296e-01
3.468000e+02 1.470216e+02 2.603257e-01
3.468000e+02 1.474266e+02 2.587210e-01
3.468000e+02 1.473893e+02 2.659894e-01
3.468000e+02 1.473907e+02 2.691303e-01
3.468000e+02 1.471650e+02 2.636552e-01
3.468000e+02 1.473673e+02 2.676221e-01
3.468000e+02 1.474951e+02 2.598693e-01
3.468000e+02 1.471220e+02 2.649153e-01
3.470000e+02 1.582770e+02 2.859182e-01
3.470000e+02 1.585097e+02 2.934733e-01
3.470000e+02 1.577221e+02 2.785347e-01
3.470000e+02 1.579486e+02 2.888240e-01
3.470000e+02 1.574634e+02 2.784535e-01
3.470000e+02 1.572638e+02 2.741873e-01
3.470000e+02 1.577261e+02 2.863586e-01
3.470000e+02 1.573424e+02 2.896198e-01
3.470000e+02 1.581704e+02 2.826836e-01
3.470000e+02 1.575080e+02 2.850123e-01
3.470000e+02 1.577311e+02 2.856282e-01
3.470000e+02 1.577070e+02 2.875783e-01
3.470000e+02 1.581924e+02 2.860646e-01
3.470000e+02 1.576653e+02 2.802796e-01
3.470000e+02 1.579069e+02 2.848546e-01
3.470000e+02 1.577116e+02 2.822009e-01
3.470000e+02 1.580951e+02 2.790833e-01
3.470000e+02 1.581122e+02 2.855357e-01
3.470000e+02 1.580044e+02 2.846972e-01
3.470000e+02 1.575646e+02 2.827426e-01
3.472000e+02 1.684576e+02 3.077302e-01
3.472000e+02 1.683982e+02 3.045607e-01
3.472000e+02 1.687138e+02 3.024813e-01
3.472000e+02 1.684399e+02 3.025438e-01
3.472000e+02 1.685142e+02 3.133135e-01
3.472000e+02 1.685278e+02 3.044674e-01
3.472000e+02 1.688304e+02 3.035256e-01
3.472000e+02 1.687685e+02 3.012651e-01
3.472000e+02 1.687366e+02 2.982751e-01
3.472000e+02 1.687312e+02 3.051529e-01
3.472000e+02 1.688211e+02 3.038781e-01
3.472000e+02 1.690057e+02 3.038819e-01
3.472000e+02 1.682512e+02 2.957246e-01
3.472000e+02 1.682844e+02 3.111794e-01
3.472000e+02 1.682480e+02 3.038724e-01
3.472000e+02 1.687640e+02 3.001333e-01
3.472000e+02 1.682049e+02 2.955801e-01
3.472000e+02 1.690368e+02 3.014780e-01
3.472000e+02 1.681098e+02 3.046537e-01
3.472000e+02 1.687174e+02 3.046157e-01
3.474000e+02 1.785496e+02 3.198826e-01
3.474000e+02 1.786337e+02 3.233142e-01
3.474000e+02 1.788355e+02 3.240638e-01
3.474000e+02 1.793268e+02 3.202088e-01
3.474000e+02 1.789849e+02 3.237459e-01
3.474000e+02 1.785702e+02 3.243799e-01
3.474000e+02 1.788082e+02 3.263889e-01
3.474000e+02 1.789430e+02 3.194481e-01
3.474000e+02 1.789108e+02 3.166676e-01
3.474000e+02 1.793247e+02 3.191652e-01
3.474000e+02 1.785640e+02 3.135258e-01
3.474000e+02 1.789007e+02 3.219371e-01
3.474000e+02 1.792101e+02 3.312565e-01
3.474000e+02 1.788337e+02 3.254664e-01
3.474000e+02 1.784223e+02 3.264424e-01
3.474000e+02 1.787829e+02 3.190922e-01
3.474000e+02 1.788872e+02 3.222942e-01
3.474000e+02 1.790607e+02 3.179156e-01
3.474000e+02 1.787987e+02 3.254392e-01
3.474000e+02 1.791964e+02 3.221750e-01
3.476000e+02 1.886785e+02 3.423153e-01
3.476000e+02 1.882365e+02 3.421689e-01
3.476000e+02 1.888798e+02 3.427484e-01
3.476000e+02 1.891860e+02 3.356092e-01
3.476000e+02 1.891845e+02 3.436100e-01
3.476000e+02 1.889575e+02 3.336907e-01
3.476000e+02 1.891957e+02 3.409464e-01
3.476000e+02 1.888759e+02 3.349196e-01
3.476000e+02 1.886280e+02 3.423381e-01
3.476000e+02 1.888173e+02 3.466689e-01
3.476000e+02 1.886920e+02 3.375719e-01
3.476000e+02 1.881856e+02 3.452528e-01
3.476000e+02 1.892684e+02 3.450844e-01
3.476000e+02 1.885006e+02 3.315519e-01
3.476000e+02 1.888953e+02 3.447404e-01
3.476000e+02 1.888104e+02 3.380320e-01
3.476000e+02 1.892956e+02 3.431837e-01
3.476000e+02 1.887887e+02 3.452112e-01
3.476000e+02 1.891016e+02 3.423737e-01
3.476000e+02 1.880508e+02 3.327459e-01
3.478000e+02 1.979114e+02 3.608281e-01
3.478000e+02 1.988779e+02 3.681264e-01
3.478000e+02 1.987136e+02 3.667881e-01
3.478000e+02 1.988837e+02 3.673125e-01
3.478000e+02 1.985646e+02 3.740272e-01
3.478000e+02 1.982380e+02 3.615153e-01
3.478000e+02 1.985274e+02 3.631296e-01
3.478000e+02 1.982382e+02 3.573759e-01
3.478000e+02 1.986261e+02 3.680076e-01
3.478000e+02 1.988508e+02 3.780861e-01
3.478000e+02 1.981892e+02 3.652703e-01
3.478000e+02 1.984749e+02 3.593489e-01
3.478000e+02 1.981991e+02 3.628511e-01
3.478000e+02 1.987233e+02 3.568370e-01
3.478000e+02 1.981614e+02 3.578270e-01
3.478000e+02 1.985537e+02 3.591879e-01
3.478000e+02 1.984899e+02 3.631573e-01
3.478000e+02 1.992779e+02 3.615364e-01
3.478000e+02 1.985366e+02 3.542193e-01
3.478000e+02 1.983967e+02 3.630833e-01
3.480000e+02 2.089072e+02 3.674792e-01
3.480000e+02 2.084789e+02 3.729293e-01
3.480000e+02 2.078906e+02 3.737040e-01
3.480000e+02 2.074432e+02 3.788280e-01
3.480000e+02 2.079374e+02 3.739956e-01
3.480000e+02 2.079666e+02 3.813603e-01
3.480000e+02 2.075482e+02 3.737833e-01
3.480000e+02 2.077201e+02 3.839939e-01
3.480000e+02 2.080644e+02 3.808046e-01
3.480000e+02 2.079883e+02 3.767433e-01
3.480000e+02 2.079792e+02 3.818556e-01
3.480000e+02 2.081263e+02 3.819256e-01
3.480000e+02 2.080132e+02 3.782307e-01
3.480000e+02 2.077820e+02 3.711487e-01
3.480000e+02 2.078354e+02 3.765651e-01
3.480000e+02 2.079628e+02 3.789981e-01
3.480000e+02 2.079422e+02 3.776507e-01
3.480000e+02 2.081494e+02 3.725633e-01
3.480000e+02 2.080522e+02 3.814364e-01
3.480000e+02 2.074055e+02 3.784172e-01
3.482000e+02 2.169268e+02 3.975310e-01
3.482000e+02 2.168919e+02 3.981081e-01
3.482000e+02 2.173792e+02 3.986894e-01
3.482000e+02 2.173198e+02 4.114020e-01
3.482000e+02 2.169221e+02 3.958320e-01
3.482000e+02 2.170349e+02 3.969738e-01
3.482000e+02 2.169257e+02 3.937033e-01
3.482000e+02 2.168715e+02 4.000519e-01
3.482000e+02 2.170377e+02 3.908518e-01
3.482000e+02 2.174877e+02 3.954967e-01
3.482000e+02 2.169193e+02 3.922666e-01
3.482000e+02 2.178223e+02 3.963951e-01
3.482000e+02 2.172809e+02 3.989993e-01
3.482000e+02 2.178836e+02 3.963270e-01
3.482000e+02 2.171810e+02 3.982885e-01
3.482000e+02 2.164788e+02 3.963223e-01
3.482000e+02 2.168869e+02 3.967608e-01
3.482000e+02 2.174007e+02 3.920540e-01
3.482000e+02 2.172601e+02 3.989665e-01
3.482000e+02 2.167900e+02 4.038253e-01
3.484000e+02 2.257686e+02 4.157149e-01
3.484000e+02 2.257476e+02 4.069148e-01
3.484000e+02 2.256265e+02 4.153348e-01
3.484000e+02 2.257113e+02 4.190400e-01
3.484000e+02 2.252093e+02 4.166355e-01
3.484000e+02 2.258301e+02 4.160209e-01
3.484000e+02 2.253849e+02 4.171478e-01
3.484000e+02 2.258675e+02 4.156953e-01
3.484000e+02 2.260041e+02 4.218649e-01
3.484000e+02 2.261966e+02 4.190006e-01
3.484000e+02 2.261746e+02 4.164031e-01
3.484000e+02 2.252551e+02 4.079581e-01
3.484000e+02 2.260466e+02 4.423833e-01
3.484000e+02 2.253849e+02 4.131812e-01
3.484000e+02 2.254315e+02 4.164845e-01
3.484000e+02 2.265516e+02 4.114158e-01
3.484000e+02 2.262813e+02 4.097566e-01
3.484000e+02 2.255872e+02 4.180473e-01
3.484000e+02 2.259456e+02 4.085630e-01
3.484000e+02 2.255351e+02 4.167318e-01
3.486000e+02 2.346141e+02 4.348639e-01
3.486000e+02 2.345459e+02 4.377246e-01
3.486000e+02 2.344721e+02 4.359353e-01
3.486000e+02 2.343400e+02 4.268623e-01
3.486000e+02 2.339638e+02 4.303601e-01
3.486000e+02 2.344924e+02 4.351293e-01
3.486000e+02 2.339710e+02 4.341397e-01
3.486000e+02 2.338826e+02 4.248846e-01
3.486000e+02 2.342722e+02 4.304185e-01
3.486000e+02 2.341070e+02 4.250712e-01
3.486000e+02 2.349714e+02 4.286057e-01
3.486000e+02 2.343841e+02 4.379422e-01
3.486000e+02 2.334449e+02 4.364677e-01
3.486000e+02 2.342400e+02 4.367774e-01
3.486000e+02 2.349258e+02 4.291633e-01
3.486000e+02 2.342689e+02 4.307824e-01
3.486000e+02 2.344143e+02 4.278458e-01
3.486000e+02 2.344752e+02 4.260229e-01
3.486000e+02 2.346994e+02 4.342278e-01
3.486000e+02 2.343203e+02 4.288472e-01
3.488000e+02 2.425606e+02 4.474556e-01
3.488000e+02 2.430859e+02 4.503754e-01
3.488000e+02 2.425041e+02 4.542841e-01
3.488000e+02 2.426791e+02 4.527293e-01
3.488000e+02 2.428926e+02 4.432187e-01
3.488000e+02 2.431233e+02 4.429489e-01
3.488000e+02 2.427005e+02 4.446921e-01
3.488000e+02 2.425855e+02 4.467601e-01
3.488000e+02 2.425843e+02 4.627010e-01
3.488000e+02 2.425960e+02 4.473428e-01
3.488000e+02 2.423903e+02 4.598624e-01
3.488000e+02 2.430835e+02 4.473995e-01
3.488000e+02 2.422553e+02 4.438144e-01
3.488000e+02 2.425646e+02 4.494000e-01
3.488000e+02 2.426495e+02 4.440630e-01
3.488000e+02 2.430898e+02 4.427853e-01
3.488000e+02 2.419353e+02 4.465134e-01
3.488000e+02 2.431376e+02 4.507286e-01
3.488000e+02 2.422186e+02 4.603280e-01
3.488000e+02 2.422019e+02 4.377531e-01
3.490000e+02 2.506754e+02 4.676480e-01
3.490000e+02 2.507995e+02 4.786232e-01
3.490000e+02 2.506405e+02 4.538341e-01
3.490000e+02 2.505839e+02 4.575678e-01
3.490000e+02 2.507463e+02 4.590702e-01
3.490000e+02 2.501915e+02 4.704277e-01
3.490000e+02 2.506662e+02 4.686417e-01
3.490000e+02 2.502249e+02 4.605472e-01
3.490000e+02 2.518621e+02 4.588543e-01
3.490000e+02 2.500686e+02 4.651453e-01
3.490000e+02 2.501675e+02 4.629891e-01
3.490000e+02 2.507197e+02 4.764123e-01
3.490000e+02 2.509271e+02 4.642579e-01
3.490000e+02 2.505550e+02 4.717455e-01
3.490000e+02 2.505932e+02 4.628039e-01
3.490000e+02 2.500971e+02 4.613522e-01
3.490000e+02 2.501601e+02 4.634253e-01
3.490000e+02 2.508576e+02 4.586738e-01
3.490000e+02 2.507646e+02 4.654763e-01
3.490000e+02 2.497101e+02 4.624076e-01
3.492000e+02 2.583556e+02 4.782049e-01
3.492000e+02 2.590683e+02 4.944123e-01
3.492000e+02 2.584968e+02 4.778084e-01
3.492000e+02 2.583950e+02 4.841945e-01
3.492000e+02 2.589752e+02 4.857483e-01
3.492000e+02 2.576585e+02 4.819861e-01
3.492000e+02 2.589619e+02 4.765378e-01
3.492000e+02 2.585873e+02 4.748159e-01
3.492000e+02 2.580270e+02 4.837119e-01
3.492000e+02 2.585579e+02 4.860125e-01
3.492000e+02 2.592303e+02 4.858170e-01
3.492000e+02 2.582645e+02 4.769303e-01
3.492000e+02 2.578788e+02 4.814427e-01
3.492000e+02 2.589888e+02 4.765532e-01
3.492000e+02 2.593996e+02 4.781747e-01
3.492000e+02 2.588582e+02 4.804266e-01
3.492000e+02 2.588041e+02 4.963123e-01
3.492000e+02 2.577863e+02 4.714072e-01
3.492000e+02 2.591405e+02 4.735868e-01
3.492000e+02 2.573212e+02 4.808598e-01
3.494000e+02 2.667590e+02 4.924383e-01
3.494000e+02 2.655376e+02 4.957549e-01
3.494000e+02 2.658351e+02 4.950856e-01
3.494000e+02 2.653449e+02 4.985325e-01
3.494000e+02 2.660235e+02 4.973569e-01
3.494000e+02 2.661748e+02 4.952341e-01
3.494000e+02 2.658093e+02 4.983181e-01
3.494000e+02 2.662035e+02 4.902850e-01
3.494000e+02 2.662584e+02 4.941756e-01
3.494000e+02 2.660359e+02 4.888097e-01
3.494000e+02 2.666503e+02 4.864561e-01
3.494000e+02 2.667270e+02 5.097274e-01
3.494000e+02 2.654496e+02 5.018166e-01
3.494000e+02 2.662859e+02 5.064193e-01
3.494000e+02 2.653812e+02 4.919307e-01
3.494000e+02 2.652754e+02 4.892077e-01
3.494000e+02 2.645955e+02 4.970886e-01
3.494000e+02 2.654245e+02 5.085136e-01
3.494000e+02 2.661877e+02 4.979104e-01
3.494000e+02 2.654847e+02 4.983829e-01
3.496000e+02 2.744822e+02 5.133920e-01
3.496000e+02 2.736811e+02 4.988396e-01
3.496000e+02 2.733247e+02 5.185964e-01
3.496000e+02 2.723125e+02 5.139905e-01
3.496000e+02 2.733301e+02 5.146856e-01
3.496000e+02 2.727648e+02 5.125476e-01
3.496000e+02 2.732272e+02 5.100393e-01
3.496000e+02 2.727022e+02 5.161631e-01
3.496000e+02 2.734526e+02 5.170780e-01
3.496000e+02 2.738643e+02 5.000736e-01
3.496000e+02 2.734036e+02 5.170693e-01
3.496000e+02 2.734603e+02 5.123011e-01
3.496000e+02 2.740655e+02 5.221514e-01
3.496000e+02 2.737005e+02 5.212623e-01
3.496000e+02 2.731834e+02 5.173926e-01
3.496000e+02 2.728804e+02 5.102351e-01
3.496000e+02 2.735476e+02 5.169895e-01
3.496000e+02 2.734140e+02 5.113236e-01
3.496000e+02 2.731581e+02 5.106257e-01
3.496000e+02 2.736475e+02 5.200090e-01
3.498000e+02 2.811332e+02 5.302721e-01
3.498000e+02 2.810406e+02 5.212895e-01
3.498000e+02 2.799312e+02 5.306338e-01
3.498000e+02 2.806804e+02 5.371657e-01
3.498000e+02 2.808157e+02 5.292397e-01
3.498000e+02 2.805030e+02 5.231910e-01
3.498000e+02 2.806115e+02 5.285378e-01
3.498000e+02 2.802574e+02 5.284534e-01
3.498000e+02 2.809858e+02 5.215554e-01
3.498000e+02 2.812512e+02 5.314886e-01
3.498000e+02 2.795524e+02 5.285616e-01
3.498000e+02 2.811466e+02 5.358013e-01
3.498000e+02 2.803989e+02 5.385248e-01
3.498000e+02 2.805561e+02 5.280366e-01
3.498000e+02 2.823424e+02 5.399154e-01
3.498000e+02 2.804481e+02 5.250099e-01
3.498000e+02 2.807593e+02 5.238644e-01
3.498000e+02 2.804257e+02 5.278341e-01
3.498000e+02 2.799084e+02 5.383146e-01
3.498000e+02 2.793345e+02 5.276634e-01
3.500000e+02 2.883469e+02 5.493852e-01
3.500000e+02 2.871122e+02 5.465602e-01
3.500000e+02 2.878448e+02 5.405507e-01
3.500000e+02 2.862995e+02 5.472785e-01
3.500000e+02 2.876849e+02 5.443887e-01
3.500000e+02 2.874008e+02 5.530277e-01
3.500000e+02 2.879488e+02 5.459761e-01
3.500000e+02 2.870030e+02 5.433541e-01
3.500000e+02 2.871094e+02 5.387033e-01
3.500000e+02 2.878420e+02 5.363743e-01
3.500000e+02 2.876897e+02 5.474861e-01
3.500000e+02 2.875667e+02 5.463884e-01
3.500000e+02 2.879082e+02 5.442681e-01
3.500000e+02 2.870717e+02 5.463061e-01
3.500000e+02 2.864960e+02 5.413139e-01
3.500000e+02 2.870918e+02 5.406967e-01
3.500000e+02 2.872671e+02 5.422294e-01
3.500000e+02 2.876960e+02 5.398196e-01
3.500000e+02 2.876444e+02 5.382346e-01
3.500000e+02 2.872405e+02 5.445308e-01
3.510000e+02 3.192265e+02 6.038479e-01
3.510000e+02 3.193866e+02 6.166426e-01
3.510000e+02 3.201936e+02 6.111716e-01
3.510000e+02 3.185587e+02 6.065226e-01
3.510000e+02 3.193780e+02 6.039948e-01
3.510000e+02 3.193812e+02 6.236537e-01
3.510000e+02 3.200399e+02 6.069957e-01
3.510000e+02 3.199041e+02 6.137275e-01
3.510000e+02 3.201647e+02 6.091956e-01
3.510000e+02 3.192843e+02 6.135184e-01
3.510000e+02 3.192976e+02 6.076105e-01
3.510000e+02 3.183976e+02 6.040189e-01
3.510000e+02 3.198882e+02 6.107478e-01
3.510000e+02 3.195694e+02 6.074367e-01
3.510000e+02 3.198817e+02 6.067266e-01
3.510000e+02 3.201250e+02 6.232105e-01
3.510000e+02 3.201534e+02 6.192779e-01
3.510000e+02 3.194527e+02 6.072315e-01
3.510000e+02 3.194424e+02 6.100502e-01
3.510000e+02 3.190405e+02 6.094307e-01
3.520000e+02 3.485017e+02 6.801740e-01
3.520000e+02 3.485066e+02 6.698619e-01
3.520000e+02 3.472828e+02 6.750550e-01
3.520000e+02 3.472728e+02 6.759657e-01
3.520000e+02 3.483204e+02 6.787545e-01
3.520000e+02 3.483631e+02 6.750681e-01
3.520000e+02 3.483448e+02 6.951466e-01
3.520000e+02 3.478595e+02 6.787130e-01
3.520000e+02 3.480566e+02 6.941660e-01
3.520000e+02 3.482684e+02 6.758883e-01
3.520000e+02 3.477606e+02 6.617343e-01
3.520000e+02 3.478292e+02 6.671304e-01
3.520000e+02 3.500422e+02 6.756097e-01
3.520000e+02 3.476971e+02 6.848168e-01
3.520000e+02 3.476334e+02 6.706028e-01
3.520000e+02 3.483312e+02 6.659759e-01
3.520000e+02 3.486814e+02 6.709875e-01
3.520000e+02 3.473019e+02 6.707064e-01
3.520000e+02 3.487304e+02 6.790372e-01
3.520000e+02 3.484375e+02 6.692755e-01
3.530000e+02 3.738236e+02 7.329374e-01
3.530000e+02 3.732766e+02 7.150651e-01
3.530000e+02 3.740587e+02 7.227394e-01
3.530000e+02 3.751426e+02 7.314232e-01
3.530000e+02 3.739364e+02 7.464620e-01
3.530000e+02 3.747497e+02 7.210146e-01
3.530000e+02 3.740394e+02 7.217325e-01
3.530000e+02 3.736526e+02 7.319258e-01
3.530000e+02 3.737104e+02 7.372066e-01
3.530000e+02 3.729549e+02 7.156762e-01
3.530000e+02 3.741524e+02 7.356093e-01
3.530000e+02 3.725689e+02 7.254217e-01
3.530000e+02 3.738969e+02 7.143369e-01
3.530000e+02 3.742565e+02 7.429926e-01
3.530000e+02 3.735886e+02 7.358022e-01
3.530000e+02 3.741477e+02 7.232202e-01
3.530000e+02 3.741002e+02 7.291199e-01
3.530000e+02 3.747815e+02 7.284641e-01
3.530000e+02 3.740677e+02 7.263133e-01
3.530000e+02 3.742505e+02 7.184054e-01
3.540000e+02 3.980084e+02 7.899294e-01
3.540000e+02 3.967130e+02 7.821668e-01
3.540000e+02 3.975728e+02 7.885257e-01
3.540000e+02 3.982167e+02 7.704914e-01
3.540000e+02 3.983823e+02 7.833895e-01
3.540000e+02 3.981891e+02 7.886216e-01
3.540000e+02 3.966121e+02 7.816054e-01
3.540000e+02 3.954485e+02 7.683337e-01
3.540000e+02 3.981604e+02 7.756587e-01
3.540000e+02 3.977688e+02 7.765483e-01
3.540000e+02 3.977302e+02 7.724041e-01
3.540000e+02 3.972790e+02 7.819852e-01
3.540000e+02 3.961812e+02 7.757989e-01
3.540000e+02 3.972048e+02 7.837965e-01
3.540000e+02 3.975708e+02 7.694098e-01
3.540000e+02 3.958796e+02 7.756978e-01
3.540000e+02 3.973142e+02 7.838762e-01
3.540000e+02 3.968576e+02 7.954948e-01
3.540000e+02 3.978534e+02 7.666211e-01
3.540000e+02 3.973513e+02 7.711319e-01
3.550000e+02 4.197655e+02 8.194511e-01
3.550000e+02 4.194409e+02 8.207175e-01
3.550000e+02 4.190983e+02 8.261062e-01
3.550000e+02 4.186289e+02 8.150287e-01
3.550000e+02 4.172056e+02 8.234416e-01
3.550000e+02 4.192872e+02 8.192924e-01
3.550000e+02 4.186323e+02 8.238269e-01
3.550000e+02 4.185948e+02 8.326672e-01
3.550000e+02 4.175761e+02 8.285240e-01
3.550000e+02 4.192332e+02 8.278981e-01
3.550000e+02 4.191904e+02 8.229021e-01
3.550000e+02 4.184710e+02 8.374502e-01
3.550000e+02 4.168616e+02 8.151928e-01
3.550000e+02 4.191763e+02 8.205724e-01
3.550000e+02 4.200451e+02 8.102310e-01
3.550000e+02 4.188470e+02 8.238179e-01
3.550000e+02 4.191808e+02 8.343532e-01
3.550000e+02 4.179014e+02 8.227032e-01
3.550000e+02 4.181696e+02 8.436525e-01
3.550000e+02 4.188366e+02 8.224287e-01
3.560000e+02 4.377343e+02 8.668041e-01
3.560000e+02 4.381056e+02 8.932515e-01
3.560000e+02 4.366421e+02 8.534937e-01
3.560000e+02 4.392724e+02 8.502921e-01
3.560000e+02 4.394348e+02 8.569213e-01
3.560000e+02 4.377890e+02 8.696234e-01
3.560000e+02 4.378574e+02 8.609961e-01
3.560000e+02 4.400563e+02 8.606053e-01
3.560000e+02 4.394838e+02 8.768547e-01
3.560000e+02 4.396791e+02 8.636625e-01
3.560000e+02 4.398407e+02 8.789206e-01
3.560000e+02 4.405676e+02 8.572841e-01
3.560000e+02 4.392359e+02 8.771193e-01
3.560000e+02 4.399197e+02 8.739956e-01
3.560000e+02 4.408477e+02 8.824564e-01
3.560000e+02 4.391895e+02 8.759769e-01
3.560000e+02 4.368267e+02 8.567553e-01
3.560000e+02 4.389461e+02 8.602797e-01
3.560000e+02 4.401914e+02 8.724781e-01
3.560000e+02 4.376298e+02 8.662366e-01
3.570000e+02 4.586446e+02 9.386504e-01
3.570000e+02 4.563407e+02 9.013207e-01
3.570000e+02 4.566646e+02 8.680338e-01
3.570000e+02 4.578669e+02 9.111261e-01
3.570000e+02 4.570948e+02 9.166493e-01
3.570000e+02 4.581152e+02 9.143842e-01
3.570000e+02 4.578830e+02 9.173127e-01
3.570000e+02 4.569647e+02 8.831168e-01
3.570000e+02 4.562401e+02 9.027663e-01
3.570000e+02 4.561918e+02 9.055071e-01
3.570000e+02 4.584180e+02 9.164665e-01
3.570000e+02 4.572331e+02 9.046453e-01
3.570000e+02 4.570927e+02 9.243603e-01
3.570000e+02 4.574699e+02 8.985414e-01
3.570000e+02 4.571845e+02 9.050505e-01
3.570000e+02 4.558725e+02 8.896946e-01
3.570000e+02 4.570228e+02 9.012023e-01
3.570000e+02 4.575964e+02 9.236555e-01
3.570000e+02 4.561053e+02 8.842022e-01
3.570000e+02 4.581184e+02 9.222026e-01
3.580000e+02 4.752308e+02 9.431024e-01
3.580000e+02 4.748606e+02 9.526481e-01
3.580000e+02 4.763528e+02 9.484612e-01
3.580000e+02 4.746932e+02 9.582013e-01
3.580000e+02 4.745580e+02 9.330088e-01
3.580000e+02 4.727806e+02 9.148634e-01
3.580000e+02 4.743406e+02 9.200770e-01
3.580000e+02 4.749759e+02 9.436629e-01
3.580000e+02 4.749730e+02 9.411498e-01
3.580000e+02 4.732466e+02 9.374344e-01
3.580000e+02 4.760397e+02 9.520026e-01
3.580000e+02 4.756889e+02 9.365297e-01
3.580000e+02 4.748925e+02 9.211823e-01
3.580000e+02 4.755670e+02 9.409361e-01
3.580000e+02 4.749133e+02 9.412198e-01
3.580000e+02 4.750470e+02 9.314303e-01
3.580000e+02 4.751186e+02 9.607997e-01
3.580000e+02 4.743293e+02 9.604169e-01
3.580000e+02 4.734929e+02 9.136089e-01
3.580000e+02 4.752690e+02 9.079882e-01
3.590000e+02 4.900848e+02 9.596422e-01
3.590000e+02 4.896526e+02 9.795157e-01
3.590000e+02 4.911067e+02 9.892077e-01
3.590000e+02 4.915694e+02 1.017849e+00
3.590000e+02 4.911165e+02 9.762948e-01
3.590000e+02 4.896220e+02 9.581583e-01
3.590000e+02 4.895726e+02 9.847418e-01
3.590000e+02 4.899614e+02 9.718861e-01
3.590000e+02 4.903009e+02 9.639960e-01
3.590000e+02 4.911664e+02 9.641638e-01
3.590000e+02 4.908710e+02 9.746585e-01
3.590000e+02 4.910466e+02 9.481424e-01
3.590000e+02 4.912749e+02 9.600581e-01
3.590000e+02 4.913640e+02 9.843451e-01
3.590000e+02 4.911562e+02 9.841671e-01
3.590000e+02 4.913802e+02 9.735112e-01
3.590000e+02 4.906202e+02 9.762754e-01
3.590000e+02 4.910243e+02 9.958679e-01
3.590000e+02 4.893825e+02 9.801357e-01
3.590000e+02 4.905423e+02 9.442199e-01
3.600000e+02 5.050804e+02 1.015772e+00
3.600000e+02 5.047222e+02 1.018884e+00
3.600000e+02 5.057672e+02 1.021082e+00
3.600000e+02 5.062617e+02 1.030427e+00
3.600000e+02 5.060285e+02 9.785173e-01
3.600000e+02 5.063264e+02 1.021139e+00
3.600000e+02 5.051211e+02 1.024581e+00
3.600000e+02 5.064736e+02 1.010859e+00
3.600000e+02 5.039443e+02 1.025093e+00
3.600000e+02 5.056250e+02 1.006797e+00
3.600000e+02 5.059324e+02 1.037105e+00
3.600000e+02 5.062497e+02 1.011958e+00
3.600000e+02 5.046810e+02 1.014395e+00
3.600000e+02 5.045530e+02 9.857431e-01
3.600000e+02 5.066419e+02 9.965581e-01
3.600000e+02 5.045563e+02 1.003436e+00
3.600000e+02 5.050228e+02 1.034012e+00
3.600000e+02 5.041512e+02 1.010877e+00
3.600000e+02 5.042477e+02 1.022590e+00
3.600000e+02 5.071527e+02 1.014625e+00
3.650000e+02 5.671458e+02 1.137928e+00
3.650000e+02 5.696489e+02 1.178965e+00
3.650000e+02 5.685276e+02 1.192450e+00
3.650000e+02 5.686099e+02 1.179210e+00
3.650000e+02 5.693170e+02 1.159243e+00
3.650000e+02 5.689251e+02 1.147642e+00
3.650000e+02 5.678303e+02 1.168688e+00
3.650000e+02 5.680031e+02 1.150214e+00
3.650000e+02 5.692874e+02 1.157792e+00
3.650000e+02 5.671736e+02 1.128016e+00
3.650000e+02 5.675581e+02 1.172150e+00
3.650000e+02 5.701316e+02 1.186780e+00
3.650000e+02 5.685524e+02 1.148369e+00
3.650000e+02 5.690124e+02 1.144309e+00
3.650000e+02 5.685526e+02 1.119705e+00
3.650000e+02 5.678896e+02 1.142823e+00
3.650000e+02 5.689704e+02 1.142588e+00
3.650000e+02 5.667774e+02 1.130796e+00
3.650000e+02 5.677890e+02 1.145861e+00
3.650000e+02 5.672967e+02 1.174973e+00
3.700000e+02 6.164448e+02 1.216533e+00
3.700000e+02 6.145632e+02 1.273916e+00
3.700000e+02 6.154618e+02 1.255709e+00
3.700000e+02 6.164289e+02 1.280575e+00
3.700000e+02 6.158328e+02 1.219579e+00
3.700000e+02 6.172873e+02 1.295654e+00
3.700000e+02 6.178747e+02 1.256676e+00
3.700000e+02 6.159820e+02 1.274753e+00
3.700000e+02 6.163805e+02 1.238559e+00
3.700000e+02 6.146451e+02 1.240030e+00
3.700000e+02 6.143658e+02 1.263555e+00
3.700000e+02 6.154232e+02 1.284954e+00
3.700000e+02 6.165291e+02 1.260326e+00
3.700000e+02 6.162725e+02 1.273561e+00
3.700000e+02 6.183108e+02 1.241236e+00
3.700000e+02 6.166873e+02 1.272470e+00
3.700000e+02 6.170652e+02 1.221726e+00
3.700000e+02 6.154851e+02 1.319303e+00
3.700000e+02 6.144171e+02 1.259184e+00
3.700000e+02 6.157070e+02 1.234742e+00
3.750000e+02 6.541487e+02 1.368453e+00
3.750000e+02 6.532955e+02 1.371854e+00
3.750000e+02 6.528203e+02 1.349054e+00
3.750000e+02 6.535983e+02 1.369909e+00
3.750000e+02 6.546032e+02 1.352577e+00
3.750000e+02 6.545487e+02 1.342506e+00
3.750000e+02 6.511533e+02 1.350557e+00
3.750000e+02 6.523316e+02 1.351510e+00
3.750000e+02 6.526027e+02 1.342737e+00
3.750000e+02 6.498344e+02 1.343037e+00
3.750000e+02 6.536080e+02 1.347070e+00
3.750000e+02 6.528597e+02 1.359761e+00
3.750000e+02 6.540215e+02 1.372422e+00
3.750000e+02 6.529011e+02 1.392530e+00
3.750000e+02 6.518362e+02 1.387185e+00
3.750000e+02 6.517958e+02 1.317164e+00
3.750000e+02 6.521562e+02 1.319427e+00
3.750000e+02 6.527932e+02 1.382671e+00
3.750000e+02 6.528242e+02 1.372107e+00
3.750000e+02 6.542451e+02 1.339519e+00
3.800000e+02 6.800669e+02 1.467784e+00
3.800000e+02 6.795605e+02 1.454407e+00
3.800000e+02 6.815636e+02 1.457743e+00
3.800000e+02 6.813077e+02 1.373843e+00
3.800000e+02 6.821179e+02 1.430160e+00
3.800000e+02 6.810166e+02 1.404629e+00
3.800000e+02 6.784585e+02 1.424953e+00
3.800000e+02 6.818671e+02 1.459928e+00
3.800000e+02 6.818178e+02 1.583509e+00
3.800000e+02 6.821300e+02 1.456224e+00
3.800000e+02 6.834440e+02 1.442349e+00
3.800000e+02 6.841092e+02 1.405154e+00
3.800000e+02 6.803230e+02 1.453073e+00
3.800000e+02 6.792999e+02 1.418024e+00
3.800000e+02 6.827681e+02 1.469512e+00
3.800000e+02 6.801508e+02 1.425852e+00
3.800000e+02 6.809568e+02 1.460129e+00
3.800000e+02 6.835837e+02 1.405661e+00
3.800000e+02 6.822952e+02 1.428277e+00
3.800000e+02 6.806098e+02 1.461448e+00
3.850000e+02 7.071765e+02 1.534140e+00
3.850000e+02 7.053720e+02 1.503395e+00
3.850000e+02 7.041351e+02 1.473636e+00
3.850000e+02 7.040723e+02 1.508913e+00
3.850000e+02 7.048363e+02 1.546197e+00
3.850000e+02 7.055126e+02 1.492153e+00
3.850000e+02 7.027567e+02 1.468778e+00
3.850000e+02 7.032048e+02 1.484455e+00
3.850000e+02 7.060599e+02 1.555683e+00
3.850000e+02 7.035842e+02 1.439551e+00
3.850000e+02 7.041832e+02 1.509951e+00
3.850000e+02 7.076243e+02 1.518175e+00
3.850000e+02 7.045847e+02 1.551209e+00
3.850000e+02 7.040042e+02 1.505760e+00
3.850000e+02 7.029251e+02 1.515147e+00
3.850000e+02 7.088695e+02 1.509878e+00
3.850000e+02 7.047091e+02 1.460187e+00
3.850000e+02 7.050965e+02 1.466058e+00
3.850000e+02 7.056074e+02 1.490745e+00
3.850000e+02 7.048221e+02 1.439004e+00
