3.250000e+02 7.391642e+00 1.337069e-02
3.250000e+02 7.398440e+00 1.322054e-02
3.250000e+02 7.419980e+00 1.319124e-02
3.250000e+02 7.406641e+00 1.335266e-02
3.250000e+02 7.404386e+00 1.326733e-02
3.250000e+02 7.400046e+00 1.320539e-02
3.250000e+02 7.407397e+00 1.338797e-02
3.250000e+02 7.402093e+00 1.330968e-02
3.250000e+02 7.385826e+00 1.342124e-02
3.250000e+02 7.360490e+00 1.319332e-02
3.250000e+02 7.398885e+00 1.328249e-02
3.250000e+02 7.398461e+00 1.336379e-02
3.250000e+02 7.387892e+00 1.318336e-02
3.250000e+02 7.389471e+00 1.330490e-02
3.250000e+02 7.388342e+00 1.324652e-02
3.250000e+02 7.401110e+00 1.334172e-02
3.260000e+02 7.768722e+00 1.410224e-02
3.260000e+02 7.743819e+00 1.406943e-02
3.260000e+02 7.743667e+00 1.400959e-02
3.260000e+02 7.750394e+00 1.412331e-02
3.260000e+02 7.759057e+00 1.394045e-02
3.260000e+02 7.755840e+00 1.394958e-02
3.260000e+02 7.743742e+00 1.407764e-02
3.260000e+02 7.747675e+00 1.403818e-02
3.260000e+02 7.747028e+00 1.411048e-02
3.260000e+02 7.760561e+00 1.398090e-02
3.260000e+02 7.731963e+00 1.397284e-02
3.260000e+02 7.735668e+00 1.412514e-02
3.260000e+02 7.753775e+00 1.406366e-02
3.260000e+02 7.771941e+00 1.394539e-02
3.260000e+02 7.738566e+00 1.398117e-02
3.260000e+02 7.763737e+00 1.418656e-02
3.260000e+02 7.756817e+00 1.399247e-02
3.260000e+02 7.752416e+00 1.399370e-02
3.260000e+02 7.737160e+00 1.397877e-02
3.270000e+02 8.146132e+00 1.496523e-02
3.270000e+02 8.141267e+00 1.472108e-02
3.270000e+02 8.137574e+00 1.476934e-02
3.270000e+02 8.112515e+00 1.483992e-02
3.270000e+02 8.123281e+00 1.484112e-02
3.270000e+02 8.123913e+00 1.472064e-02
3.270000e+02 8.135221e+00 1.480996e-02
3.270000e+02 8.147275e+00 1.472257e-02
3.270000e+02 8.128547e+00 1.483522e-02
3.270000e+02 8.130001e+00 1.469598e-02
3.270000e+02 8.139958e+00 1.467841e-02
3.270000e+02 8.128488e+00 1.468330e-02
3.270000e+02 8.125171e+00 1.482967e-02
3.270000e+02 8.144638e+00 1.472437e-02
3.270000e+02 8.132194e+00 1.477305e-02
3.270000e+02 8.144876e+00 1.471629e-02
3.270000e+02 8.144042e+00 1.472999e-02
3.270000e+02 8.136005e+00 1.476615e-02
3.270000e+02 8.121920e+00 1.471167e-02
3.270000e+02 8.135650e+00 1.476040e-02
3.280000e+02 8.531929e+00 1.555066e-02
3.280000e+02 8.560808e+00 1.558438e-02
3.280000e+02 8.540296e+00 1.547676e-02
3.280000e+02 8.568111e+00 1.543103e-02
3.280000e+02 8.521528e+00 1.555259e-02
3.280000e+02 8.550999e+00 1.553783e-02
3.280000e+02 8.548211e+00 1.546562e-02
3.280000e+02 8.509973e+00 1.543840e-02
3.280000e+02 8.547694e+00 1.562979e-02
3.280000e+02 8.521847e+00 1.567493e-02
3.280000e+02 8.551724e+00 1.543608e-02
3.280000e+02 8.539749e+00 1.557466e-02
3.280000e+02 8.512775e+00 1.545238e-02
3.280000e+02 8.525845e+00 1.545212e-02
3.280000e+02 8.535559e+00 1.548865e-02
3.280000e+02 8.524990e+00 1.544487e-02
3.280000e+02 8.522923e+00 1.573304e-02
3.280000e+02 8.524169e+00 1.569374e-02
3.280000e+02 8.530592e+00 1.573150e-02
3.280000e+02 8.545798e+00 1.557385e-02
3.290000e+02 8.958057e+00 1.639469e-02
3.290000e+02 8.975055e+00 1.647963e-02
3.290000e+02 8.955353e+00 1.634951e-02
3.290000e+02 8.963042e+00 1.643690e-02
3.290000e+02 8.972217e+00 1.653331e-02
3.290000e+02 8.962095e+00 1.646978e-02
3.290000e+02 8.979326e+00 1.664512e-02
3.290000e+02 8.999331e+00 1.650015e-02
3.290000e+02 8.952354e+00 1.640696e-02
3.290000e+02 8.984578e+00 1.661057e-02
3.290000e+02 8.976462e+00 1.665608e-02
3.290000e+02 8.950695e+00 1.645377e-02
3.290000e+02 8.976139e+00 1.648608e-02
3.290000e+02 8.978667e+00 1.648701e-02
3.290000e+02 8.982215e+00 1.639670e-02
3.290000e+02 8.964640e+00 1.635773e-02
3.290000e+02 8.946812e+00 1.626142e-02
3.290000e+02 8.978280e+00 1.670995e-02
3.290000e+02 8.984755e+00 1.651667e-02
3.290000e+02 8.972191e+00 1.642394e-02
3.300000e+02 9.412675e+00 1.725271e-02
3.300000e+02 9.455377e+00 1.732613e-02
3.300000e+02 9.419743e+00 1.735209e-02
3.300000e+02 9.444834e+00 1.738521e-02
3.300000e+02 9.414617e+00 1.746895e-02
3.300000e+02 9.432079e+00 1.744980e-02
3.300000e+02 9.451858e+00 1.758261e-02
3.300000e+02 9.444295e+00 1.735397e-02
3.300000e+02 9.402489e+00 1.738693e-02
3.300000e+02 9.468368e+00 1.754915e-02
3.300000e+02 9.443218e+00 1.733102e-02
3.300000e+02 9.448963e+00 1.747499e-02
3.300000e+02 9.438283e+00 1.755260e-02
3.300000e+02 9.418530e+00 1.744977e-02
3.300000e+02 9.451761e+00 1.749325e-02
3.300000e+02 9.443950e+00 1.746205e-02
3.300000e+02 9.452182e+00 1.752315e-02
3.300000e+02 9.434163e+00 1.742096e-02
3.300000e+02 9.403937e+00 1.738488e-02
3.310000e+02 9.961471e+00 1.854994e-02
3.310000e+02 9.966432e+00 1.867365e-02
3.310000e+02 9.935214e+00 1.844459e-02
3.310000e+02 9.955422e+00 1.845187e-02
3.310000e+02 9.949934e+00 1.836521e-02
3.310000e+02 9.960462e+00 1.865633e-02
3.310000e+02 9.941828e+00 1.855196e-02
3.310000e+02 9.933723e+00 1.846825e-02
3.310000e+02 9.951337e+00 1.826566e-02
3.310000e+02 9.973270e+00 1.864889e-02
3.310000e+02 9.898315e+00 1.854535e-02
3.310000e+02 9.926109e+00 1.855584e-02
3.310000e+02 9.951553e+00 1.838481e-02
3.310000e+02 9.919636e+00 1.842036e-02
3.310000e+02 9.971686e+00 1.818790e-02
3.310000e+02 9.978125e+00 1.844079e-02
3.310000e+02 9.923025e+00 1.865545e-02
3.310000e+02 9.932596e+00 1.873016e-02
3.310000e+02 9.978772e+00 1.874972e-02
3.320000e+02 1.049084e+01 1.951875e-02
3.320000e+02 1.048820e+01 1.958759e-02
3.320000e+02 1.049234e+01 1.950680e-02
3.320000e+02 1.049747e+01 1.969059e-02
3.320000e+02 1.047537e+01 1.955167e-02
3.320000e+02 1.047903e+01 1.983105e-02
3.320000e+02 1.048461e+01 1.950736e-02
3.320000e+02 1.048706e+01 1.953462e-02
3.320000e+02 1.049190e+01 1.945983e-02
3.320000e+02 1.049033e+01 1.950040e-02
3.320000e+02 1.054682e+01 1.973765e-02
3.320000e+02 1.051693e+01 1.995276e-02
3.320000e+02 1.050634e+01 1.968929e-02
3.320000e+02 1.052173e+01 1.950077e-02
3.320000e+02 1.046662e+01 1.960296e-02
3.320000e+02 1.048547e+01 1.930005e-02
3.320000e+02 1.050591e+01 1.948583e-02
3.320000e+02 1.046328e+01 1.949702e-02
3.320000e+02 1.050387e+01 1.978987e-02
3.320000e+02 1.051279e+01 1.996285e-02
3.330000e+02 1.110051e+01 2.101578e-02
3.330000e+02 1.113734e+01 2.121520e-02
3.330000e+02 1.114749e+01 2.098722e-02
3.330000e+02 1.110050e+01 2.106624e-02
3.330000e+02 1.111805e+01 2.133149e-02
3.330000e+02 1.113874e+01 2.126968e-02
3.330000e+02 1.111669e+01 2.083822e-02
3.330000e+02 1.113977e+01 2.092553e-02
3.330000e+02 1.110051e+01 2.073930e-02
3.330000e+02 1.112780e+01 2.097716e-02
3.330000e+02 1.110838e+01 2.099812e-02
3.330000e+02 1.113534e+01 2.084163e-02
3.330000e+02 1.114943e+01 2.108549e-02
3.330000e+02 1.112610e+01 2.094665e-02
3.330000e+02 1.110465e+01 2.109342e-02
3.330000e+02 1.113341e+01 2.098265e-02
3.330000e+02 1.109588e+01 2.095002e-02
3.330000e+02 1.110464e+01 2.095987e-02
3.330000e+02 1.113165e+01 2.101435e-02
3.330000e+02 1.110788e+01 2.075701e-02
3.340000e+02 1.177576e+01 2.273083e-02
3.340000e+02 1.178538e+01 2.276902e-02
3.340000e+02 1.179467e+01 2.272940e-02
3.340000e+02 1.183132e+01 2.283235e-02
3.340000e+02 1.178135e+01 2.255483e-02
3.340000e+02 1.176857e+01 2.223039e-02
3.340000e+02 1.180805e+01 2.269729e-02
3.340000e+02 1.178047e+01 2.250760e-02
3.340000e+02 1.178872e+01 2.268294e-02
3.340000e+02 1.180281e+01 2.258812e-02
3.340000e+02 1.178277e+01 2.253144e-02
3.340000e+02 1.180044e+01 2.246363e-02
3.340000e+02 1.177963e+01 2.272732e-02
3.340000e+02 1.177631e+01 2.256542e-02
3.340000e+02 1.181581e+01 2.264117e-02
3.340000e+02 1.178986e+01 2.230557e-02
3.340000e+02 1.181451e+01 2.267563e-02
3.340000e+02 1.175031e+01 2.230082e-02
3.340000e+02 1.177201e+01 2.225520e-02
3.340000e+02 1.182725e+01 2.250571e-02
3.350000e+02 1.258147e+01 2.403217e-02
3.350000e+02 1.254852e+01 2.406961e-02
3.350000e+02 1.257961e+01 2.440475e-02
3.350000e+02 1.257188e+01 2.423630e-02
3.350000e+02 1.254838e+01 2.421024e-02
3.350000e+02 1.259391e+01 2.384250e-02
3.350000e+02 1.257150e+01 2.393334e-02
3.350000e+02 1.254824e+01 2.405897e-02
3.350000e+02 1.255529e+01 2.408492e-02
3.350000e+02 1.258177e+01 2.402367e-02
3.350000e+02 1.256860e+01 2.407133e-02
3.350000e+02 1.259774e+01 2.391782e-02
3.350000e+02 1.261655e+01 2.414078e-02
3.350000e+02 1.253761e+01 2.400113e-02
3.350000e+02 1.261441e+01 2.388159e-02
3.350000e+02 1.256318e+01 2.434069e-02
3.350000e+02 1.256910e+01 2.403558e-02
3.350000e+02 1.254822e+01 2.429323e-02
3.350000e+02 1.260599e+01 2.413821e-02
3.360000e+02 1.343920e+01 2.576148e-02
3.360000e+02 1.345775e+01 2.594616e-02
3.360000e+02 1.339963e+01 2.582347e-02
3.360000e+02 1.343485e+01 2.557310e-02
3.360000e+02 1.344376e+01 2.624328e-02
3.360000e+02 1.342332e+01 2.625043e-02
3.360000e+02 1.345319e+01 2.611322e-02
3.360000e+02 1.342049e+01 2.631958e-02
3.360000e+02 1.346160e+01 2.573185e-02
3.360000e+02 1.348728e+01 2.612973e-02
3.360000e+02 1.339465e+01 2.564895e-02
3.360000e+02 1.343192e+01 2.612019e-02
3.360000e+02 1.343046e+01 2.613471e-02
3.360000e+02 1.345300e+01 2.594262e-02
3.360000e+02 1.344493e+01 2.544444e-02
3.360000e+02 1.344462e+01 2.635297e-02
3.360000e+02 1.339745e+01 2.552042e-02
3.360000e+02 1.346037e+01 2.598364e-02
3.360000e+02 1.345509e+01 2.602842e-02
3.360000e+02 1.344744e+01 2.567416e-02
3.370000e+02 1.442564e+01 2.856796e-02
3.370000e+02 1.440138e+01 2.829163e-02
3.370000e+02 1.447766e+01 2.867603e-02
3.370000e+02 1.442384e+01 2.809949e-02
3.370000e+02 1.441521e+01 2.840036e-02
3.370000e+02 1.444802e+01 2.852776e-02
3.370000e+02 1.439070e+01 2.870747e-02
3.370000e+02 1.442864e+01 2.821630e-02
3.370000e+02 1.442851e+01 2.815502e-02
3.370000e+02 1.448557e+01 2.875337e-02
3.370000e+02 1.445125e+01 2.881286e-02
3.370000e+02 1.446705e+01 2.814106e-02
3.370000e+02 1.444928e+01 2.864958e-02
3.370000e+02 1.442088e+01 2.846806e-02
3.370000e+02 1.444985e+01 2.863471e-02
3.370000e+02 1.445587e+01 2.855565e-02
3.370000e+02 1.444865e+01 2.801773e-02
3.370000e+02 1.448374e+01 2.847034e-02
3.370000e+02 1.446605e+01 2.830360e-02
3.380000e+02 1.564487e+01 3.105149e-02
3.380000e+02 1.556746e+01 3.105194e-02
3.380000e+02 1.557434e+01 3.092877e-02
3.380000e+02 1.561844e+01 3.103751e-02
3.380000e+02 1.561489e+01 3.164074e-02
3.380000e+02 1.560658e+01 3.106415e-02
3.380000e+02 1.562125e+01 3.141442e-02
3.380000e+02 1.563768e+01 3.100630e-02
3.380000e+02 1.558638e+01 3.149135e-02
3.380000e+02 1.566178e+01 3.187361e-02
3.380000e+02 1.557475e+01 3.072160e-02
3.380000e+02 1.562828e+01 3.087284e-02
3.380000e+02 1.559171e+01 3.102124e-02
3.380000e+02 1.563890e+01 3.096969e-02
3.380000e+02 1.555162e+01 3.154385e-02
3.380000e+02 1.557621e+01 3.076440e-02
3.380000e+02 1.564262e+01 3.084543e-02
3.380000e+02 1.565249e+01 3.097342e-02
3.380000e+02 1.564588e+01 3.139820e-02
3.390000e+02 1.698214e+01 3.467052e-02
3.390000e+02 1.696013e+01 3.410176e-02
3.390000e+02 1.702247e+01 3.357118e-02
3.390000e+02 1.696162e+01 3.399058e-02
3.390000e+02 1.702511e+01 3.384042e-02
3.390000e+02 1.702766e+01 3.517793e-02
3.390000e+02 1.697748e+01 3.448474e-02
3.390000e+02 1.698668e+01 3.405345e-02
3.390000e+02 1.696509e+01 3.389767e-02
3.390000e+02 1.696166e+01 3.441598e-02
3.390000e+02 1.701385e+01 3.403260e-02
3.390000e+02 1.705232e+01 3.391687e-02
3.390000e+02 1.699541e+01 3.473880e-02
3.390000e+02 1.699888e+01 3.386705e-02
3.390000e+02 1.697618e+01 3.422135e-02
3.390000e+02 1.699669e+01 3.379953e-02
3.390000e+02 1.704574e+01 3.430976e-02
3.390000e+02 1.701685e+01 3.369202e-02
3.390000e+02 1.702925e+01 3.445251e-02
3.400000e+02 1.870992e+01 3.812981e-02
3.400000e+02 1.870268e+01 3.838536e-02
3.400000e+02 1.861042e+01 3.856296e-02
3.400000e+02 1.870388e+01 3.769390e-02
3.400000e+02 1.869768e+01 3.770282e-02
3.400000e+02 1.871895e+01 3.751530e-02
3.400000e+02 1.869018e+01 3.886966e-02
3.400000e+02 1.872688e+01 3.850667e-02
3.400000e+02 1.868300e+01 3.794760e-02
3.400000e+02 1.866950e+01 3.804061e-02
3.400000e+02 1.867591e+01 3.838627e-02
3.400000e+02 1.868673e+01 3.866358e-02
3.400000e+02 1.869378e+01 3.776348e-02
3.400000e+02 1.869817e+01 3.891549e-02
3.400000e+02 1.869559e+01 3.885089e-02
3.400000e+02 1.865061e+01 3.873206e-02
3.400000e+02 1.868307e+01 3.835818e-02
3.400000e+02 1.876326e+01 3.885993e-02
3.400000e+02 1.868669e+01 3.817383e-02
3.400000e+02 1.870226e+01 3.724226e-02
3.402000e+02 1.906801e+01 3.848572e-02
3.402000e+02 1.909089e+01 3.936406e-02
3.402000e+02 1.905007e+01 3.923726e-02
3.402000e+02 1.901107e+01 3.816432e-02
3.402000e+02 1.906608e+01 3.884323e-02
3.402000e+02 1.905947e+01 3.956490e-02
3.402000e+02 1.899566e+01 3.952107e-02
3.402000e+02 1.915062e+01 3.939410e-02
3.402000e+02 1.911545e+01 4.021766e-02
3.402000e+02 1.912253e+01 4.009656e-02
3.402000e+02 1.910423e+01 3.782303e-02
3.402000e+02 1.910322e+01 3.893640e-02
3.402000e+02 1.912571e+01 3.891215e-02
3.402000e+02 1.903988e+01 3.834910e-02
3.402000e+02 1.906054e+01 3.978290e-02
3.402000e+02 1.907048e+01 3.939593e-02
3.402000e+02 1.909944e+01 3.923547e-02
3.402000e+02 1.903153e+01 3.868538e-02
3.402000e+02 1.915609e+01 3.958644e-02
3.402000e+02 1.912593e+01 3.894671e-02
3.404000e+02 1.949938e+01 4.062552e-02
3.404000e+02 1.953759e+01 4.090632e-02
3.404000e+02 1.946520e+01 3.935866e-02
3.404000e+02 1.955539e+01 4.015352e-02
3.404000e+02 1.948467e+01 4.176097e-02
3.404000e+02 1.949130e+01 3.968060e-02
3.404000e+02 1.953359e+01 4.050743e-02
3.404000e+02 1.950306e+01 3.976473e-02
3.404000e+02 1.952374e+01 3.993970e-02
3.404000e+02 1.952384e+01 4.120528e-02
3.404000e+02 1.944964e+01 3.985617e-02
3.404000e+02 1.950163e+01 4.026851e-02
3.404000e+02 1.945202e+01 4.100787e-02
3.404000e+02 1.948171e+01 4.045728e-02
3.404000e+02 1.948928e+01 4.075454e-02
3.404000e+02 1.949039e+01 3.995741e-02
3.404000e+02 1.950400e+01 4.044510e-02
3.404000e+02 1.954223e+01 3.991051e-02
3.404000e+02 1.949938e+01 4.034019e-02
3.404000e+02 1.944234e+01 3.987222e-02
3.406000e+02 1.988377e+01 4.063677e-02
3.406000e+02 2.001599e+01 4.061216e-02
3.406000e+02 1.985789e+01 4.073183e-02
3.406000e+02 1.994418e+01 4.141272e-02
3.406000e+02 1.992776e+01 4.142701e-02
3.406000e+02 1.994086e+01 4.204585e-02
3.406000e+02 1.989355e+01 4.126857e-02
3.406000e+02 1.988399e+01 4.076098e-02
3.406000e+02 1.995094e+01 4.074322e-02
3.406000e+02 1.990947e+01 4.130520e-02
3.406000e+02 1.986858e+01 4.004182e-02
3.406000e+02 1.992095e+01 4.172983e-02
3.406000e+02 1.985173e+01 4.075928e-02
3.406000e+02 1.995205e+01 4.151539e-02
3.406000e+02 1.991126e+01 4.070642e-02
3.406000e+02 1.991514e+01 4.078413e-02
3.406000e+02 1.985356e+01 4.039800e-02
3.406000e+02 1.996784e+01 4.116921e-02
3.406000e+02 1.987290e+01 4.201540e-02
3.408000e+02 2.041392e+01 4.262258e-02
3.408000e+02 2.041213e+01 4.219685e-02
3.408000e+02 2.034300e+01 4.237376e-02
3.408000e+02 2.034924e+01 4.192035e-02
3.408000e+02 2.037537e+01 4.164505e-02
3.408000e+02 2.033190e+01 4.243999e-02
3.408000e+02 2.028653e+01 4.214508e-02
3.408000e+02 2.035990e+01 4.188575e-02
3.408000e+02 2.034668e+01 4.184410e-02
3.408000e+02 2.041380e+01 4.257534e-02
3.408000e+02 2.032434e+01 4.162849e-02
3.408000e+02 2.043131e+01 4.166797e-02
3.408000e+02 2.040504e+01 4.218492e-02
3.408000e+02 2.034085e+01 4.202051e-02
3.408000e+02 2.043756e+01 4.326159e-02
3.408000e+02 2.042624e+01 4.140562e-02
3.408000e+02 2.036293e+01 4.087511e-02
3.408000e+02 2.034289e+01 4.151753e-02
3.408000e+02 2.031507e+01 4.169585e-02
3.408000e+02 2.036739e+01 4.291747e-02
3.410000e+02 2.080103e+01 4.439303e-02
3.410000e+02 2.085076e+01 4.362487e-02
3.410000e+02 2.087118e+01 4.240925e-02
3.410000e+02 2.085794e+01 4.274818e-02
3.410000e+02 2.079619e+01 4.382800e-02
3.410000e+02 2.079430e+01 4.230925e-02
3.410000e+02 2.098214e+01 4.395023e-02
3.410000e+02 2.072610e+01 4.365628e-02
3.410000e+02 2.078773e+01 4.241383e-02
3.410000e+02 2.083210e+01 4.334941e-02
3.410000e+02 2.080872e+01 4.354165e-02
3.410000e+02 2.077948e+01 4.352797e-02
3.410000e+02 2.084904e+01 4.296054e-02
3.410000e+02 2.089860e+01 4.293087e-02
3.410000e+02 2.078949e+01 4.260107e-02
3.410000e+02 2.082334e+01 4.321372e-02
3.410000e+02 2.079930e+01 4.347438e-02
3.410000e+02 2.085684e+01 4.252600e-02
3.410000e+02 2.088738e+01 4.335627e-02
3.410000e+02 2.085964e+01 4.255004e-02
3.412000e+02 2.129223e+01 4.420626e-02
3.412000e+02 2.131245e+01 4.389365e-02
3.412000e+02 2.137898e+01 4.463828e-02
3.412000e+02 2.134476e+01 4.347008e-02
3.412000e+02 2.131088e+01 4.410789e-02
3.412000e+02 2.136567e+01 4.526888e-02
3.412000e+02 2.132893e+01 4.386742e-02
3.412000e+02 2.134817e+01 4.480107e-02
3.412000e+02 2.132137e+01 4.424658e-02
3.412000e+02 2.131305e+01 4.525071e-02
3.412000e+02 2.129053e+01 4.542587e-02
3.412000e+02 2.132334e+01 4.348092e-02
3.412000e+02 2.135215e+01 4.409764e-02
3.412000e+02 2.134696e+01 4.522672e-02
3.412000e+02 2.129574e+01 4.417340e-02
3.412000e+02 2.129103e+01 4.499097e-02
3.412000e+02 2.129249e+01 4.492121e-02
3.412000e+02 2.135371e+01 4.397336e-02
3.412000e+02 2.135605e+01 4.489501e-02
3.412000e+02 2.128259e+01 4.497209e-02
3.414000e+02 2.188191e+01 4.524424e-02
3.414000e+02 2.190959e+01 4.582369e-02
3.414000e+02 2.189413e+01 4.563209e-02
3.414000e+02 2.195070e+01 4.526307e-02
3.414000e+02 2.186419e+01 4.605224e-02
3.414000e+02 2.194686e+01 4.587202e-02
3.414000e+02 2.186108e+01 4.671495e-02
3.414000e+02 2.188317e+01 4.548983e-02
3.414000e+02 2.186017e+01 4.697203e-02
3.414000e+02 2.180119e+01 4.545333e-02
3.414000e+02 2.187396e+01 4.535974e-02
3.414000e+02 2.174011e+01 4.534698e-02
3.414000e+02 2.181513e+01 4.642221e-02
3.414000e+02 2.186555e+01 4.682960e-02
3.414000e+02 2.187686e+01 4.657922e-02
3.414000e+02 2.182881e+01 4.621431e-02
3.414000e+02 2.192101e+01 4.652551e-02
3.414000e+02 2.186595e+01 4.572625e-02
3.414000e+02 2.183441e+01 4.650772e-02
3.414000e+02 2.195828e+01 4.637037e-02
3.416000e+02 2.245633e+01 4.782303e-02
3.416000e+02 2.239196e+01 4.666593e-02
3.416000e+02 2.244094e+01 4.654449e-02
3.416000e+02 2.243975e+01 4.728385e-02
3.416000e+02 2.240582e+01 4.632500e-02
3.416000e+02 2.235895e+01 4.686678e-02
3.416000e+02 2.243552e+01 4.677024e-02
3.416000e+02 2.244269e+01 4.570738e-02
3.416000e+02 2.239165e+01 4.678696e-02
3.416000e+02 2.238633e+01 4.770699e-02
3.416000e+02 2.240804e+01 4.715179e-02
3.416000e+02 2.239700e+01 4.751247e-02
3.416000e+02 2.241701e+01 4.606658e-02
3.416000e+02 2.251049e+01 4.792681e-02
3.416000e+02 2.241988e+01 4.573368e-02
3.416000e+02 2.247432e+01 4.823609e-02
3.416000e+02 2.244901e+01 4.671077e-02
3.416000e+02 2.248902e+01 4.645635e-02
3.418000e+02 2.298745e+01 4.917246e-02
3.418000e+02 2.294554e+01 4.830785e-02
3.418000e+02 2.298602e+01 4.833466e-02
3.418000e+02 2.294068e+01 4.784770e-02
3.418000e+02 2.297833e+01 4.701216e-02
3.418000e+02 2.308342e+01 4.789660e-02
3.418000e+02 2.296972e+01 4.808664e-02
3.418000e+02 2.298446e+01 4.932305e-02
3.418000e+02 2.302257e+01 4.844990e-02
3.418000e+02 2.301131e+01 4.770005e-02
3.418000e+02 2.296950e+01 4.791566e-02
3.418000e+02 2.298085e+01 4.857221e-02
3.418000e+02 2.304082e+01 4.874051e-02
3.418000e+02 2.297057e+01 4.835265e-02
3.418000e+02 2.294386e+01 4.836250e-02
3.418000e+02 2.295642e+01 4.683736e-02
3.418000e+02 2.297343e+01 4.835623e-02
3.418000e+02 2.297503e+01 4.750829e-02
3.418000e+02 2.296317e+01 4.856222e-02
3.420000e+02 2.363711e+01 5.003439e-02
3.420000e+02 2.372008e+01 4.964961e-02
3.420000e+02 2.358766e+01 5.111266e-02
3.420000e+02 2.362600e+01 4.865470e-02
3.420000e+02 2.358217e+01 5.024071e-02
3.420000e+02 2.361034e+01 5.048144e-02
3.420000e+02 2.365224e+01 4.979411e-02
3.420000e+02 2.365412e+01 5.195360e-02
3.420000e+02 2.360767e+01 5.019456e-02
3.420000e+02 2.359949e+01 5.176576e-02
3.420000e+02 2.366607e+01 5.041294e-02
3.420000e+02 2.360788e+01 4.873827e-02
3.420000e+02 2.358931e+01 5.052624e-02
3.420000e+02 2.357916e+01 4.941274e-02
3.420000e+02 2.358382e+01 4.897214e-02
3.420000e+02 2.359250e+01 4.942311e-02
3.420000e+02 2.358373e+01 5.243755e-02
3.420000e+02 2.361027e+01 4.978234e-02
3.420000e+02 2.352930e+01 4.900898e-02
3.420000e+02 2.355150e+01 4.948059e-02
3.422000e+02 2.423969e+01 5.138649e-02
3.422000e+02 2.430226e+01 5.090420e-02
3.422000e+02 2.426663e+01 5.091315e-02
3.422000e+02 2.421915e+01 4.977596e-02
3.422000e+02 2.423067e+01 5.293017e-02
3.422000e+02 2.428987e+01 5.174938e-02
3.422000e+02 2.422389e+01 5.205862e-02
3.422000e+02 2.429907e+01 5.211817e-02
3.422000e+02 2.419251e+01 5.431065e-02
3.422000e+02 2.424625e+01 5.127948e-02
3.422000e+02 2.423939e+01 5.060861e-02
3.422000e+02 2.426026e+01 5.315532e-02
3.422000e+02 2.434458e+01 5.066314e-02
3.422000e+02 2.432330e+01 5.162840e-02
3.422000e+02 2.430861e+01 5.218928e-02
3.422000e+02 2.427708e+01 5.206208e-02
3.422000e+02 2.425001e+01 5.180121e-02
3.422000e+02 2.430922e+01 5.098660e-02
3.422000e+02 2.429332e+01 5.175024e-02
3.422000e+02 2.419776e+01 5.347611e-02
3.424000e+02 2.488687e+01 5.297711e-02
3.424000e+02 2.499207e+01 5.274868e-02
3.424000e+02 2.487784e+01 5.278561e-02
3.424000e+02 2.485649e+01 5.344417e-02
3.424000e+02 2.501606e+01 5.401503e-02
3.424000e+02 2.492394e+01 5.397511e-02
3.424000e+02 2.502731e+01 5.341775e-02
3.424000e+02 2.505328e+01 5.366714e-02
3.424000e+02 2.493485e+01 5.468117e-02
3.424000e+02 2.501966e+01 5.297576e-02
3.424000e+02 2.494754e+01 5.243381e-02
3.424000e+02 2.495015e+01 5.115895e-02
3.424000e+02 2.497165e+01 5.298915e-02
3.424000e+02 2.493942e+01 5.217196e-02
3.424000e+02 2.495863e+01 5.320645e-02
3.424000e+02 2.497057e+01 5.405528e-02
3.424000e+02 2.493594e+01 5.459114e-02
3.424000e+02 2.499187e+01 5.156589e-02
3.424000e+02 2.504580e+01 5.285707e-02
3.424000e+02 2.496153e+01 5.322790e-02
3.426000e+02 2.575314e+01 5.632128e-02
3.426000e+02 2.576548e+01 5.482973e-02
3.426000e+02 2.560659e+01 5.433600e-02
3.426000e+02 2.568983e+01 5.552845e-02
3.426000e+02 2.569785e+01 5.427393e-02
3.426000e+02 2.575576e+01 5.401071e-02
3.426000e+02 2.570075e+01 5.459419e-02
3.426000e+02 2.574988e+01 5.649172e-02
3.426000e+02 2.571840e+01 5.512719e-02
3.426000e+02 2.566921e+01 5.499253e-02
3.426000e+02 2.570657e+01 5.647019e-02
3.426000e+02 2.573127e+01 5.528228e-02
3.426000e+02 2.568494e+01 5.431029e-02
3.426000e+02 2.578856e+01 5.486230e-02
3.426000e+02 2.566540e+01 5.663118e-02
3.426000e+02 2.573374e+01 5.269251e-02
3.426000e+02 2.575781e+01 5.638878e-02
3.426000e+02 2.564073e+01 5.481647e-02
3.426000e+02 2.575405e+01 5.565198e-02
3.426000e+02 2.568962e+01 5.571854e-02
3.428000e+02 2.657827e+01 5.885584e-02
3.428000e+02 2.645306e+01 5.712343e-02
3.428000e+02 2.653128e+01 5.779263e-02
3.428000e+02 2.647663e+01 5.838187e-02
3.428000e+02 2.651784e+01 5.655836e-02
3.428000e+02 2.655924e+01 5.588901e-02
3.428000e+02 2.660157e+01 5.706816e-02
3.428000e+02 2.655261e+01 5.958092e-02
3.428000e+02 2.645864e+01 5.967914e-02
3.428000e+02 2.648250e+01 5.680969e-02
3.428000e+02 2.656942e+01 5.661904e-02
3.428000e+02 2.645678e+01 5.852299e-02
3.428000e+02 2.656555e+01 5.700378e-02
3.428000e+02 2.663014e+01 5.738342e-02
3.428000e+02 2.654982e+01 5.535581e-02
3.428000e+02 2.658730e+01 5.588605e-02
3.428000e+02 2.654309e+01 5.734294e-02
3.428000e+02 2.658392e+01 5.983156e-02
3.428000e+02 2.653054e+01 5.768244e-02
3.428000e+02 2.650627e+01 5.806187e-02
3.430000e+02 2.732422e+01 5.824407e-02
3.430000e+02 2.743081e+01 5.996144e-02
3.430000e+02 2.746857e+01 5.943065e-02
3.430000e+02 2.748434e+01 6.038597e-02
3.430000e+02 2.735847e+01 5.979517e-02
3.430000e+02 2.746983e+01 6.271930e-02
3.430000e+02 2.740580e+01 5.785914e-02
3.430000e+02 2.746023e+01 5.954365e-02
3.430000e+02 2.740467e+01 6.133046e-02
3.430000e+02 2.742612e+01 5.944534e-02
3.430000e+02 2.730847e+01 6.248152e-02
3.430000e+02 2.743084e+01 6.070003e-02
3.430000e+02 2.736836e+01 5.927368e-02
3.430000e+02 2.740791e+01 5.922659e-02
3.430000e+02 2.745656e+01 5.866991e-02
3.430000e+02 2.740555e+01 6.087768e-02
3.430000e+02 2.739701e+01 5.997561e-02
3.430000e+02 2.748319e+01 5.942619e-02
3.430000e+02 2.750086e+01 5.835876e-02
3.430000e+02 2.732446e+01 5.939725e-02
3.432000e+02 2.855825e+01 6.116556e-02
3.432000e+02 2.842664e+01 6.029040e-02
3.432000e+02 2.829080e+01 6.095975e-02
3.432000e+02 2.843775e+01 6.240983e-02
3.432000e+02 2.834247e+01 6.138697e-02
3.432000e+02 2.839648e+01 6.188994e-02
3.432000e+02 2.826093e+01 6.248368e-02
3.432000e+02 2.839382e+01 6.214096e-02
3.432000e+02 2.826170e+01 6.141200e-02
3.432000e+02 2.833223e+01 6.258175e-02
3.432000e+02 2.839235e+01 6.116386e-02
3.432000e+02 2.829084e+01 6.132999e-02
3.432000e+02 2.828722e+01 5.985409e-02
3.432000e+02 2.838839e+01 6.048795e-02
3.432000e+02 2.837455e+01 6.272338e-02
3.432000e+02 2.840717e+01 6.282823e-02
3.432000e+02 2.841549e+01 6.181022e-02
3.432000e+02 2.833564e+01 6.144459e-02
3.432000e+02 2.830636e+01 6.213132e-02
3.434000e+02 2.941111e+01 6.459636e-02
3.434000e+02 2.940224e+01 6.335828e-02
3.434000e+02 2.934883e+01 6.460607e-02
3.434000e+02 2.940537e+01 6.438585e-02
3.434000e+02 2.951241e+01 6.572750e-02
3.434000e+02 2.939583e+01 6.576333e-02
3.434000e+02 2.948336e+01 6.366854e-02
3.434000e+02 2.946016e+01 6.453195e-02
3.434000e+02 2.936763e+01 6.290732e-02
3.434000e+02 2.944646e+01 6.561990e-02
3.434000e+02 2.938116e+01 6.319628e-02
3.434000e+02 2.940232e+01 6.356077e-02
3.434000e+02 2.941825e+01 6.382870e-02
3.434000e+02 2.954582e+01 6.560791e-02
3.434000e+02 2.941736e+01 6.372591e-02
3.434000e+02 2.937836e+01 6.320346e-02
3.434000e+02 2.943637e+01 6.383507e-02
3.434000e+02 2.958723e+01 6.199576e-02
3.434000e+02 2.941881e+01 6.489937e-02
3.436000e+02 3.058324e+01 6.602980e-02
3.436000e+02 3.059984e+01 6.802122e-02
3.436000e+02 3.064891e+01 6.883426e-02
3.436000e+02 3.062619e+01 6.738953e-02
3.436000e+02 3.048145e+01 6.552201e-02
3.436000e+02 3.056827e+01 6.536363e-02
3.436000e+02 3.059584e+01 6.626777e-02
3.436000e+02 3.061442e+01 6.687545e-02
3.436000e+02 3.053865e+01 6.686698e-02
3.436000e+02 3.052748e+01 6.836981e-02
3.436000e+02 3.064987e+01 6.613015e-02
3.436000e+02 3.063407e+01 6.600223e-02
3.436000e+02 3.060788e+01 6.664688e-02
3.436000e+02 3.049259e+01 6.894012e-02
3.436000e+02 3.056544e+01 6.742359e-02
3.436000e+02 3.051673e+01 6.624492e-02
3.436000e+02 3.056962e+01 6.843751e-02
3.436000e+02 3.051603e+01 6.960407e-02
3.436000e+02 3.064755e+01 6.503183e-02
3.436000e+02 3.059795e+01 6.690917e-02
3.438000e+02 3.197505e+01 7.086973e-02
3.438000e+02 3.175561e+01 7.240215e-02
3.438000e+02 3.186069e+01 7.014275e-02
3.438000e+02 3.180308e+01 7.011873e-02
3.438000e+02 3.186553e+01 6.818955e-02
3.438000e+02 3.182335e+01 7.049482e-02
3.438000e+02 3.193385e+01 6.962062e-02
3.438000e+02 3.178909e+01 6.820499e-02
3.438000e+02 3.188505e+01 7.143324e-02
3.438000e+02 3.181820e+01 6.875038e-02
3.438000e+02 3.182473e+01 6.837731e-02
3.438000e+02 3.168129e+01 6.723630e-02
3.438000e+02 3.179134e+01 6.834670e-02
3.438000e+02 3.180915e+01 6.901958e-02
3.438000e+02 3.174197e+01 7.343107e-02
3.438000e+02 3.183559e+01 6.938649e-02
3.438000e+02 3.172551e+01 6.598377e-02
3.438000e+02 3.188981e+01 6.890206e-02
3.438000e+02 3.181778e+01 7.133172e-02
3.438000e+02 3.188516e+01 7.059165e-02
3.440000e+02 3.330587e+01 7.129841e-02
3.440000e+02 3.312163e+01 7.599224e-02
3.440000e+02 3.331999e+01 7.476989e-02
3.440000e+02 3.299213e+01 7.580944e-02
3.440000e+02 3.321400e+01 7.060458e-02
3.440000e+02 3.331372e+01 7.386469e-02
3.440000e+02 3.318786e+01 7.196199e-02
3.440000e+02 3.318811e+01 6.868915e-02
3.440000e+02 3.331659e+01 7.489485e-02
3.440000e+02 3.323277e+01 7.291964e-02
3.440000e+02 3.320291e+01 7.580490e-02
3.440000e+02 3.310020e+01 6.973726e-02
3.440000e+02 3.327460e+01 7.288547e-02
3.440000e+02 3.317258e+01 7.438721e-02
3.440000e+02 3.330665e+01 7.338377e-02
3.440000e+02 3.321389e+01 7.272182e-02
3.440000e+02 3.332228e+01 7.254669e-02
3.440000e+02 3.320838e+01 7.190867e-02
3.440000e+02 3.314223e+01 7.460030e-02
3.442000e+02 3.477336e+01 7.918717e-02
3.442000e+02 3.472317e+01 7.585090e-02
3.442000e+02 3.472491e+01 7.415077e-02
3.442000e+02 3.461409e+01 7.713496e-02
3.442000e+02 3.481843e+01 7.834031e-02
3.442000e+02 3.454166e+01 7.571348e-02
3.442000e+02 3.473561e+01 7.758303e-02
3.442000e+02 3.465753e+01 7.804387e-02
3.442000e+02 3.475246e+01 7.772716e-02
3.442000e+02 3.462543e+01 7.685999e-02
3.442000e+02 3.474252e+01 7.564445e-02
3.442000e+02 3.480998e+01 7.757919e-02
3.442000e+02 3.471982e+01 7.573498e-02
3.442000e+02 3.468373e+01 7.670084e-02
3.442000e+02 3.487278e+01 7.638702e-02
3.442000e+02 3.503905e+01 7.778381e-02
3.442000e+02 3.480073e+01 7.781848e-02
3.442000e+02 3.484245e+01 7.789525e-02
3.442000e+02 3.467345e+01 7.767665e-02
3.444000e+02 3.639308e+01 7.867403e-02
3.444000e+02 3.652245e+01 8.128039e-02
3.444000e+02 3.644002e+01 8.710798e-02
3.444000e+02 3.652470e+01 8.344129e-02
3.444000e+02 3.625329e+01 8.229098e-02
3.444000e+02 3.652012e+01 8.069290e-02
3.444000e+02 3.654714e+01 7.824606e-02
3.444000e+02 3.645565e+01 8.086188e-02
3.444000e+02 3.646826e+01 7.915123e-02
3.444000e+02 3.651085e+01 8.243045e-02
3.444000e+02 3.658193e+01 8.147615e-02
3.444000e+02 3.645266e+01 8.417189e-02
3.444000e+02 3.664453e+01 7.804089e-02
3.444000e+02 3.661483e+01 8.017129e-02
3.444000e+02 3.655188e+01 8.361057e-02
3.444000e+02 3.657077e+01 8.220402e-02
3.444000e+02 3.644013e+01 8.266359e-02
3.444000e+02 3.651715e+01 7.996520e-02
3.444000e+02 3.647631e+01 8.045936e-02
3.444000e+02 3.653980e+01 8.350958e-02
3.446000e+02 3.853595e+01 8.624325e-02
3.446000e+02 3.840272e+01 8.730730e-02
3.446000e+02 3.842772e+01 8.787216e-02
3.446000e+02 3.855740e+01 8.659058e-02
3.446000e+02 3.863523e+01 8.760802e-02
3.446000e+02 3.832280e+01 8.489511e-02
3.446000e+02 3.844793e+01 8.729054e-02
3.446000e+02 3.842207e+01 8.456032e-02
3.446000e+02 3.840731e+01 8.712730e-02
3.446000e+02 3.842447e+01 8.684838e-02
3.446000e+02 3.846218e+01 8.963324e-02
3.446000e+02 3.846379e+01 8.488837e-02
3.446000e+02 3.848781e+01 8.615716e-02
3.446000e+02 3.849607e+01 8.690683e-02
3.446000e+02 3.837371e+01 8.761027e-02
3.446000e+02 3.839384e+01 8.435201e-02
3.446000e+02 3.831855e+01 9.098633e-02
3.446000e+02 3.849807e+01 8.821196e-02
3.446000e+02 3.855414e+01 8.629509e-02
3.448000e+02 4.073866e+01 9.183774e-02
3.448000e+02 4.077227e+01 9.241736e-02
3.448000e+02 4.081396e+01 9.362533e-02
3.448000e+02 4.071748e+01 9.358594e-02
3.448000e+02 4.065040e+01 8.973012e-02
3.448000e+02 4.068084e+01 9.101159e-02
3.448000e+02 4.073529e+01 9.126019e-02
3.448000e+02 4.079040e+01 8.766146e-02
3.448000e+02 4.054836e+01 9.342198e-02
3.448000e+02 4.074765e+01 9.414420e-02
3.448000e+02 4.077513e+01 8.985909e-02
3.448000e+02 4.073190e+01 8.862665e-02
3.448000e+02 4.067420e+01 9.359173e-02
3.448000e+02 4.084667e+01 8.978143e-02
3.448000e+02 4.082266e+01 9.292470e-02
3.448000e+02 4.094897e+01 9.554406e-02
3.448000e+02 4.081336e+01 8.932268e-02
3.448000e+02 4.066318e+01 9.093385e-02
3.448000e+02 4.076218e+01 8.984336e-02
3.448000e+02 4.071252e+01 9.433000e-02
3.450000e+02 4.330345e+01 9.709120e-02
3.450000e+02 4.320280e+01 9.749779e-02
3.450000e+02 4.297739e+01 9.854163e-02
3.450000e+02 4.325320e+01 9.811782e-02
3.450000e+02 4.332156e+01 9.861564e-02
3.450000e+02 4.347944e+01 1.057904e-01
3.450000e+02 4.320288e+01 9.977978e-02
3.450000e+02 4.337520e+01 9.844158e-02
3.450000e+02 4.319651e+01 9.647614e-02
3.450000e+02 4.317738e+01 9.651265e-02
3.450000e+02 4.316746e+01 9.554976e-02
3.450000e+02 4.322858e+01 9.655468e-02
3.450000e+02 4.312407e+01 9.640203e-02
3.450000e+02 4.321154e+01 9.516452e-02
3.450000e+02 4.327103e+01 9.738697e-02
3.450000e+02 4.319740e+01 1.033276e-01
3.450000e+02 4.322035e+01 9.960131e-02
3.450000e+02 4.325085e+01 9.793877e-02
3.450000e+02 4.330749e+01 9.754704e-02
3.450000e+02 4.315313e+01 1.005757e-01
3.452000e+02 4.612990e+01 1.064590e-01
3.452000e+02 4.633076e+01 1.049782e-01
3.452000e+02 4.614048e+01 1.067591e-01
3.452000e+02 4.618339e+01 1.053856e-01
3.452000e+02 4.604192e+01 1.072806e-01
3.452000e+02 4.612070e+01 1.053302e-01
3.452000e+02 4.603283e+01 1.026491e-01
3.452000e+02 4.610625e+01 1.041709e-01
3.452000e+02 4.597678e+01 1.018867e-01
3.452000e+02 4.620227e+01 1.045740e-01
3.452000e+02 4.613203e+01 1.066971e-01
3.452000e+02 4.609865e+01 1.020590e-01
3.452000e+02 4.608591e+01 1.070706e-01
3.452000e+02 4.601477e+01 1.067859e-01
3.452000e+02 4.618853e+01 1.049540e-01
3.452000e+02 4.600215e+01 1.069963e-01
3.452000e+02 4.623152e+01 1.090662e-01
3.452000e+02 4.615355e+01 1.054257e-01
3.452000e+02 4.625143e+01 1.033699e-01
3.454000e+02 4.955495e+01 1.224278e-01
3.454000e+02 4.963706e+01 1.105474e-01
3.454000e+02 4.952033e+01 1.127466e-01
3.454000e+02 4.943352e+01 1.168127e-01
3.454000e+02 4.951707e+01 1.140287e-01
3.454000e+02 4.934384e+01 1.135729e-01
3.454000e+02 4.961205e+01 1.158320e-01
3.454000e+02 4.936591e+01 1.187787e-01
3.454000e+02 4.941917e+01 1.139453e-01
3.454000e+02 4.946307e+01 1.169762e-01
3.454000e+02 4.962202e+01 1.159272e-01
3.454000e+02 4.959489e+01 1.120590e-01
3.454000e+02 4.962566e+01 1.176546e-01
3.454000e+02 4.967646e+01 1.145545e-01
3.454000e+02 4.948402e+01 1.120366e-01
3.454000e+02 4.951126e+01 1.112643e-01
3.454000e+02 4.958866e+01 1.153284e-01
3.454000e+02 4.927162e+01 1.152631e-01
3.456000e+02 5.343203e+01 1.228658e-01
3.456000e+02 5.331725e+01 1.209553e-01
3.456000e+02 5.332527e+01 1.226420e-01
3.456000e+02 5.329900e+01 1.209079e-01
3.456000e+02 5.326114e+01 1.213699e-01
3.456000e+02 5.313975e+01 1.239704e-01
3.456000e+02 5.317070e+01 1.225667e-01
3.456000e+02 5.332621e+01 1.212902e-01
3.456000e+02 5.376345e+01 1.229640e-01
3.456000e+02 5.368465e+01 1.264021e-01
3.456000e+02 5.329260e+01 1.244989e-01
3.456000e+02 5.314243e+01 1.278339e-01
3.456000e+02 5.331516e+01 1.251108e-01
3.456000e+02 5.323453e+01 1.236845e-01
3.456000e+02 5.336456e+01 1.217304e-01
3.456000e+02 5.327751e+01 1.247281e-01
3.456000e+02 5.354556e+01 1.240883e-01
3.456000e+02 5.342037e+01 1.339834e-01
3.456000e+02 5.340148e+01 1.225575e-01
3.456000e+02 5.334574e+01 1.255761e-01
3.458000e+02 5.736858e+01 1.369021e-01
3.458000e+02 5.795718e+01 1.340566e-01
3.458000e+02 5.748611e+01 1.312059e-01
3.458000e+02 5.740179e+01 1.322812e-01
3.458000e+02 5.759142e+01 1.335165e-01
3.458000e+02 5.772673e+01 1.347736e-01
3.458000e+02 5.772588e+01 1.322901e-01
3.458000e+02 5.764330e+01 1.351151e-01
3.458000e+02 5.792960e+01 1.309035e-01
3.458000e+02 5.782297e+01 1.335429e-01
3.458000e+02 5.779333e+01 1.342984e-01
3.458000e+02 5.769509e+01 1.417354e-01
3.458000e+02 5.763498e+01 1.381497e-01
3.458000e+02 5.785975e+01 1.324141e-01
3.458000e+02 5.782142e+01 1.366004e-01
3.458000e+02 5.778805e+01 1.339286e-01
3.458000e+02 5.782290e+01 1.369942e-01
3.458000e+02 5.756109e+01 1.480326e-01
3.458000e+02 5.782418e+01 1.393252e-01
3.460000e+02 6.258457e+01 1.473742e-01
3.460000e+02 6.266561e+01 1.466545e-01
3.460000e+02 6.280754e+01 1.496028e-01
3.460000e+02 6.266818e+01 1.495708e-01
3.460000e+02 6.276465e+01 1.502709e-01
3.460000e+02 6.278906e+01 1.423079e-01
3.460000e+02 6.256273e+01 1.411157e-01
3.460000e+02 6.250449e+01 1.471016e-01
3.460000e+02 6.272813e+01 1.450916e-01
3.460000e+02 6.267978e+01 1.422259e-01
3.460000e+02 6.273615e+01 1.414567e-01
3.460000e+02 6.267317e+01 1.488867e-01
3.460000e+02 6.282247e+01 1.473726e-01
3.460000e+02 6.257116e+01 1.460735e-01
3.460000e+02 6.252068e+01 1.433582e-01
3.460000e+02 6.246681e+01 1.536943e-01
3.460000e+02 6.268301e+01 1.455771e-01
3.460000e+02 6.273722e+01 1.510617e-01
3.460000e+02 6.263655e+01 1.438208e-01
3.460000e+02 6.258858e+01 1.502323e-01
3.462000e+02 6.807898e+01 1.632712e-01
3.462000e+02 6.821061e+01 1.627205e-01
3.462000e+02 6.818794e+01 1.684376e-01
3.462000e+02 6.835177e+01 1.605871e-01
3.462000e+02 6.794345e+01 1.632571e-01
3.462000e+02 6.807363e+01 1.580204e-01
3.462000e+02 6.809194e+01 1.595624e-01
3.462000e+02 6.817307e+01 1.632478e-01
3.462000e+02 6.831380e+01 1.554043e-01
3.462000e+02 6.810882e+01 1.643656e-01
3.462000e+02 6.815876e+01 1.602389e-01
3.462000e+02 6.823007e+01 1.600669e-01
3.462000e+02 6.791901e+01 1.605903e-01
3.462000e+02 6.816363e+01 1.630141e-01
3.462000e+02 6.823171e+01 1.761840e-01
3.462000e+02 6.798652e+01 1.591288e-01
3.462000e+02 6.812104e+01 1.618863e-01
3.462000e+02 6.809760e+01 1.606658e-01
3.464000e+02 7.418345e+01 1.552103e-01
3.464000e+02 7.395585e+01 1.625247e-01
3.464000e+02 7.431457e+01 1.616092e-01
3.464000e+02 7.397579e+01 1.606691e-01
3.464000e+02 7.450340e+01 1.617289e-01
3.464000e+02 7.424972e+01 1.623992e-01
3.464000e+02 7.388583e+01 1.591257e-01
3.464000e+02 7.416813e+01 1.558614e-01
3.464000e+02 7.451818e+01 1.636534e-01
3.464000e+02 7.410666e+01 1.616697e-01
3.464000e+02 7.391497e+01 1.607456e-01
3.464000e+02 7.437527e+01 1.612493e-01
3.464000e+02 7.406022e+01 1.662125e-01
3.464000e+02 7.421254e+01 1.624646e-01
3.464000e+02 7.401930e+01 1.580305e-01
3.464000e+02 7.436011e+01 1.667217e-01
3.464000e+02 7.419207e+01 1.657113e-01
3.464000e+02 7.434124e+01 1.565741e-01
3.464000e+02 7.401930e+01 1.628904e-01
3.464000e+02 7.405781e+01 1.599330e-01
3.466000e+02 8.065928e+01 1.726269e-01
3.466000e+02 8.055664e+01 1.747167e-01
3.466000e+02 8.054352e+01 1.787023e-01
3.466000e+02 8.065824e+01 1.735727e-01
3.466000e+02 8.051812e+01 1.726397e-01
3.466000e+02 8.066734e+01 1.749516e-01
3.466000e+02 8.068321e+01 1.755382e-01
3.466000e+02 8.078683e+01 1.799086e-01
3.466000e+02 8.049113e+01 1.713163e-01
3.466000e+02 8.102092e+01 1.797882e-01
3.466000e+02 8.055720e+01 1.749790e-01
3.466000e+02 8.032062e+01 1.750266e-01
3.466000e+02 8.049757e+01 1.705215e-01
3.466000e+02 8.084220e+01 1.746970e-01
3.466000e+02 8.063447e+01 1.744160e-01
3.466000e+02 8.075539e+01 1.744600e-01
3.466000e+02 8.080998e+01 1.750767e-01
3.466000e+02 8.073940e+01 1.734311e-01
3.466000e+02 8.064034e+01 1.794789e-01
3.466000e+02 8.083912e+01 1.760721e-01
3.468000e+02 8.707454e+01 1.866187e-01
3.468000e+02 8.752699e+01 1.877825e-01
3.468000e+02 8.748947e+01 1.908675e-01
3.468000e+02 8.769153e+01 1.902258e-01
3.468000e+02 8.735020e+01 1.864045e-01
3.468000e+02 8.753879e+01 1.842365e-01
3.468000e+02 8.736020e+01 1.892818e-01
3.468000e+02 8.741262e+01 1.931702e-01
3.468000e+02 8.743884e+01 1.959838e-01
3.468000e+02 8.770221e+01 1.891663e-01
3.468000e+02 8.748624e+01 1.884322e-01
3.468000e+02 8.719647e+01 1.864292e-01
3.468000e+02 8.733892e+01 1.882666e-01
3.468000e+02 8.717821e+01 1.983452e-01
3.468000e+02 8.706300e+01 1.847221e-01
3.468000e+02 8.752929e+01 1.850869e-01
3.468000e+02 8.733331e+01 1.874778e-01
3.468000e+02 8.706229e+01 1.927918e-01
3.468000e+02 8.758385e+01 1.881613e-01
3.468000e+02 8.723505e+01 1.907174e-01
3.470000e+02 9.400824e+01 2.025094e-01
3.470000e+02 9.459178e+01 2.072878e-01
3.470000e+02 9.419554e+01 2.017757e-01
3.470000e+02 9.411679e+01 1.997479e-01
3.470000e+02 9.463573e+01 2.060452e-01
3.470000e+02 9.429919e+01 2.119354e-01
3.470000e+02 9.423655e+01 2.025976e-01
3.470000e+02 9.437620e+01 1.999245e-01
3.470000e+02 9.415081e+01 2.074509e-01
3.470000e+02 9.404570e+01 2.038875e-01
3.470000e+02 9.422713e+01 2.057447e-01
3.470000e+02 9.457566e+01 2.021903e-01
3.470000e+02 9.443626e+01 2.016241e-01
3.470000e+02 9.468599e+01 2.002884e-01
3.470000e+02 9.475104e+01 2.018032e-01
3.470000e+02 9.414923e+01 2.061090e-01
3.470000e+02 9.434074e+01 2.062149e-01
3.470000e+02 9.426971e+01 2.088723e-01
3.470000e+02 9.441763e+01 2.022795e-01
3.470000e+02 9.420764e+01 2.049681e-01
3.472000e+02 1.018059e+02 2.172537e-01
3.472000e+02 1.010169e+02 2.178521e-01
3.472000e+02 1.010815e+02 2.122064e-01
3.472000e+02 1.014182e+02 2.228670e-01
3.472000e+02 1.015149e+02 2.149660e-01
3.472000e+02 1.013588e+02 2.173472e-01
3.472000e+02 1.012868e+02 2.184947e-01
3.472000e+02 1.015409e+02 2.160180e-01
3.472000e+02 1.012300e+02 2.162651e-01
3.472000e+02 1.012545e+02 2.155892e-01
3.472000e+02 1.012704e+02 2.160793e-01
3.472000e+02 1.016731e+02 2.185021e-01
3.472000e+02 1.013539e+02 2.177914e-01
3.472000e+02 1.013264e+02 2.111650e-01
3.472000e+02 1.009171e+02 2.148329e-01
3.472000e+02 1.011612e+02 2.165819e-01
3.472000e+02 1.011134e+02 2.171538e-01
3.472000e+02 1.014171e+02 2.164528e-01
3.472000e+02 1.013821e+02 2.151520e-01
3.472000e+02 1.016587e+02 2.203944e-01
3.474000e+02 1.083762e+02 2.308084e-01
3.474000e+02 1.082057e+02 2.352215e-01
3.474000e+02 1.084256e+02 2.387334e-01
3.474000e+02 1.087070e+02 2.311382e-01
3.474000e+02 1.084781e+02 2.337633e-01
3.474000e+02 1.086172e+02 2.266396e-01
3.474000e+02 1.082912e+02 2.257421e-01
3.474000e+02 1.079615e+02 2.328588e-01
3.474000e+02 1.085388e+02 2.303000e-01
3.474000e+02 1.084137e+02 2.361133e-01
3.474000e+02 1.081194e+02 2.366097e-01
3.474000e+02 1.086434e+02 2.349033e-01
3.474000e+02 1.081559e+02 2.304263e-01
3.474000e+02 1.081085e+02 2.303397e-01
3.474000e+02 1.084405e+02 2.339322e-01
3.474000e+02 1.081987e+02 2.312220e-01
3.474000e+02 1.084619e+02 2.306036e-01
3.474000e+02 1.083594e+02 2.364268e-01
3.474000e+02 1.083784e+02 2.331119e-01
3.474000e+02 1.082465e+02 2.278390e-01
3.476000e+02 1.150838e+02 2.491523e-01
3.476000e+02 1.154258e+02 2.465109e-01
3.476000e+02 1.151513e+02 2.468077e-01
3.476000e+02 1.153221e+02 2.490460e-01
3.476000e+02 1.152322e+02 2.486346e-01
3.476000e+02 1.155960e+02 2.492018e-01
3.476000e+02 1.153642e+02 2.477096e-01
3.476000e+02 1.151717e+02 2.551445e-01
3.476000e+02 1.154245e+02 2.478450e-01
3.476000e+02 1.151457e+02 2.411567e-01
3.476000e+02 1.158201e+02 2.509847e-01
3.476000e+02 1.155804e+02 2.472965e-01
3.476000e+02 1.155233e+02 2.575656e-01
3.476000e+02 1.157212e+02 2.422540e-01
3.476000e+02 1.155610e+02 2.539377e-01
3.476000e+02 1.149404e+02 2.521902e-01
3.476000e+02 1.154920e+02 2.479670e-01
3.476000e+02 1.154110e+02 2.468181e-01
3.476000e+02 1.153838e+02 2.447354e-01
3.476000e+02 1.153862e+02 2.490952e-01
3.478000e+02 1.224248e+02 2.650242e-01
3.478000e+02 1.224550e+02 2.617219e-01
3.478000e+02 1.222627e+02 2.581781e-01
3.478000e+02 1.226530e+02 2.685334e-01
3.478000e+02 1.222639e+02 2.619662e-01
3.478000e+02 1.223562e+02 2.579482e-01
3.478000e+02 1.221886e+02 2.580109e-01
3.478000e+02 1.228231e+02 2.702007e-01
3.478000e+02 1.226415e+02 2.659404e-01
3.478000e+02 1.226937e+02 2.655213e-01
3.478000e+02 1.222463e+02 2.595367e-01
3.478000e+02 1.225226e+02 2.652099e-01
3.478000e+02 1.220036e+02 2.684537e-01
3.478000e+02 1.223506e+02 2.594163e-01
3.478000e+02 1.221674e+02 2.611119e-01
3.478000e+02 1.221702e+02 2.612004e-01
3.478000e+02 1.225268e+02 2.699006e-01
3.478000e+02 1.221828e+02 2.592074e-01
3.478000e+02 1.221299e+02 2.609484e-01
3.478000e+02 1.224282e+02 2.683704e-01
3.480000e+02 1.290852e+02 2.824912e-01
3.480000e+02 1.294573e+02 2.841063e-01
3.480000e+02 1.292513e+02 2.805272e-01
3.480000e+02 1.291225e+02 2.799043e-01
3.480000e+02 1.293859e+02 2.813295e-01
3.480000e+02 1.295489e+02 2.805122e-01
3.480000e+02 1.290316e+02 2.833794e-01
3.480000e+02 1.289171e+02 2.771873e-01
3.480000e+02 1.295293e+02 2.773319e-01
3.480000e+02 1.297768e+02 2.822372e-01
3.480000e+02 1.291642e+02 2.758823e-01
3.480000e+02 1.291605e+02 2.819787e-01
3.480000e+02 1.290531e+02 2.785706e-01
3.480000e+02 1.292440e+02 2.790408e-01
3.480000e+02 1.291911e+02 2.826478e-01
3.480000e+02 1.286612e+02 2.970557e-01
3.480000e+02 1.286118e+02 2.829859e-01
3.480000e+02 1.292622e+02 2.825669e-01
3.480000e+02 1.290908e+02 2.770609e-01
3.480000e+02 1.293091e+02 2.803551e-01
3.482000e+02 1.356320e+02 2.964040e-01
3.482000e+02 1.357347e+02 2.913657e-01
3.482000e+02 1.361184e+02 2.983019e-01
3.482000e+02 1.355653e+02 2.938359e-01
3.482000e+02 1.357991e+02 2.943714e-01
3.482000e+02 1.351957e+02 2.924235e-01
3.482000e+02 1.361598e+02 2.992572e-01
3.482000e+02 1.362347e+02 2.925276e-01
3.482000e+02 1.355394e+02 2.990585e-01
3.482000e+02 1.356605e+02 2.956839e-01
3.482000e+02 1.357889e+02 2.957475e-01
3.482000e+02 1.359075e+02 2.973496e-01
3.482000e+02 1.355721e+02 2.931577e-01
3.482000e+02 1.364278e+02 2.944763e-01
3.482000e+02 1.358964e+02 2.914926e-01
3.482000e+02 1.360279e+02 2.969083e-01
3.482000e+02 1.359645e+02 2.953069e-01
3.482000e+02 1.356452e+02 2.954107e-01
3.482000e+02 1.361757e+02 2.920717e-01
3.484000e+02 1.421473e+02 3.156082e-01
3.484000e+02 1.420168e+02 3.127503e-01
3.484000e+02 1.424868e+02 3.109311e-01
3.484000e+02 1.422496e+02 3.093248e-01
3.484000e+02 1.420507e+02 3.159177e-01
3.484000e+02 1.425368e+02 3.244182e-01
3.484000e+02 1.429045e+02 3.058205e-01
3.484000e+02 1.417069e+02 3.145608e-01
3.484000e+02 1.425062e+02 3.081831e-01
3.484000e+02 1.423594e+02 3.109007e-01
3.484000e+02 1.420530e+02 3.063583e-01
3.484000e+02 1.417954e+02 3.099258e-01
3.484000e+02 1.423579e+02 3.052722e-01
3.484000e+02 1.422765e+02 3.085121e-01
3.484000e+02 1.426565e+02 3.091813e-01
3.484000e+02 1.418527e+02 3.078062e-01
3.484000e+02 1.417308e+02 3.023509e-01
3.484000e+02 1.427456e+02 3.168186e-01
3.484000e+02 1.421206e+02 3.048339e-01
3.484000e+02 1.420871e+02 3.051171e-01
3.486000e+02 1.483476e+02 3.235916e-01
3.486000e+02 1.488983e+02 3.227009e-01
3.486000e+02 1.488297e+02 3.196787e-01
3.486000e+02 1.491011e+02 3.279821e-01
3.486000e+02 1.487878e+02 3.210178e-01
3.486000e+02 1.492464e+02 3.387230e-01
3.486000e+02 1.490130e+02 3.264083e-01
3.486000e+02 1.489308e+02 3.318126e-01
3.486000e+02 1.492278e+02 3.271604e-01
3.486000e+02 1.486017e+02 3.191952e-01
3.486000e+02 1.499506e+02 3.372219e-01
3.486000e+02 1.491742e+02 3.331128e-01
3.486000e+02 1.485464e+02 3.205683e-01
3.486000e+02 1.487189e+02 3.262783e-01
3.486000e+02 1.488547e+02 3.227325e-01
3.486000e+02 1.487027e+02 3.239218e-01
3.486000e+02 1.491966e+02 3.290603e-01
3.486000e+02 1.490607e+02 3.424231e-01
3.486000e+02 1.488101e+02 3.203484e-01
3.486000e+02 1.484768e+02 3.218580e-01
3.488000e+02 1.554168e+02 3.385932e-01
3.488000e+02 1.546260e+02 3.322015e-01
3.488000e+02 1.553494e+02 3.431634e-01
3.488000e+02 1.550410e+02 3.422090e-01
3.488000e+02 1.555175e+02 3.440467e-01
3.488000e+02 1.554525e+02 3.335197e-01
3.488000e+02 1.556398e+02 3.462817e-01
3.488000e+02 1.551761e+02 3.414930e-01
3.488000e+02 1.553616e+02 3.441894e-01
3.488000e+02 1.558345e+02 3.424031e-01
3.488000e+02 1.554827e+02 3.364196e-01
3.488000e+02 1.549433e+02 3.402263e-01
3.488000e+02 1.546251e+02 3.377101e-01
3.488000e+02 1.548916e+02 3.361303e-01
3.488000e+02 1.553076e+02 3.372870e-01
3.488000e+02 1.558028e+02 3.427738e-01
3.488000e+02 1.552008e+02 3.398503e-01
3.488000e+02 1.549305e+02 3.374648e-01
3.490000e+02 1.605115e+02 3.529748e-01
3.490000e+02 1.611165e+02 3.484039e-01
3.490000e+02 1.612901e+02 3.494215e-01
3.490000e+02 1.614786e+02 3.456116e-01
3.490000e+02 1.620933e+02 3.621172e-01
3.490000e+02 1.616301e+02 3.587838e-01
3.490000e+02 1.617483e+02 3.590303e-01
3.490000e+02 1.612186e+02 3.536873e-01
3.490000e+02 1.613349e+02 3.586070e-01
3.490000e+02 1.614439e+02 3.528400e-01
3.490000e+02 1.617212e+02 3.519350e-01
3.490000e+02 1.615923e+02 3.596980e-01
3.490000e+02 1.615002e+02 3.497245e-01
3.490000e+02 1.612416e+02 3.547262e-01
3.490000e+02 1.610130e+02 3.476916e-01
3.490000e+02 1.612688e+02 3.576979e-01
3.490000e+02 1.612283e+02 3.468740e-01
3.490000e+02 1.613144e+02 3.500410e-01
3.490000e+02 1.616326e+02 3.573179e-01
3.490000e+02 1.615319e+02 3.505629e-01
3.492000e+02 1.674360e+02 3.720825e-01
3.492000e+02 1.675106e+02 3.811517e-01
3.492000e+02 1.675282e+02 3.586218e-01
3.492000e+02 1.680970e+02 3.694473e-01
3.492000e+02 1.670481e+02 3.739736e-01
3.492000e+02 1.674995e+02 3.684270e-01
3.492000e+02 1.676772e+02 3.786706e-01
3.492000e+02 1.675596e+02 3.701381e-01
3.492000e+02 1.674620e+02 3.691283e-01
3.492000e+02 1.675414e+02 3.651639e-01
3.492000e+02 1.674567e+02 3.675823e-01
3.492000e+02 1.673517e+02 3.658224e-01
3.492000e+02 1.673210e+02 3.704525e-01
3.492000e+02 1.679379e+02 3.671785e-01
3.492000e+02 1.678344e+02 3.849325e-01
3.492000e+02 1.673570e+02 3.599555e-01
3.492000e+02 1.675221e+02 3.659245e-01
3.492000e+02 1.674900e+02 3.638172e-01
3.492000e+02 1.673217e+02 3.755270e-01
3.492000e+02 1.674713e+02 3.691694e-01
3.494000e+02 1.735445e+02 3.806589e-01
3.494000e+02 1.736174e+02 3.855130e-01
3.494000e+02 1.735959e+02 3.833835e-01
3.494000e+02 1.729362e+02 3.847161e-01
3.494000e+02 1.739483e+02 3.895185e-01
3.494000e+02 1.733621e+02 3.837546e-01
3.494000e+02 1.732601e+02 3.784549e-01
3.494000e+02 1.734959e+02 3.843998e-01
3.494000e+02 1.733852e+02 3.743612e-01
3.494000e+02 1.728702e+02 3.861346e-01
3.494000e+02 1.734350e+02 3.881833e-01
3.494000e+02 1.739589e+02 3.868571e-01
3.494000e+02 1.733752e+02 3.830745e-01
3.494000e+02 1.735540e+02 3.722303e-01
3.494000e+02 1.743059e+02 3.925203e-01
3.494000e+02 1.726327e+02 3.736617e-01
3.494000e+02 1.739818e+02 3.759554e-01
3.494000e+02 1.736051e+02 3.758296e-01
3.494000e+02 1.732322e+02 3.772708e-01
3.494000e+02 1.738543e+02 3.884027e-01
3.496000e+02 1.789388e+02 3.990820e-01
3.496000e+02 1.789253e+02 3.943459e-01
3.496000e+02 1.799902e+02 3.886769e-01
3.496000e+02 1.794719e+02 3.987380e-01
3.496000e+02 1.783744e+02 3.889191e-01
3.496000e+02 1.784553e+02 3.869180e-01
3.496000e+02 1.795164e+02 3.993602e-01
3.496000e+02 1.793377e+02 4.040352e-01
3.496000e+02 1.787519e+02 3.980516e-01
3.496000e+02 1.793501e+02 3.987793e-01
3.496000e+02 1.793600e+02 4.014466e-01
3.496000e+02 1.793979e+02 3.999651e-01
3.496000e+02 1.785377e+02 3.980842e-01
3.496000e+02 1.786277e+02 3.922656e-01
3.496000e+02 1.799333e+02 3.921222e-01
3.496000e+02 1.789837e+02 3.901050e-01
3.496000e+02 1.788765e+02 4.032285e-01
3.496000e+02 1.793839e+02 3.941386e-01
3.496000e+02 1.785746e+02 3.981816e-01
3.496000e+02 1.794672e+02 4.020715e-01
3.498000e+02 1.855546e+02 4.178426e-01
3.498000e+02 1.852860e+02 4.159046e-01
3.498000e+02 1.853193e+02 4.064226e-01
3.498000e+02 1.843923e+02 4.041381e-01
3.498000e+02 1.851600e+02 4.008983e-01
3.498000e+02 1.845389e+02 4.179648e-01
3.498000e+02 1.847365e+02 4.053325e-01
3.498000e+02 1.848204e+02 4.054086e-01
3.498000e+02 1.852881e+02 4.120642e-01
3.498000e+02 1.850863e+02 4.119074e-01
3.498000e+02 1.848737e+02 4.075202e-01
3.498000e+02 1.848763e+02 4.108917e-01
3.498000e+02 1.846787e+02 4.105390e-01
3.498000e+02 1.842556e+02 4.030254e-01
3.498000e+02 1.853688e+02 4.161270e-01
3.498000e+02 1.848006e+02 4.138443e-01
3.498000e+02 1.845498e+02 4.120794e-01
3.500000e+02 1.912504e+02 4.364409e-01
3.500000e+02 1.902761e+02 4.348370e-01
3.500000e+02 1.904309e+02 4.285325e-01
3.500000e+02 1.904271e+02 4.239571e-01
3.500000e+02 1.903945e+02 4.202626e-01
3.500000e+02 1.902359e+02 4.275256e-01
3.500000e+02 1.906036e+02 4.236627e-01
3.500000e+02 1.902418e+02 4.239677e-01
3.500000e+02 1.909417e+02 4.285344e-01
3.500000e+02 1.907071e+02 4.162090e-01
3.500000e+02 1.900796e+02 4.252225e-01
3.500000e+02 1.905992e+02 4.274553e-01
3.500000e+02 1.904960e+02 4.289183e-01
3.500000e+02 1.906704e+02 4.208818e-01
3.500000e+02 1.908344e+02 4.145924e-01
3.500000e+02 1.908597e+02 4.180345e-01
3.500000e+02 1.904345e+02 4.265116e-01
3.500000e+02 1.900457e+02 4.197770e-01
3.500000e+02 1.907871e+02 4.191183e-01
3.500000e+02 1.904667e+02 4.220274e-01
3.510000e+02 2.172626e+02 4.985203e-01
3.510000e+02 2.172243e+02 4.862068e-01
3.510000e+02 2.171595e+02 5.000274e-01
3.510000e+02 2.169061e+02 4.949619e-01
3.510000e+02 2.167479e+02 4.939742e-01
3.510000e+02 2.159077e+02 4.987814e-01
3.510000e+02 2.166940e+02 4.984388e-01
3.510000e+02 2.177491e+02 4.976404e-01
3.510000e+02 2.167170e+02 5.002137e-01
3.510000e+02 2.162507e+02 5.011340e-01
3.510000e+02 2.176521e+02 5.040091e-01
3.510000e+02 2.172126e+02 5.122522e-01
3.510000e+02 2.166815e+02 4.860453e-01
3.510000e+02 2.163068e+02 4.994218e-01
3.510000e+02 2.169560e+02 4.943395e-01
3.510000e+02 2.163458e+02 4.953484e-01
3.510000e+02 2.171139e+02 5.034227e-01
3.510000e+02 2.175033e+02 4.904779e-01
3.510000e+02 2.174314e+02 4.945841e-01
3.520000e+02 2.411940e+02 5.637774e-01
3.520000e+02 2.416214e+02 5.626863e-01
3.520000e+02 2.405917e+02 5.533690e-01
3.520000e+02 2.414484e+02 5.528785e-01
3.520000e+02 2.406414e+02 5.563109e-01
3.520000e+02 2.407621e+02 5.695477e-01
3.520000e+02 2.410368e+02 5.788119e-01
3.520000e+02 2.422310e+02 5.637281e-01
3.520000e+02 2.415462e+02 5.624143e-01
3.520000e+02 2.404633e+02 5.631138e-01
3.520000e+02 2.411239e+02 5.596459e-01
3.520000e+02 2.415851e+02 5.580444e-01
3.520000e+02 2.409266e+02 5.525383e-01
3.520000e+02 2.410619e+02 5.603849e-01
3.520000e+02 2.414930e+02 5.588266e-01
3.520000e+02 2.408907e+02 5.640832e-01
3.520000e+02 2.406118e+02 5.624657e-01
3.520000e+02 2.413686e+02 5.624660e-01
3.520000e+02 2.410577e+02 5.628308e-01
3.520000e+02 2.404470e+02 5.546340e-01
3.530000e+02 2.643536e+02 6.130522e-01
3.530000e+02 2.646812e+02 6.190923e-01
3.530000e+02 2.647739e+02 6.244661e-01
3.530000e+02 2.644655e+02 6.222296e-01
3.530000e+02 2.640236e+02 6.194833e-01
3.530000e+02 2.634775e+02 6.113685e-01
3.530000e+02 2.636588e+02 6.285999e-01
3.530000e+02 2.635267e+02 6.099061e-01
3.530000e+02 2.628633e+02 6.216506e-01
3.530000e+02 2.638014e+02 6.130862e-01
3.530000e+02 2.640123e+02 6.182324e-01
3.530000e+02 2.636398e+02 6.064397e-01
3.530000e+02 2.639185e+02 6.172093e-01
3.530000e+02 2.632430e+02 6.311783e-01
3.530000e+02 2.637335e+02 6.149287e-01
3.530000e+02 2.638095e+02 6.150909e-01
3.530000e+02 2.641207e+02 6.084571e-01
3.530000e+02 2.644466e+02 6.244625e-01
3.530000e+02 2.638088e+02 6.174763e-01
3.530000e+02 2.639951e+02 6.205219e-01
3.540000e+02 2.840065e+02 6.650343e-01
3.540000e+02 2.845620e+02 6.685510e-01
3.540000e+02 2.850923e+02 6.738218e-01
3.540000e+02 2.845055e+02 6.704506e-01
3.540000e+02 2.846810e+02 6.657294e-01
3.540000e+02 2.854225e+02 6.675377e-01
3.540000e+02 2.845427e+02 6.627125e-01
3.540000e+02 2.846094e+02 6.730315e-01
3.540000e+02 2.836130e+02 6.634158e-01
3.540000e+02 2.844471e+02 6.722967e-01
3.540000e+02 2.851874e+02 6.555846e-01
3.540000e+02 2.857261e+02 6.661384e-01
3.540000e+02 2.852165e+02 6.617947e-01
3.540000e+02 2.853620e+02 6.675699e-01
3.540000e+02 2.846675e+02 6.496025e-01
3.540000e+02 2.848154e+02 6.564487e-01
3.540000e+02 2.838751e+02 6.850563e-01
3.540000e+02 2.846205e+02 6.797857e-01
3.540000e+02 2.842641e+02 6.564388e-01
3.550000e+02 3.054675e+02 7.257723e-01
3.550000e+02 3.044790e+02 7.120042e-01
3.550000e+02 3.039851e+02 7.166120e-01
3.550000e+02 3.037122e+02 7.133092e-01
3.550000e+02 3.044221e+02 6.972849e-01
3.550000e+02 3.041995e+02 7.262652e-01
3.550000e+02 3.050370e+02 7.115407e-01
3.550000e+02 3.039068e+02 7.137319e-01
3.550000e+02 3.026750e+02 7.143277e-01
3.550000e+02 3.050705e+02 7.190649e-01
3.550000e+02 3.043416e+02 7.380213e-01
3.550000e+02 3.031537e+02 7.261222e-01
3.550000e+02 3.043623e+02 7.214602e-01
3.550000e+02 3.045862e+02 7.336990e-01
3.550000e+02 3.049934e+02 7.231013e-01
3.550000e+02 3.040910e+02 7.095892e-01
3.550000e+02 3.043717e+02 7.323402e-01
3.550000e+02 3.056469e+02 7.229379e-01
3.550000e+02 3.034365e+02 7.199761e-01
3.550000e+02 3.046292e+02 7.005964e-01
3.560000e+02 3.235634e+02 7.492745e-01
3.560000e+02 3.225539e+02 7.482001e-01
3.560000e+02 3.227239e+02 7.720317e-01
3.560000e+02 3.216482e+02 7.628123e-01
3.560000e+02 3.216203e+02 7.668909e-01
3.560000e+02 3.228711e+02 7.526158e-01
3.560000e+02 3.234805e+02 7.748314e-01
3.560000e+02 3.219858e+02 7.465318e-01
3.560000e+02 3.221048e+02 7.771078e-01
3.560000e+02 3.223339e+02 7.600680e-01
3.560000e+02 3.225874e+02 7.519804e-01
3.560000e+02 3.233157e+02 7.818428e-01
3.560000e+02 3.235098e+02 7.812255e-01
3.560000e+02 3.240076e+02 7.713254e-01
3.560000e+02 3.224816e+02 7.520656e-01
3.560000e+02 3.217171e+02 7.824024e-01
3.560000e+02 3.224064e+02 7.689531e-01
3.560000e+02 3.221611e+02 7.652910e-01
3.560000e+02 3.222523e+02 7.565911e-01
3.570000e+02 3.398736e+02 7.956643e-01
3.570000e+02 3.404725e+02 8.229487e-01
3.570000e+02 3.406519e+02 8.042964e-01
3.570000e+02 3.399767e+02 8.110553e-01
3.570000e+02 3.398571e+02 8.127241e-01
3.570000e+02 3.403899e+02 8.105156e-01
3.570000e+02 3.394469e+02 8.017637e-01
3.570000e+02 3.402539e+02 7.951797e-01
3.570000e+02 3.397837e+02 8.025807e-01
3.570000e+02 3.387231e+02 7.981920e-01
3.570000e+02 3.398114e+02 8.011767e-01
3.570000e+02 3.399472e+02 8.053115e-01
3.570000e+02 3.409434e+02 8.180529e-01
3.570000e+02 3.402879e+02 8.540624e-01
3.570000e+02 3.393383e+02 7.999176e-01
3.570000e+02 3.392559e+02 8.153997e-01
3.570000e+02 3.393931e+02 8.276738e-01
3.570000e+02 3.407001e+02 8.192140e-01
3.570000e+02 3.408069e+02 7.995938e-01
3.570000e+02 3.396644e+02 8.261213e-01
3.580000e+02 3.560780e+02 8.546485e-01
3.580000e+02 3.571004e+02 8.732649e-01
3.580000e+02 3.576566e+02 8.669806e-01
3.580000e+02 3.559345e+02 8.332126e-01
3.580000e+02 3.570962e+02 8.380301e-01
3.580000e+02 3.560920e+02 8.532127e-01
3.580000e+02 3.556639e+02 8.535414e-01
3.580000e+02 3.554270e+02 8.571679e-01
3.580000e+02 3.570873e+02 8.566044e-01
3.580000e+02 3.568979e+02 8.521064e-01
3.580000e+02 3.574162e+02 8.555394e-01
3.580000e+02 3.546864e+02 8.568781e-01
3.580000e+02 3.563139e+02 8.529726e-01
3.580000e+02 3.570294e+02 8.427660e-01
3.580000e+02 3.567562e+02 8.458221e-01
3.580000e+02 3.561702e+02 8.523480e-01
3.580000e+02 3.573782e+02 8.590360e-01
3.580000e+02 3.556873e+02 8.492231e-01
3.580000e+02 3.569561e+02 8.389823e-01
3.590000e+02 3.697860e+02 8.892181e-01
3.590000e+02 3.714193e+02 8.927112e-01
3.590000e+02 3.715462e+02 8.885631e-01
3.590000e+02 3.718804e+02 9.022923e-01
3.590000e+02 3.717880e+02 8.896424e-01
3.590000e+02 3.721718e+02 8.965038e-01
3.590000e+02 3.708050e+02 8.905940e-01
3.590000e+02 3.730934e+02 8.947880e-01
3.590000e+02 3.730044e+02 9.028392e-01
3.590000e+02 3.713839e+02 8.961644e-01
3.590000e+02 3.736054e+02 8.933949e-01
3.590000e+02 3.725057e+02 8.892844e-01
3.590000e+02 3.709865e+02 8.921267e-01
3.590000e+02 3.720552e+02 8.896841e-01
3.590000e+02 3.732828e+02 8.965690e-01
3.590000e+02 3.726029e+02 9.361943e-01
3.590000e+02 3.708111e+02 8.820862e-01
3.590000e+02 3.720955e+02 8.902475e-01
3.590000e+02 3.725523e+02 8.943877e-01
3.590000e+02 3.718997e+02 8.968098e-01
3.600000e+02 3.871553e+02 9.017761e-01
3.600000e+02 3.885687e+02 9.406162e-01
3.600000e+02 3.868983e+02 9.336778e-01
3.600000e+02 3.861410e+02 9.091332e-01
3.600000e+02 3.872448e+02 9.356047e-01
3.600000e+02 3.870655e+02 9.303146e-01
3.600000e+02 3.859157e+02 9.394470e-01
3.600000e+02 3.865249e+02 9.314438e-01
3.600000e+02 3.891216e+02 9.410622e-01
3.600000e+02 3.849240e+02 9.365966e-01
3.600000e+02 3.862163e+02 9.251041e-01
3.600000e+02 3.865414e+02 9.389976e-01
3.600000e+02 3.858832e+02 9.127448e-01
3.600000e+02 3.871834e+02 9.356206e-01
3.600000e+02 3.870643e+02 9.343794e-01
3.600000e+02 3.859014e+02 9.319360e-01
3.600000e+02 3.866994e+02 9.242963e-01
3.600000e+02 3.864631e+02 9.452322e-01
3.600000e+02 3.882167e+02 9.279356e-01
3.600000e+02 3.852943e+02 9.211510e-01
3.650000e+02 4.497856e+02 1.084840e+00
3.650000e+02 4.505334e+02 1.109212e+00
3.650000e+02 4.521033e+02 1.101460e+00
3.650000e+02 4.511377e+02 1.084662e+00
3.650000e+02 4.500122e+02 1.086485e+00
3.650000e+02 4.510704e+02 1.086883e+00
3.650000e+02 4.508146e+02 1.081815e+00
3.650000e+02 4.509312e+02 1.083232e+00
3.650000e+02 4.496217e+02 1.088314e+00
3.650000e+02 4.502403e+02 1.110785e+00
3.650000e+02 4.497238e+02 1.091807e+00
3.650000e+02 4.515191e+02 1.076085e+00
3.650000e+02 4.480196e+02 1.109704e+00
3.650000e+02 4.500191e+02 1.096567e+00
3.650000e+02 4.506935e+02 1.085971e+00
3.650000e+02 4.494239e+02 1.081958e+00
3.650000e+02 4.504292e+02 1.076895e+00
3.650000e+02 4.493679e+02 1.106268e+00
3.650000e+02 4.501720e+02 1.068103e+00
3.650000e+02 4.488295e+02 1.095201e+00
3.700000e+02 5.023320e+02 1.232039e+00
3.700000e+02 5.029019e+02 1.232702e+00
3.700000e+02 5.018786e+02 1.228864e+00
3.700000e+02 5.015991e+02 1.217717e+00
3.700000e+02 5.000807e+02 1.228770e+00
3.700000e+02 5.021931e+02 1.239801e+00
3.700000e+02 5.017742e+02 1.235714e+00
3.700000e+02 5.002579e+02 1.225327e+00
3.700000e+02 5.020563e+02 1.211241e+00
3.700000e+02 5.042315e+02 1.224230e+00
3.700000e+02 5.031832e+02 1.244400e+00
3.700000e+02 5.003855e+02 1.224432e+00
3.700000e+02 4.992825e+02 1.229838e+00
3.700000e+02 5.004335e+02 1.194129e+00
3.700000e+02 5.021740e+02 1.241301e+00
3.700000e+02 5.024058e+02 1.233819e+00
3.700000e+02 5.018829e+02 1.212803e+00
3.700000e+02 5.004460e+02 1.227133e+00
3.700000e+02 5.018334e+02 1.227425e+00
3.700000e+02 5.007057e+02 1.228848e+00
3.750000e+02 5.424091e+02 1.328743e+00
3.750000e+02 5.445566e+02 1.314908e+00
3.750000e+02 5.456865e+02 1.343948e+00
3.750000e+02 5.407231e+02 1.360924e+00
3.750000e+02 5.429431e+02 1.315900e+00
3.750000e+02 5.415438e+02 1.337681e+00
3.750000e+02 5.431586e+02 1.344343e+00
3.750000e+02 5.432289e+02 1.335336e+00
3.750000e+02 5.427141e+02 1.359291e+00
3.750000e+02 5.419169e+02 1.328548e+00
3.750000e+02 5.447658e+02 1.331738e+00
3.750000e+02 5.427673e+02 1.315333e+00
3.750000e+02 5.443646e+02 1.362366e+00
3.750000e+02 5.455081e+02 1.334862e+00
3.750000e+02 5.426268e+02 1.338841e+00
3.750000e+02 5.416534e+02 1.311377e+00
3.750000e+02 5.447017e+02 1.314354e+00
3.750000e+02 5.469117e+02 1.344951e+00
3.750000e+02 5.434212e+02 1.309835e+00
3.750000e+02 5.446994e+02 1.327886e+00
3.800000e+02 5.773972e+02 1.421637e+00
3.800000e+02 5.792273e+02 1.423613e+00
3.800000e+02 5.788337e+02 1.398046e+00
3.800000e+02 5.761176e+02 1.395286e+00
3.800000e+02 5.781263e+02 1.441464e+00
3.800000e+02 5.783710e+02 1.432163e+00
3.800000e+02 5.782326e+02 1.417910e+00
3.800000e+02 5.759411e+02 1.427207e+00
3.800000e+02 5.782077e+02 1.430689e+00
3.800000e+02 5.807044e+02 1.411710e+00
3.800000e+02 5.748725e+02 1.423073e+00
3.800000e+02 5.790586e+02 1.402909e+00
3.800000e+02 5.758735e+02 1.421801e+00
3.800000e+02 5.794139e+02 1.459684e+00
3.800000e+02 5.775006e+02 1.430224e+00
3.800000e+02 5.767904e+02 1.417247e+00
3.800000e+02 5.771476e+02 1.422484e+00
3.800000e+02 5.768070e+02 1.430207e+00
3.800000e+02 5.782412e+02 1.384478e+00
3.800000e+02 5.796129e+02 1.428085e+00
3.850000e+02 6.077224e+02 1.527702e+00
3.850000e+02 6.076679e+02 1.499274e+00
3.850000e+02 6.065099e+02 1.485318e+00
3.850000e+02 6.068927e+02 1.461596e+00
3.850000e+02 6.055358e+02 1.503225e+00
3.850000e+02 6.079060e+02 1.497018e+00
3.850000e+02 6.065848e+02 1.504333e+00
3.850000e+02 6.062539e+02 1.515076e+00
3.850000e+02 6.053903e+02 1.508580e+00
3.850000e+02 6.086383e+02 1.495234e+00
3.850000e+02 6.055896e+02 1.528254e+00
3.850000e+02 6.083024e+02 1.522738e+00
3.850000e+02 6.058142e+02 1.476997e+00
3.850000e+02 6.063182e+02 1.474229e+00
3.850000e+02 6.048226e+02 1.507360e+00
3.850000e+02 6.049379e+02 1.487933e+00
3.850000e+02 6.063467e+02 1.456283e+00
3.850000e+02 6.068497e+02 1.510782e+00
3.850000e+02 6.061627e+02 1.490909e+00
