3.250000e+02 7.345989e+00 1.327143e-02
3.250000e+02 7.354901e+00 1.318553e-02
3.250000e+02 7.343218e+00 1.313044e-02
3.250000e+02 7.355235e+00 1.307742e-02
3.250000e+02 7.335434e+00 1.316252e-02
3.250000e+02 7.318225e+00 1.307591e-02
3.250000e+02 7.341388e+00 1.321685e-02
3.250000e+02 7.365703e+00 1.309123e-02
3.250000e+02 7.361980e+00 1.321160e-02
3.250000e+02 7.335858e+00 1.332483e-02
3.250000e+02 7.326020e+00 1.310564e-02
3.250000e+02 7.334221e+00 1.321609e-02
3.250000e+02 7.329156e+00 1.328599e-02
3.250000e+02 7.342608e+00 1.325779e-02
3.250000e+02 7.343760e+00 1.313869e-02
3.250000e+02 7.317587e+00 1.313586e-02
3.250000e+02 7.351468e+00 1.304168e-02
3.250000e+02 7.348812e+00 1.315394e-02
3.250000e+02 7.328203e+00 1.303300e-02
3.250000e+02 7.347558e+00 1.329140e-02
3.260000e+02 7.697401e+00 1.403194e-02
3.260000e+02 7.705870e+00 1.400115e-02
3.260000e+02 7.700413e+00 1.374189e-02
3.260000e+02 7.692593e+00 1.392017e-02
3.260000e+02 7.705100e+00 1.385523e-02
3.260000e+02 7.679190e+00 1.374824e-02
3.260000e+02 7.719270e+00 1.378371e-02
3.260000e+02 7.704372e+00 1.404702e-02
3.260000e+02 7.719006e+00 1.383839e-02
3.260000e+02 7.699139e+00 1.384341e-02
3.260000e+02 7.668999e+00 1.375005e-02
3.260000e+02 7.701065e+00 1.416843e-02
3.260000e+02 7.708502e+00 1.394588e-02
3.260000e+02 7.687009e+00 1.389272e-02
3.260000e+02 7.691172e+00 1.385992e-02
3.260000e+02 7.714436e+00 1.396434e-02
3.260000e+02 7.688352e+00 1.385573e-02
3.270000e+02 8.083841e+00 1.467728e-02
3.270000e+02 8.053227e+00 1.458292e-02
3.270000e+02 8.052758e+00 1.468151e-02
3.270000e+02 8.069479e+00 1.451892e-02
3.270000e+02 8.077732e+00 1.468458e-02
3.270000e+02 8.090204e+00 1.460297e-02
3.270000e+02 8.072558e+00 1.466941e-02
3.270000e+02 8.102986e+00 1.473518e-02
3.270000e+02 8.065540e+00 1.467059e-02
3.270000e+02 8.071473e+00 1.461646e-02
3.270000e+02 8.092766e+00 1.472784e-02
3.270000e+02 8.078326e+00 1.450011e-02
3.270000e+02 8.051248e+00 1.457371e-02
3.270000e+02 8.050376e+00 1.462825e-02
3.270000e+02 8.064107e+00 1.458411e-02
3.270000e+02 8.060696e+00 1.465767e-02
3.270000e+02 8.079029e+00 1.476727e-02
3.270000e+02 8.083319e+00 1.454224e-02
3.270000e+02 8.072695e+00 1.458129e-02
3.270000e+02 8.081197e+00 1.468423e-02
3.280000e+02 8.471146e+00 1.559391e-02
3.280000e+02 8.458177e+00 1.527723e-02
3.280000e+02 8.473350e+00 1.522821e-02
3.280000e+02 8.443817e+00 1.535644e-02
3.280000e+02 8.457446e+00 1.531075e-02
3.280000e+02 8.486216e+00 1.542436e-02
3.280000e+02 8.460060e+00 1.555400e-02
3.280000e+02 8.464614e+00 1.552862e-02
3.280000e+02 8.457915e+00 1.554348e-02
3.280000e+02 8.470213e+00 1.542986e-02
3.280000e+02 8.491811e+00 1.556699e-02
3.280000e+02 8.448945e+00 1.556755e-02
3.280000e+02 8.492205e+00 1.534360e-02
3.280000e+02 8.473655e+00 1.537244e-02
3.280000e+02 8.454670e+00 1.551301e-02
3.280000e+02 8.474455e+00 1.555181e-02
3.280000e+02 8.478025e+00 1.536110e-02
3.280000e+02 8.463212e+00 1.535247e-02
3.280000e+02 8.485753e+00 1.551257e-02
3.280000e+02 8.454238e+00 1.554757e-02
3.290000e+02 8.883623e+00 1.629751e-02
3.290000e+02 8.901515e+00 1.617224e-02
3.290000e+02 8.912954e+00 1.653206e-02
3.290000e+02 8.894796e+00 1.625452e-02
3.290000e+02 8.885526e+00 1.626716e-02
3.290000e+02 8.909390e+00 1.637093e-02
3.290000e+02 8.898290e+00 1.624722e-02
3.290000e+02 8.911363e+00 1.619309e-02
3.290000e+02 8.925811e+00 1.623856e-02
3.290000e+02 8.891719e+00 1.643260e-02
3.290000e+02 8.889782e+00 1.621535e-02
3.290000e+02 8.898215e+00 1.632132e-02
3.290000e+02 8.857572e+00 1.617579e-02
3.290000e+02 8.906293e+00 1.628965e-02
3.290000e+02 8.901993e+00 1.626087e-02
3.290000e+02 8.893840e+00 1.627323e-02
3.290000e+02 8.874082e+00 1.631895e-02
3.290000e+02 8.894355e+00 1.622718e-02
3.290000e+02 8.904957e+00 1.633583e-02
3.290000e+02 8.891832e+00 1.611098e-02
3.300000e+02 9.362413e+00 1.740560e-02
3.300000e+02 9.368242e+00 1.707506e-02
3.300000e+02 9.361961e+00 1.705339e-02
3.300000e+02 9.366749e+00 1.714452e-02
3.300000e+02 9.373347e+00 1.743850e-02
3.300000e+02 9.335240e+00 1.709083e-02
3.300000e+02 9.383379e+00 1.723076e-02
3.300000e+02 9.366940e+00 1.719437e-02
3.300000e+02 9.364523e+00 1.728615e-02
3.300000e+02 9.356128e+00 1.724128e-02
3.300000e+02 9.353038e+00 1.759608e-02
3.300000e+02 9.360787e+00 1.734522e-02
3.300000e+02 9.334166e+00 1.717875e-02
3.300000e+02 9.373590e+00 1.722446e-02
3.300000e+02 9.338905e+00 1.715260e-02
3.300000e+02 9.332862e+00 1.749091e-02
3.300000e+02 9.322058e+00 1.727116e-02
3.300000e+02 9.371259e+00 1.725571e-02
3.300000e+02 9.358712e+00 1.710401e-02
3.300000e+02 9.383304e+00 1.725226e-02
3.310000e+02 9.858804e+00 1.806301e-02
3.310000e+02 9.883779e+00 1.842468e-02
3.310000e+02 9.903010e+00 1.842897e-02
3.310000e+02 9.853383e+00 1.832072e-02
3.310000e+02 9.878047e+00 1.809840e-02
3.310000e+02 9.858467e+00 1.829180e-02
3.310000e+02 9.820735e+00 1.812190e-02
3.310000e+02 9.871373e+00 1.830220e-02
3.310000e+02 9.824276e+00 1.823285e-02
3.310000e+02 9.835707e+00 1.825303e-02
3.310000e+02 9.863502e+00 1.853418e-02
3.310000e+02 9.815370e+00 1.800757e-02
3.310000e+02 9.835839e+00 1.818775e-02
3.310000e+02 9.859768e+00 1.819959e-02
3.310000e+02 9.893708e+00 1.825673e-02
3.310000e+02 9.891115e+00 1.821320e-02
3.310000e+02 9.851158e+00 1.810686e-02
3.310000e+02 9.816400e+00 1.835131e-02
3.310000e+02 9.838883e+00 1.801491e-02
3.320000e+02 1.042003e+01 1.917668e-02
3.320000e+02 1.037409e+01 1.944227e-02
3.320000e+02 1.040931e+01 1.925620e-02
3.320000e+02 1.040177e+01 1.917291e-02
3.320000e+02 1.041542e+01 1.953355e-02
3.320000e+02 1.040257e+01 1.958079e-02
3.320000e+02 1.042332e+01 1.928170e-02
3.320000e+02 1.041307e+01 1.960864e-02
3.320000e+02 1.040201e+01 1.946562e-02
3.320000e+02 1.040880e+01 1.937783e-02
3.320000e+02 1.040677e+01 1.925130e-02
3.320000e+02 1.042648e+01 1.947094e-02
3.320000e+02 1.039439e+01 1.939832e-02
3.320000e+02 1.039704e+01 1.950358e-02
3.320000e+02 1.039279e+01 1.971983e-02
3.320000e+02 1.038849e+01 1.961916e-02
3.320000e+02 1.041526e+01 1.948907e-02
3.320000e+02 1.041117e+01 1.942424e-02
3.320000e+02 1.041243e+01 1.944241e-02
3.320000e+02 1.040701e+01 1.927853e-02
3.330000e+02 1.103742e+01 2.085916e-02
3.330000e+02 1.099537e+01 2.065015e-02
3.330000e+02 1.098490e+01 2.081120e-02
3.330000e+02 1.102819e+01 2.069082e-02
3.330000e+02 1.104473e+01 2.075210e-02
3.330000e+02 1.102440e+01 2.095466e-02
3.330000e+02 1.098975e+01 2.078351e-02
3.330000e+02 1.099452e+01 2.060133e-02
3.330000e+02 1.098746e+01 2.097955e-02
3.330000e+02 1.098841e+01 2.046766e-02
3.330000e+02 1.099998e+01 2.087929e-02
3.330000e+02 1.102388e+01 2.058074e-02
3.330000e+02 1.097594e+01 2.062354e-02
3.330000e+02 1.099786e+01 2.104288e-02
3.330000e+02 1.098621e+01 2.070327e-02
3.330000e+02 1.103727e+01 2.077114e-02
3.330000e+02 1.103157e+01 2.068566e-02
3.330000e+02 1.102807e+01 2.078056e-02
3.330000e+02 1.102973e+01 2.072233e-02
3.330000e+02 1.102125e+01 2.070520e-02
3.340000e+02 1.167494e+01 2.232312e-02
3.340000e+02 1.165594e+01 2.229204e-02
3.340000e+02 1.172278e+01 2.237460e-02
3.340000e+02 1.166032e+01 2.223028e-02
3.340000e+02 1.167525e+01 2.214086e-02
3.340000e+02 1.168663e+01 2.206439e-02
3.340000e+02 1.170221e+01 2.233840e-02
3.340000e+02 1.166365e+01 2.215868e-02
3.340000e+02 1.166989e+01 2.231990e-02
3.340000e+02 1.164579e+01 2.217355e-02
3.340000e+02 1.170970e+01 2.215329e-02
3.340000e+02 1.166986e+01 2.219343e-02
3.340000e+02 1.169187e+01 2.225348e-02
3.340000e+02 1.166450e+01 2.193006e-02
3.340000e+02 1.166896e+01 2.192913e-02
3.340000e+02 1.167385e+01 2.206584e-02
3.340000e+02 1.168038e+01 2.216200e-02
3.340000e+02 1.170173e+01 2.271873e-02
3.340000e+02 1.164864e+01 2.177893e-02
3.340000e+02 1.170998e+01 2.224306e-02
3.350000e+02 1.240266e+01 2.383125e-02
3.350000e+02 1.241501e+01 2.405610e-02
3.350000e+02 1.244020e+01 2.405078e-02
3.350000e+02 1.240616e+01 2.383033e-02
3.350000e+02 1.245322e+01 2.414800e-02
3.350000e+02 1.243486e+01 2.394006e-02
3.350000e+02 1.241187e+01 2.382805e-02
3.350000e+02 1.240411e+01 2.363889e-02
3.350000e+02 1.246771e+01 2.385811e-02
3.350000e+02 1.240602e+01 2.374950e-02
3.350000e+02 1.240240e+01 2.365983e-02
3.350000e+02 1.249693e+01 2.381542e-02
3.350000e+02 1.243650e+01 2.389795e-02
3.350000e+02 1.243721e+01 2.388879e-02
3.350000e+02 1.239069e+01 2.362171e-02
3.350000e+02 1.241663e+01 2.359534e-02
3.350000e+02 1.238512e+01 2.357418e-02
3.350000e+02 1.243660e+01 2.426318e-02
3.350000e+02 1.244553e+01 2.417923e-02
3.350000e+02 1.240247e+01 2.366868e-02
3.360000e+02 1.325265e+01 2.532547e-02
3.360000e+02 1.324176e+01 2.570750e-02
3.360000e+02 1.325783e+01 2.603434e-02
3.360000e+02 1.325487e+01 2.569939e-02
3.360000e+02 1.330495e+01 2.592989e-02
3.360000e+02 1.324408e+01 2.564559e-02
3.360000e+02 1.322428e+01 2.575951e-02
3.360000e+02 1.328180e+01 2.558013e-02
3.360000e+02 1.326351e+01 2.575476e-02
3.360000e+02 1.326826e+01 2.566232e-02
3.360000e+02 1.328030e+01 2.582661e-02
3.360000e+02 1.326661e+01 2.566212e-02
3.360000e+02 1.328240e+01 2.618839e-02
3.360000e+02 1.328488e+01 2.586218e-02
3.360000e+02 1.332517e+01 2.563355e-02
3.360000e+02 1.327845e+01 2.606040e-02
3.360000e+02 1.325960e+01 2.564332e-02
3.360000e+02 1.331022e+01 2.555848e-02
3.360000e+02 1.328035e+01 2.580580e-02
3.370000e+02 1.426662e+01 2.803215e-02
3.370000e+02 1.426479e+01 2.804719e-02
3.370000e+02 1.426375e+01 2.769926e-02
3.370000e+02 1.427713e+01 2.831380e-02
3.370000e+02 1.429775e+01 2.780661e-02
3.370000e+02 1.427358e+01 2.775314e-02
3.370000e+02 1.420422e+01 2.769711e-02
3.370000e+02 1.430648e+01 2.775700e-02
3.370000e+02 1.422453e+01 2.813715e-02
3.370000e+02 1.424607e+01 2.768045e-02
3.370000e+02 1.429308e+01 2.789898e-02
3.370000e+02 1.424327e+01 2.771396e-02
3.370000e+02 1.418461e+01 2.781849e-02
3.370000e+02 1.423976e+01 2.773618e-02
3.370000e+02 1.423295e+01 2.767975e-02
3.370000e+02 1.429589e+01 2.768517e-02
3.370000e+02 1.429824e+01 2.768936e-02
3.370000e+02 1.427648e+01 2.749946e-02
3.370000e+02 1.423239e+01 2.762644e-02
3.370000e+02 1.426914e+01 2.783851e-02
3.380000e+02 1.538476e+01 3.031844e-02
3.380000e+02 1.542237e+01 3.054571e-02
3.380000e+02 1.536178e+01 3.002198e-02
3.380000e+02 1.541756e+01 3.015892e-02
3.380000e+02 1.535985e+01 3.032832e-02
3.380000e+02 1.533951e+01 3.040018e-02
3.380000e+02 1.534854e+01 3.027038e-02
3.380000e+02 1.540476e+01 3.003081e-02
3.380000e+02 1.539468e+01 3.024164e-02
3.380000e+02 1.540896e+01 3.127819e-02
3.380000e+02 1.537767e+01 3.040878e-02
3.380000e+02 1.539561e+01 2.996305e-02
3.380000e+02 1.539510e+01 3.070314e-02
3.380000e+02 1.539892e+01 3.080497e-02
3.380000e+02 1.536701e+01 3.017113e-02
3.380000e+02 1.541113e+01 3.056948e-02
3.380000e+02 1.541329e+01 3.100072e-02
3.380000e+02 1.538886e+01 3.016596e-02
3.380000e+02 1.541085e+01 3.080527e-02
3.390000e+02 1.673867e+01 3.399016e-02
3.390000e+02 1.672852e+01 3.379358e-02
3.390000e+02 1.679469e+01 3.400786e-02
3.390000e+02 1.677414e+01 3.363387e-02
3.390000e+02 1.674601e+01 3.325971e-02
3.390000e+02 1.673576e+01 3.370187e-02
3.390000e+02 1.674998e+01 3.376107e-02
3.390000e+02 1.665785e+01 3.331789e-02
3.390000e+02 1.665594e+01 3.349670e-02
3.390000e+02 1.673523e+01 3.343319e-02
3.390000e+02 1.669291e+01 3.347074e-02
3.390000e+02 1.675967e+01 3.365572e-02
3.390000e+02 1.669615e+01 3.446247e-02
3.390000e+02 1.676859e+01 3.350133e-02
3.390000e+02 1.675726e+01 3.315896e-02
3.390000e+02 1.670783e+01 3.299861e-02
3.390000e+02 1.672325e+01 3.344502e-02
3.390000e+02 1.665884e+01 3.319278e-02
3.390000e+02 1.674811e+01 3.368583e-02
3.400000e+02 1.834244e+01 3.764015e-02
3.400000e+02 1.835680e+01 3.748220e-02
3.400000e+02 1.839904e+01 3.783160e-02
3.400000e+02 1.839360e+01 3.757372e-02
3.400000e+02 1.833915e+01 3.691873e-02
3.400000e+02 1.835827e+01 3.760271e-02
3.400000e+02 1.839928e+01 3.727672e-02
3.400000e+02 1.842535e+01 3.737263e-02
3.400000e+02 1.836158e+01 3.681961e-02
3.400000e+02 1.834925e+01 3.745287e-02
3.400000e+02 1.841394e+01 3.753405e-02
3.400000e+02 1.836398e+01 3.772173e-02
3.400000e+02 1.837879e+01 3.736609e-02
3.400000e+02 1.844828e+01 3.737485e-02
3.400000e+02 1.841218e+01 3.779752e-02
3.400000e+02 1.845970e+01 3.793624e-02
3.400000e+02 1.841186e+01 3.828285e-02
3.400000e+02 1.842605e+01 3.732542e-02
3.400000e+02 1.839082e+01 3.739790e-02
3.402000e+02 1.883622e+01 3.897157e-02
3.402000e+02 1.885593e+01 3.835548e-02
3.402000e+02 1.877564e+01 3.847185e-02
3.402000e+02 1.871009e+01 3.840303e-02
3.402000e+02 1.873514e+01 3.827293e-02
3.402000e+02 1.874787e+01 3.774802e-02
3.402000e+02 1.873291e+01 3.859863e-02
3.402000e+02 1.868471e+01 3.847964e-02
3.402000e+02 1.883958e+01 3.867689e-02
3.402000e+02 1.881577e+01 3.813055e-02
3.402000e+02 1.880418e+01 3.812341e-02
3.402000e+02 1.880595e+01 3.817071e-02
3.402000e+02 1.876725e+01 3.863611e-02
3.402000e+02 1.876378e+01 3.800994e-02
3.402000e+02 1.880847e+01 3.773260e-02
3.402000e+02 1.874020e+01 3.889525e-02
3.402000e+02 1.875930e+01 3.796273e-02
3.402000e+02 1.870185e+01 3.883864e-02
3.402000e+02 1.877369e+01 3.801481e-02
3.402000e+02 1.877529e+01 3.805359e-02
3.404000e+02 1.916728e+01 3.939129e-02
3.404000e+02 1.916258e+01 4.040923e-02
3.404000e+02 1.909754e+01 4.001688e-02
3.404000e+02 1.920427e+01 3.982750e-02
3.404000e+02 1.908120e+01 3.883184e-02
3.404000e+02 1.904925e+01 3.803400e-02
3.404000e+02 1.916923e+01 3.834362e-02
3.404000e+02 1.921575e+01 3.895563e-02
3.404000e+02 1.911422e+01 3.992919e-02
3.404000e+02 1.917604e+01 3.874267e-02
3.404000e+02 1.918894e+01 3.891975e-02
3.404000e+02 1.920911e+01 3.892011e-02
3.404000e+02 1.910790e+01 3.912994e-02
3.404000e+02 1.915575e+01 3.879581e-02
3.404000e+02 1.917746e+01 3.867871e-02
3.404000e+02 1.913396e+01 3.844931e-02
3.404000e+02 1.916650e+01 3.958382e-02
3.404000e+02 1.916303e+01 3.984193e-02
3.404000e+02 1.914070e+01 3.847468e-02
3.406000e+02 1.955186e+01 4.070556e-02
3.406000e+02 1.963278e+01 4.023228e-02
3.406000e+02 1.959045e+01 3.991178e-02
3.406000e+02 1.959698e+01 4.029217e-02
3.406000e+02 1.955704e+01 4.052168e-02
3.406000e+02 1.959422e+01 4.056346e-02
3.406000e+02 1.954918e+01 3.949435e-02
3.406000e+02 1.964741e+01 4.043523e-02
3.406000e+02 1.956588e+01 4.039821e-02
3.406000e+02 1.960100e+01 4.010348e-02
3.406000e+02 1.950859e+01 4.118610e-02
3.406000e+02 1.954403e+01 3.952463e-02
3.406000e+02 1.959350e+01 4.067648e-02
3.406000e+02 1.952860e+01 4.040433e-02
3.406000e+02 1.956376e+01 4.042058e-02
3.406000e+02 1.957448e+01 4.028137e-02
3.406000e+02 1.960765e+01 4.104966e-02
3.406000e+02 1.964564e+01 4.002662e-02
3.406000e+02 1.957291e+01 4.129279e-02
3.406000e+02 1.960173e+01 4.083736e-02
3.408000e+02 1.999707e+01 4.108463e-02
3.408000e+02 2.006759e+01 4.127523e-02
3.408000e+02 1.993968e+01 4.054690e-02
3.408000e+02 2.000960e+01 4.100000e-02
3.408000e+02 2.003136e+01 4.101231e-02
3.408000e+02 2.004827e+01 4.225336e-02
3.408000e+02 1.999192e+01 4.141284e-02
3.408000e+02 2.007692e+01 4.244239e-02
3.408000e+02 1.999427e+01 4.131657e-02
3.408000e+02 1.999086e+01 4.046249e-02
3.408000e+02 1.992189e+01 4.106068e-02
3.408000e+02 1.997763e+01 4.166253e-02
3.408000e+02 1.999376e+01 4.192725e-02
3.408000e+02 2.001210e+01 4.108401e-02
3.408000e+02 2.004581e+01 4.226600e-02
3.408000e+02 1.995927e+01 4.115613e-02
3.408000e+02 2.002020e+01 4.077125e-02
3.408000e+02 2.003746e+01 4.057149e-02
3.408000e+02 1.997742e+01 4.079248e-02
3.410000e+02 2.047370e+01 4.272131e-02
3.410000e+02 2.048709e+01 4.284967e-02
3.410000e+02 2.050236e+01 4.274355e-02
3.410000e+02 2.050410e+01 4.242693e-02
3.410000e+02 2.043720e+01 4.176004e-02
3.410000e+02 2.055531e+01 4.336246e-02
3.410000e+02 2.043221e+01 4.278823e-02
3.410000e+02 2.047850e+01 4.173375e-02
3.410000e+02 2.049738e+01 4.380058e-02
3.410000e+02 2.053412e+01 4.118810e-02
3.410000e+02 2.048328e+01 4.200117e-02
3.410000e+02 2.039997e+01 4.191535e-02
3.410000e+02 2.045755e+01 4.213571e-02
3.410000e+02 2.047633e+01 4.212317e-02
3.410000e+02 2.045395e+01 4.142250e-02
3.410000e+02 2.049202e+01 4.329284e-02
3.410000e+02 2.052677e+01 4.272091e-02
3.410000e+02 2.048555e+01 4.121487e-02
3.410000e+02 2.049627e+01 4.298519e-02
3.410000e+02 2.048514e+01 4.284901e-02
3.412000e+02 2.093076e+01 4.334310e-02
3.412000e+02 2.093660e+01 4.367783e-02
3.412000e+02 2.097705e+01 4.491708e-02
3.412000e+02 2.096678e+01 4.258521e-02
3.412000e+02 2.102205e+01 4.383662e-02
3.412000e+02 2.091526e+01 4.349106e-02
3.412000e+02 2.103324e+01 4.626843e-02
3.412000e+02 2.093864e+01 4.323804e-02
3.412000e+02 2.092552e+01 4.281932e-02
3.412000e+02 2.095899e+01 4.277358e-02
3.412000e+02 2.092379e+01 4.345592e-02
3.412000e+02 2.094228e+01 4.326101e-02
3.412000e+02 2.091498e+01 4.336654e-02
3.412000e+02 2.085813e+01 4.308348e-02
3.412000e+02 2.096161e+01 4.286695e-02
3.412000e+02 2.100825e+01 4.285579e-02
3.412000e+02 2.088874e+01 4.330286e-02
3.412000e+02 2.096460e+01 4.316949e-02
3.412000e+02 2.100652e+01 4.504428e-02
3.414000e+02 2.146896e+01 4.443323e-02
3.414000e+02 2.154824e+01 4.472064e-02
3.414000e+02 2.149182e+01 4.508058e-02
3.414000e+02 2.143607e+01 4.532614e-02
3.414000e+02 2.143181e+01 4.519912e-02
3.414000e+02 2.152920e+01 4.532027e-02
3.414000e+02 2.151453e+01 4.493758e-02
3.414000e+02 2.149108e+01 4.495364e-02
3.414000e+02 2.138713e+01 4.425502e-02
3.414000e+02 2.149098e+01 4.449701e-02
3.414000e+02 2.150170e+01 4.497095e-02
3.414000e+02 2.146947e+01 4.565832e-02
3.414000e+02 2.151359e+01 4.452333e-02
3.414000e+02 2.144408e+01 4.473138e-02
3.414000e+02 2.141052e+01 4.490724e-02
3.414000e+02 2.136302e+01 4.504522e-02
3.414000e+02 2.148287e+01 4.487576e-02
3.414000e+02 2.142305e+01 4.523146e-02
3.414000e+02 2.151094e+01 4.577476e-02
3.414000e+02 2.144806e+01 4.412786e-02
3.416000e+02 2.192247e+01 4.724683e-02
3.416000e+02 2.205132e+01 4.731205e-02
3.416000e+02 2.196248e+01 4.672913e-02
3.416000e+02 2.201116e+01 4.545992e-02
3.416000e+02 2.197617e+01 4.467431e-02
3.416000e+02 2.203654e+01 4.590267e-02
3.416000e+02 2.202007e+01 4.641588e-02
3.416000e+02 2.195792e+01 4.628197e-02
3.416000e+02 2.205331e+01 4.696981e-02
3.416000e+02 2.206510e+01 4.756364e-02
3.416000e+02 2.201227e+01 4.537980e-02
3.416000e+02 2.198291e+01 4.697609e-02
3.416000e+02 2.207837e+01 4.613697e-02
3.416000e+02 2.198489e+01 4.668055e-02
3.416000e+02 2.205626e+01 4.689973e-02
3.416000e+02 2.202395e+01 4.644941e-02
3.416000e+02 2.193223e+01 4.540230e-02
3.416000e+02 2.198509e+01 4.654671e-02
3.416000e+02 2.206917e+01 4.520639e-02
3.416000e+02 2.204255e+01 4.553199e-02
3.418000e+02 2.264773e+01 4.754568e-02
3.418000e+02 2.254281e+01 4.795808e-02
3.418000e+02 2.251553e+01 4.717897e-02
3.418000e+02 2.250847e+01 4.700260e-02
3.418000e+02 2.241202e+01 4.769449e-02
3.418000e+02 2.261289e+01 4.739961e-02
3.418000e+02 2.251868e+01 4.781800e-02
3.418000e+02 2.262515e+01 4.726489e-02
3.418000e+02 2.261160e+01 4.763750e-02
3.418000e+02 2.256497e+01 4.923829e-02
3.418000e+02 2.257673e+01 4.847713e-02
3.418000e+02 2.252003e+01 4.610774e-02
3.418000e+02 2.261063e+01 4.717037e-02
3.418000e+02 2.260856e+01 4.690201e-02
3.418000e+02 2.259165e+01 4.702970e-02
3.418000e+02 2.260773e+01 4.845690e-02
3.418000e+02 2.252426e+01 4.669196e-02
3.418000e+02 2.246142e+01 4.737432e-02
3.418000e+02 2.260409e+01 4.793470e-02
3.420000e+02 2.317594e+01 4.890890e-02
3.420000e+02 2.321507e+01 4.827989e-02
3.420000e+02 2.319361e+01 5.028350e-02
3.420000e+02 2.316581e+01 4.900201e-02
3.420000e+02 2.318269e+01 4.876637e-02
3.420000e+02 2.314399e+01 4.797694e-02
3.420000e+02 2.315664e+01 4.923633e-02
3.420000e+02 2.315584e+01 4.815116e-02
3.420000e+02 2.323732e+01 4.840664e-02
3.420000e+02 2.315444e+01 4.828695e-02
3.420000e+02 2.323909e+01 4.914251e-02
3.420000e+02 2.325395e+01 4.742569e-02
3.420000e+02 2.313872e+01 4.849090e-02
3.420000e+02 2.321063e+01 5.158897e-02
3.420000e+02 2.318920e+01 4.847501e-02
3.420000e+02 2.316499e+01 4.979568e-02
3.420000e+02 2.317355e+01 4.832422e-02
3.420000e+02 2.326015e+01 4.877702e-02
3.420000e+02 2.321556e+01 5.101907e-02
3.420000e+02 2.326567e+01 4.862704e-02
3.422000e+02 2.386520e+01 5.074155e-02
3.422000e+02 2.384986e+01 5.015729e-02
3.422000e+02 2.385794e+01 5.111410e-02
3.422000e+02 2.376435e+01 4.982150e-02
3.422000e+02 2.382674e+01 4.984146e-02
3.422000e+02 2.387171e+01 5.130340e-02
3.422000e+02 2.377270e+01 5.167093e-02
3.422000e+02 2.383954e+01 5.004731e-02
3.422000e+02 2.382117e+01 4.905919e-02
3.422000e+02 2.384834e+01 5.070545e-02
3.422000e+02 2.371181e+01 4.753409e-02
3.422000e+02 2.384827e+01 5.168361e-02
3.422000e+02 2.380471e+01 4.968239e-02
3.422000e+02 2.379553e+01 5.056336e-02
3.422000e+02 2.391476e+01 5.040034e-02
3.422000e+02 2.381279e+01 4.984089e-02
3.422000e+02 2.378081e+01 5.138226e-02
3.422000e+02 2.388658e+01 5.056967e-02
3.422000e+02 2.373653e+01 5.063463e-02
3.422000e+02 2.381525e+01 5.090487e-02
3.424000e+02 2.454116e+01 5.264866e-02
3.424000e+02 2.455315e+01 5.352385e-02
3.424000e+02 2.450125e+01 5.166460e-02
3.424000e+02 2.453433e+01 5.247096e-02
3.424000e+02 2.443724e+01 5.324766e-02
3.424000e+02 2.452424e+01 5.250233e-02
3.424000e+02 2.452980e+01 5.292023e-02
3.424000e+02 2.446050e+01 5.144690e-02
3.424000e+02 2.451787e+01 5.110664e-02
3.424000e+02 2.443839e+01 5.201131e-02
3.424000e+02 2.460131e+01 5.107534e-02
3.424000e+02 2.447583e+01 5.301662e-02
3.424000e+02 2.460006e+01 5.229082e-02
3.424000e+02 2.455218e+01 5.140144e-02
3.424000e+02 2.444487e+01 5.333958e-02
3.424000e+02 2.460593e+01 5.132177e-02
3.424000e+02 2.462839e+01 5.303896e-02
3.424000e+02 2.463422e+01 5.319455e-02
3.424000e+02 2.457338e+01 5.289603e-02
3.426000e+02 2.538284e+01 5.437338e-02
3.426000e+02 2.517935e+01 5.429721e-02
3.426000e+02 2.535566e+01 5.305622e-02
3.426000e+02 2.529280e+01 5.499323e-02
3.426000e+02 2.531452e+01 5.558321e-02
3.426000e+02 2.531945e+01 5.496428e-02
3.426000e+02 2.521113e+01 5.576439e-02
3.426000e+02 2.527818e+01 5.465369e-02
3.426000e+02 2.523877e+01 5.349144e-02
3.426000e+02 2.520339e+01 5.321259e-02
3.426000e+02 2.535782e+01 5.347254e-02
3.426000e+02 2.532297e+01 5.264949e-02
3.426000e+02 2.537337e+01 5.303455e-02
3.426000e+02 2.524989e+01 5.476340e-02
3.426000e+02 2.535480e+01 5.355343e-02
3.426000e+02 2.527028e+01 5.665231e-02
3.426000e+02 2.528887e+01 5.507425e-02
3.426000e+02 2.521949e+01 5.461360e-02
3.426000e+02 2.521837e+01 5.239254e-02
3.426000e+02 2.521471e+01 5.511745e-02
3.428000e+02 2.601558e+01 5.760694e-02
3.428000e+02 2.603461e+01 5.757698e-02
3.428000e+02 2.609537e+01 5.547388e-02
3.428000e+02 2.610663e+01 5.519154e-02
3.428000e+02 2.617814e+01 5.705395e-02
3.428000e+02 2.600873e+01 5.542274e-02
3.428000e+02 2.614041e+01 5.489385e-02
3.428000e+02 2.615585e+01 5.520449e-02
3.428000e+02 2.603477e+01 5.515901e-02
3.428000e+02 2.609124e+01 5.674654e-02
3.428000e+02 2.613446e+01 5.674347e-02
3.428000e+02 2.613264e+01 5.493711e-02
3.428000e+02 2.617403e+01 5.541575e-02
3.428000e+02 2.616913e+01 5.747219e-02
3.428000e+02 2.617411e+01 5.736564e-02
3.428000e+02 2.605137e+01 5.516758e-02
3.428000e+02 2.601993e+01 5.743338e-02
3.428000e+02 2.620278e+01 5.580685e-02
3.428000e+02 2.616777e+01 5.654773e-02
3.428000e+02 2.605743e+01 5.586863e-02
3.430000e+02 2.696646e+01 5.975706e-02
3.430000e+02 2.696201e+01 5.681160e-02
3.430000e+02 2.691428e+01 5.858885e-02
3.430000e+02 2.700604e+01 5.909450e-02
3.430000e+02 2.694497e+01 5.735722e-02
3.430000e+02 2.701929e+01 5.872267e-02
3.430000e+02 2.687716e+01 6.005451e-02
3.430000e+02 2.696456e+01 5.677572e-02
3.430000e+02 2.704216e+01 5.915132e-02
3.430000e+02 2.702541e+01 5.966412e-02
3.430000e+02 2.701084e+01 5.762714e-02
3.430000e+02 2.689809e+01 5.912294e-02
3.430000e+02 2.700605e+01 5.791855e-02
3.430000e+02 2.690268e+01 5.821923e-02
3.430000e+02 2.694062e+01 5.694648e-02
3.430000e+02 2.699299e+01 5.852739e-02
3.430000e+02 2.703759e+01 5.978375e-02
3.430000e+02 2.684719e+01 5.964801e-02
3.430000e+02 2.700076e+01 5.802045e-02
3.430000e+02 2.685461e+01 5.731412e-02
3.432000e+02 2.787351e+01 6.035182e-02
3.432000e+02 2.770047e+01 6.014021e-02
3.432000e+02 2.782760e+01 6.087881e-02
3.432000e+02 2.804346e+01 5.881176e-02
3.432000e+02 2.794745e+01 6.257640e-02
3.432000e+02 2.791486e+01 5.918705e-02
3.432000e+02 2.781327e+01 5.980079e-02
3.432000e+02 2.799293e+01 6.032053e-02
3.432000e+02 2.793515e+01 6.093935e-02
3.432000e+02 2.792276e+01 6.191959e-02
3.432000e+02 2.798261e+01 6.011747e-02
3.432000e+02 2.780934e+01 5.916099e-02
3.432000e+02 2.787808e+01 6.085977e-02
3.432000e+02 2.791208e+01 6.136976e-02
3.432000e+02 2.794540e+01 6.029680e-02
3.432000e+02 2.791275e+01 6.237215e-02
3.432000e+02 2.791565e+01 5.936652e-02
3.432000e+02 2.790629e+01 5.954444e-02
3.432000e+02 2.796948e+01 6.074665e-02
3.432000e+02 2.791662e+01 5.842815e-02
3.434000e+02 2.898627e+01 6.489642e-02
3.434000e+02 2.895817e+01 6.477588e-02
3.434000e+02 2.897776e+01 6.350723e-02
3.434000e+02 2.885340e+01 6.314617e-02
3.434000e+02 2.896481e+01 6.445963e-02
3.434000e+02 2.894880e+01 6.472379e-02
3.434000e+02 2.891057e+01 6.396489e-02
3.434000e+02 2.898534e+01 6.322600e-02
3.434000e+02 2.886000e+01 6.164874e-02
3.434000e+02 2.883498e+01 6.147112e-02
3.434000e+02 2.891348e+01 6.289582e-02
3.434000e+02 2.901788e+01 6.336846e-02
3.434000e+02 2.890828e+01 6.227387e-02
3.434000e+02 2.895092e+01 6.109451e-02
3.434000e+02 2.900196e+01 6.146362e-02
3.434000e+02 2.908160e+01 6.334634e-02
3.434000e+02 2.894718e+01 6.333768e-02
3.434000e+02 2.892106e+01 6.140648e-02
3.434000e+02 2.903893e+01 6.378654e-02
3.434000e+02 2.895339e+01 6.449817e-02
3.436000e+02 3.005166e+01 6.544302e-02
3.436000e+02 3.010851e+01 6.365632e-02
3.436000e+02 3.020764e+01 6.586342e-02
3.436000e+02 3.003428e+01 6.531614e-02
3.436000e+02 3.002696e+01 6.609746e-02
3.436000e+02 3.007207e+01 6.486726e-02
3.436000e+02 2.994818e+01 6.507303e-02
3.436000e+02 3.010116e+01 6.444285e-02
3.436000e+02 2.986745e+01 6.542718e-02
3.436000e+02 3.004762e+01 6.604166e-02
3.436000e+02 3.016261e+01 6.715174e-02
3.436000e+02 3.007515e+01 6.664671e-02
3.436000e+02 3.012791e+01 6.637678e-02
3.436000e+02 3.009884e+01 6.431324e-02
3.436000e+02 3.004112e+01 6.565707e-02
3.436000e+02 3.001552e+01 6.463937e-02
3.436000e+02 3.007589e+01 6.363409e-02
3.436000e+02 3.000035e+01 6.496850e-02
3.436000e+02 3.004275e+01 6.743303e-02
3.436000e+02 2.994186e+01 6.501217e-02
3.438000e+02 3.119853e+01 6.831530e-02
3.438000e+02 3.123394e+01 6.903091e-02
3.438000e+02 3.128324e+01 6.911987e-02
3.438000e+02 3.120361e+01 6.843140e-02
3.438000e+02 3.126439e+01 6.904016e-02
3.438000e+02 3.131364e+01 6.854247e-02
3.438000e+02 3.116687e+01 6.754723e-02
3.438000e+02 3.122627e+01 6.911408e-02
3.438000e+02 3.125760e+01 6.953174e-02
3.438000e+02 3.122778e+01 7.104018e-02
3.438000e+02 3.125989e+01 6.492017e-02
3.438000e+02 3.138180e+01 6.905303e-02
3.438000e+02 3.133461e+01 6.962725e-02
3.438000e+02 3.133378e+01 6.886920e-02
3.438000e+02 3.114090e+01 6.975820e-02
3.438000e+02 3.129457e+01 6.899702e-02
3.438000e+02 3.123310e+01 6.882638e-02
3.438000e+02 3.122932e+01 6.667751e-02
3.440000e+02 3.264888e+01 7.159236e-02
3.440000e+02 3.256625e+01 7.909653e-02
3.440000e+02 3.258287e+01 7.255119e-02
3.440000e+02 3.255739e+01 7.242136e-02
3.440000e+02 3.263487e+01 7.168862e-02
3.440000e+02 3.258601e+01 7.031503e-02
3.440000e+02 3.267006e+01 7.393001e-02
3.440000e+02 3.268505e+01 7.240069e-02
3.440000e+02 3.261390e+01 7.373734e-02
3.440000e+02 3.262692e+01 6.948453e-02
3.440000e+02 3.255567e+01 7.191149e-02
3.440000e+02 3.258662e+01 7.262196e-02
3.440000e+02 3.257654e+01 7.159102e-02
3.440000e+02 3.268670e+01 7.167773e-02
3.440000e+02 3.256637e+01 7.364229e-02
3.440000e+02 3.265487e+01 7.282960e-02
3.440000e+02 3.272593e+01 7.214531e-02
3.440000e+02 3.260255e+01 7.125093e-02
3.440000e+02 3.254794e+01 7.124929e-02
3.440000e+02 3.256252e+01 7.195343e-02
3.442000e+02 3.410000e+01 7.521044e-02
3.442000e+02 3.410617e+01 7.699649e-02
3.442000e+02 3.417184e+01 7.349271e-02
3.442000e+02 3.397886e+01 7.736322e-02
3.442000e+02 3.406810e+01 7.689857e-02
3.442000e+02 3.422441e+01 7.680044e-02
3.442000e+02 3.398505e+01 7.521022e-02
3.442000e+02 3.408647e+01 7.399365e-02
3.442000e+02 3.408545e+01 7.901634e-02
3.442000e+02 3.407733e+01 7.712938e-02
3.442000e+02 3.420451e+01 7.878082e-02
3.442000e+02 3.409449e+01 7.834185e-02
3.442000e+02 3.406627e+01 7.423062e-02
3.442000e+02 3.425709e+01 7.636640e-02
3.442000e+02 3.405934e+01 7.403216e-02
3.442000e+02 3.403757e+01 7.274971e-02
3.442000e+02 3.397095e+01 7.843833e-02
3.442000e+02 3.408246e+01 7.989899e-02
3.442000e+02 3.402218e+01 7.289331e-02
3.444000e+02 3.575847e+01 7.908185e-02
3.444000e+02 3.576937e+01 8.146716e-02
3.444000e+02 3.579973e+01 7.662848e-02
3.444000e+02 3.578556e+01 8.149219e-02
3.444000e+02 3.575442e+01 7.865869e-02
3.444000e+02 3.556475e+01 7.882370e-02
3.444000e+02 3.567027e+01 8.002171e-02
3.444000e+02 3.562706e+01 8.012169e-02
3.444000e+02 3.563766e+01 7.936466e-02
3.444000e+02 3.575643e+01 7.928182e-02
3.444000e+02 3.569131e+01 8.093854e-02
3.444000e+02 3.584419e+01 7.867316e-02
3.444000e+02 3.577316e+01 7.823436e-02
3.444000e+02 3.562390e+01 7.941881e-02
3.444000e+02 3.580761e+01 7.968456e-02
3.444000e+02 3.556003e+01 8.085780e-02
3.444000e+02 3.565548e+01 8.179989e-02
3.444000e+02 3.567803e+01 7.828907e-02
3.444000e+02 3.574537e+01 8.015879e-02
3.444000e+02 3.560824e+01 7.890935e-02
3.446000e+02 3.751012e+01 8.198179e-02
3.446000e+02 3.759496e+01 8.619918e-02
3.446000e+02 3.762001e+01 8.461583e-02
3.446000e+02 3.754851e+01 8.237025e-02
3.446000e+02 3.753558e+01 8.508805e-02
3.446000e+02 3.738587e+01 8.327887e-02
3.446000e+02 3.752165e+01 8.348253e-02
3.446000e+02 3.780208e+01 8.365099e-02
3.446000e+02 3.753056e+01 8.527335e-02
3.446000e+02 3.774500e+01 8.819514e-02
3.446000e+02 3.753256e+01 8.376876e-02
3.446000e+02 3.763042e+01 8.535360e-02
3.446000e+02 3.748931e+01 8.526719e-02
3.446000e+02 3.746971e+01 8.389161e-02
3.446000e+02 3.756554e+01 8.274955e-02
3.446000e+02 3.763205e+01 8.505084e-02
3.446000e+02 3.762251e+01 8.299549e-02
3.446000e+02 3.742708e+01 8.581746e-02
3.448000e+02 3.956721e+01 8.787593e-02
3.448000e+02 3.954241e+01 8.977074e-02
3.448000e+02 3.967916e+01 8.999512e-02
3.448000e+02 3.950282e+01 8.643636e-02
3.448000e+02 3.963362e+01 8.924337e-02
3.448000e+02 3.953195e+01 9.050272e-02
3.448000e+02 3.959331e+01 8.902620e-02
3.448000e+02 3.966832e+01 8.948923e-02
3.448000e+02 3.943787e+01 9.148327e-02
3.448000e+02 3.953273e+01 8.752250e-02
3.448000e+02 3.952476e+01 8.595455e-02
3.448000e+02 3.958171e+01 8.666771e-02
3.448000e+02 3.965189e+01 9.062510e-02
3.448000e+02 3.967903e+01 8.800954e-02
3.448000e+02 3.963542e+01 9.010084e-02
3.448000e+02 3.961897e+01 9.107277e-02
3.448000e+02 3.951601e+01 8.639888e-02
3.448000e+02 3.965568e+01 8.804671e-02
3.448000e+02 3.965144e+01 9.204898e-02
3.450000e+02 4.186389e+01 9.511111e-02
3.450000e+02 4.189514e+01 9.123395e-02
3.450000e+02 4.193321e+01 9.698568e-02
3.450000e+02 4.191721e+01 9.570919e-02
3.450000e+02 4.185067e+01 9.698095e-02
3.450000e+02 4.188723e+01 9.816080e-02
3.450000e+02 4.191685e+01 9.753283e-02
3.450000e+02 4.179277e+01 9.697085e-02
3.450000e+02 4.183039e+01 9.461988e-02
3.450000e+02 4.185910e+01 9.715902e-02
3.450000e+02 4.183524e+01 9.559209e-02
3.450000e+02 4.177725e+01 9.500868e-02
3.450000e+02 4.175027e+01 9.459285e-02
3.450000e+02 4.201630e+01 9.453282e-02
3.450000e+02 4.175997e+01 9.570609e-02
3.450000e+02 4.211575e+01 9.765673e-02
3.450000e+02 4.203295e+01 9.505882e-02
3.450000e+02 4.191193e+01 9.449054e-02
3.450000e+02 4.188760e+01 9.364074e-02
3.450000e+02 4.186960e+01 9.691489e-02
3.452000e+02 4.466172e+01 1.032308e-01
3.452000e+02 4.474077e+01 1.019091e-01
3.452000e+02 4.451200e+01 1.047452e-01
3.452000e+02 4.432577e+01 1.005109e-01
3.452000e+02 4.433441e+01 1.057312e-01
3.452000e+02 4.459422e+01 9.870542e-02
3.452000e+02 4.455064e+01 1.027022e-01
3.452000e+02 4.444484e+01 1.075370e-01
3.452000e+02 4.469826e+01 9.902839e-02
3.452000e+02 4.446227e+01 1.002384e-01
3.452000e+02 4.458422e+01 1.025713e-01
3.452000e+02 4.454751e+01 9.922775e-02
3.452000e+02 4.466617e+01 1.012463e-01
3.452000e+02 4.469639e+01 9.892202e-02
3.452000e+02 4.441846e+01 1.031016e-01
3.452000e+02 4.455929e+01 1.015341e-01
3.452000e+02 4.461181e+01 1.014613e-01
3.452000e+02 4.444057e+01 1.045778e-01
3.452000e+02 4.455805e+01 1.046250e-01
3.452000e+02 4.442480e+01 1.051318e-01
3.454000e+02 4.743494e+01 1.113979e-01
3.454000e+02 4.742176e+01 1.085207e-01
3.454000e+02 4.758160e+01 1.072568e-01
3.454000e+02 4.750637e+01 1.079773e-01
3.454000e+02 4.738153e+01 1.088285e-01
3.454000e+02 4.744561e+01 1.075960e-01
3.454000e+02 4.743060e+01 1.081358e-01
3.454000e+02 4.725780e+01 1.054057e-01
3.454000e+02 4.742330e+01 1.075440e-01
3.454000e+02 4.766821e+01 1.125208e-01
3.454000e+02 4.739297e+01 1.031529e-01
3.454000e+02 4.732827e+01 1.127474e-01
3.454000e+02 4.780084e+01 1.122987e-01
3.454000e+02 4.751686e+01 1.135719e-01
3.454000e+02 4.753067e+01 1.067903e-01
3.454000e+02 4.746459e+01 1.064996e-01
3.454000e+02 4.751523e+01 1.089008e-01
3.454000e+02 4.750549e+01 1.086776e-01
3.454000e+02 4.751110e+01 1.079323e-01
3.454000e+02 4.748805e+01 1.069054e-01
3.456000e+02 5.114682e+01 1.200734e-01
3.456000e+02 5.089938e+01 1.177518e-01
3.456000e+02 5.093912e+01 1.179569e-01
3.456000e+02 5.085883e+01 1.189087e-01
3.456000e+02 5.097874e+01 1.184028e-01
3.456000e+02 5.086173e+01 1.181714e-01
3.456000e+02 5.105901e+01 1.194134e-01
3.456000e+02 5.093609e+01 1.179578e-01
3.456000e+02 5.121865e+01 1.211110e-01
3.456000e+02 5.096334e+01 1.236944e-01
3.456000e+02 5.099009e+01 1.171759e-01
3.456000e+02 5.074881e+01 1.194600e-01
3.456000e+02 5.098300e+01 1.231694e-01
3.456000e+02 5.100389e+01 1.211752e-01
3.456000e+02 5.088842e+01 1.154321e-01
3.456000e+02 5.068231e+01 1.150170e-01
3.456000e+02 5.099379e+01 1.185144e-01
3.456000e+02 5.089340e+01 1.179791e-01
3.458000e+02 5.480756e+01 1.308184e-01
3.458000e+02 5.460273e+01 1.308586e-01
3.458000e+02 5.478023e+01 1.339040e-01
3.458000e+02 5.471920e+01 1.218977e-01
3.458000e+02 5.467320e+01 1.301756e-01
3.458000e+02 5.472292e+01 1.256887e-01
3.458000e+02 5.521057e+01 1.329224e-01
3.458000e+02 5.491196e+01 1.292004e-01
3.458000e+02 5.491288e+01 1.349331e-01
3.458000e+02 5.477977e+01 1.278359e-01
3.458000e+02 5.466058e+01 1.288890e-01
3.458000e+02 5.476006e+01 1.264085e-01
3.458000e+02 5.473908e+01 1.308450e-01
3.458000e+02 5.499631e+01 1.327649e-01
3.458000e+02 5.485777e+01 1.362853e-01
3.458000e+02 5.477103e+01 1.234453e-01
3.458000e+02 5.514293e+01 1.305987e-01
3.458000e+02 5.526173e+01 1.291454e-01
3.458000e+02 5.471099e+01 1.251646e-01
3.460000e+02 5.902857e+01 1.361489e-01
3.460000e+02 5.945482e+01 1.378294e-01
3.460000e+02 5.946017e+01 1.537388e-01
3.460000e+02 5.933841e+01 1.345874e-01
3.460000e+02 5.953367e+01 1.363925e-01
3.460000e+02 5.911232e+01 1.400840e-01
3.460000e+02 5.947670e+01 1.424596e-01
3.460000e+02 5.931519e+01 1.344676e-01
3.460000e+02 5.924112e+01 1.430584e-01
3.460000e+02 5.915991e+01 1.355011e-01
3.460000e+02 5.957016e+01 1.329926e-01
3.460000e+02 5.957825e+01 1.423946e-01
3.460000e+02 5.963879e+01 1.440116e-01
3.460000e+02 5.929351e+01 1.362513e-01
3.460000e+02 5.938089e+01 1.352360e-01
3.460000e+02 5.914699e+01 1.382790e-01
3.460000e+02 5.952658e+01 1.431990e-01
3.460000e+02 5.909890e+01 1.400818e-01
3.460000e+02 5.940047e+01 1.358814e-01
3.462000e+02 6.426425e+01 1.497305e-01
3.462000e+02 6.439993e+01 1.480697e-01
3.462000e+02 6.428746e+01 1.496417e-01
3.462000e+02 6.414632e+01 1.529550e-01
3.462000e+02 6.426207e+01 1.509599e-01
3.462000e+02 6.452435e+01 1.494371e-01
3.462000e+02 6.442584e+01 1.548046e-01
3.462000e+02 6.453880e+01 1.518023e-01
3.462000e+02 6.425631e+01 1.569635e-01
3.462000e+02 6.442960e+01 1.524395e-01
3.462000e+02 6.428195e+01 1.535649e-01
3.462000e+02 6.436410e+01 1.542013e-01
3.462000e+02 6.452407e+01 1.499006e-01
3.462000e+02 6.432018e+01 1.504610e-01
3.462000e+02 6.446014e+01 1.469727e-01
3.462000e+02 6.430129e+01 1.490382e-01
3.462000e+02 6.462874e+01 1.472319e-01
3.462000e+02 6.431400e+01 1.488744e-01
3.462000e+02 6.453294e+01 1.521736e-01
3.464000e+02 6.967453e+01 1.560188e-01
3.464000e+02 7.005109e+01 1.464574e-01
3.464000e+02 6.989732e+01 1.514977e-01
3.464000e+02 6.975596e+01 1.519792e-01
3.464000e+02 7.007520e+01 1.507076e-01
3.464000e+02 6.977593e+01 1.623081e-01
3.464000e+02 6.975182e+01 1.549173e-01
3.464000e+02 6.987235e+01 1.521418e-01
3.464000e+02 6.974957e+01 1.579703e-01
3.464000e+02 6.971403e+01 1.535445e-01
3.464000e+02 6.990989e+01 1.512375e-01
3.464000e+02 6.984027e+01 1.584915e-01
3.464000e+02 7.009340e+01 1.564123e-01
3.464000e+02 6.993035e+01 1.526961e-01
3.464000e+02 6.994344e+01 1.581843e-01
3.464000e+02 6.981826e+01 1.515883e-01
3.464000e+02 6.997748e+01 1.522186e-01
3.464000e+02 7.002610e+01 1.513302e-01
3.464000e+02 6.983941e+01 1.524720e-01
3.466000e+02 7.597905e+01 1.689909e-01
3.466000e+02 7.580392e+01 1.663628e-01
3.466000e+02 7.593823e+01 1.625429e-01
3.466000e+02 7.605001e+01 1.671457e-01
3.466000e+02 7.600675e+01 1.673192e-01
3.466000e+02 7.569455e+01 1.668521e-01
3.466000e+02 7.596860e+01 1.703636e-01
3.466000e+02 7.556277e+01 1.684094e-01
3.466000e+02 7.570014e+01 1.627411e-01
3.466000e+02 7.561138e+01 1.615232e-01
3.466000e+02 7.587476e+01 1.654238e-01
3.466000e+02 7.569742e+01 1.658383e-01
3.466000e+02 7.588872e+01 1.693784e-01
3.466000e+02 7.607662e+01 1.683499e-01
3.466000e+02 7.589339e+01 1.610447e-01
3.466000e+02 7.574848e+01 1.641193e-01
3.466000e+02 7.578009e+01 1.658247e-01
3.466000e+02 7.568486e+01 1.661422e-01
3.466000e+02 7.580163e+01 1.594077e-01
3.466000e+02 7.590863e+01 1.643007e-01
3.468000e+02 8.202073e+01 1.791917e-01
3.468000e+02 8.206000e+01 1.782967e-01
3.468000e+02 8.230625e+01 1.778733e-01
3.468000e+02 8.239642e+01 1.817264e-01
3.468000e+02 8.228706e+01 1.787965e-01
3.468000e+02 8.247695e+01 1.881444e-01
3.468000e+02 8.183534e+01 1.755471e-01
3.468000e+02 8.179741e+01 1.748655e-01
3.468000e+02 8.236698e+01 1.790436e-01
3.468000e+02 8.227601e+01 1.745773e-01
3.468000e+02 8.227108e+01 1.794331e-01
3.468000e+02 8.216804e+01 1.870467e-01
3.468000e+02 8.220532e+01 1.804000e-01
3.468000e+02 8.217320e+01 1.838450e-01
3.468000e+02 8.196734e+01 1.804580e-01
3.468000e+02 8.213680e+01 1.807700e-01
3.468000e+02 8.244478e+01 1.778650e-01
3.468000e+02 8.240524e+01 1.816834e-01
3.468000e+02 8.225675e+01 1.814252e-01
3.468000e+02 8.218966e+01 1.770882e-01
3.470000e+02 8.903014e+01 1.918068e-01
3.470000e+02 8.902259e+01 1.917253e-01
3.470000e+02 8.881233e+01 1.944324e-01
3.470000e+02 8.899536e+01 2.034347e-01
3.470000e+02 8.885325e+01 1.955220e-01
3.470000e+02 8.867941e+01 1.977621e-01
3.470000e+02 8.872033e+01 1.912031e-01
3.470000e+02 8.922758e+01 1.976425e-01
3.470000e+02 8.884509e+01 1.916262e-01
3.470000e+02 8.867457e+01 1.919735e-01
3.470000e+02 8.912702e+01 1.898157e-01
3.470000e+02 8.906296e+01 1.884855e-01
3.470000e+02 8.926991e+01 1.925063e-01
3.470000e+02 8.880383e+01 1.968601e-01
3.470000e+02 8.857639e+01 1.889842e-01
3.470000e+02 8.875058e+01 1.952379e-01
3.470000e+02 8.909570e+01 1.953497e-01
3.470000e+02 8.843218e+01 1.909159e-01
3.470000e+02 8.913090e+01 1.889201e-01
3.470000e+02 8.901264e+01 1.945128e-01
3.472000e+02 9.547661e+01 2.021926e-01
3.472000e+02 9.596004e+01 2.003353e-01
3.472000e+02 9.588806e+01 2.027762e-01
3.472000e+02 9.526208e+01 2.065128e-01
3.472000e+02 9.572659e+01 2.110716e-01
3.472000e+02 9.541196e+01 2.038215e-01
3.472000e+02 9.599275e+01 2.097939e-01
3.472000e+02 9.550768e+01 2.049133e-01
3.472000e+02 9.587445e+01 2.065055e-01
3.472000e+02 9.607424e+01 2.046193e-01
3.472000e+02 9.580292e+01 2.062154e-01
3.472000e+02 9.564745e+01 2.062771e-01
3.472000e+02 9.570144e+01 2.077534e-01
3.472000e+02 9.578283e+01 2.088167e-01
3.472000e+02 9.546102e+01 2.057094e-01
3.472000e+02 9.547303e+01 2.042553e-01
3.472000e+02 9.542145e+01 2.029439e-01
3.472000e+02 9.612364e+01 2.094576e-01
3.472000e+02 9.533180e+01 2.058930e-01
3.472000e+02 9.547039e+01 2.072961e-01
3.474000e+02 1.026102e+02 2.246641e-01
3.474000e+02 1.027725e+02 2.223410e-01
3.474000e+02 1.021327e+02 2.167420e-01
3.474000e+02 1.026532e+02 2.281835e-01
3.474000e+02 1.021889e+02 2.214878e-01
3.474000e+02 1.029464e+02 2.183548e-01
3.474000e+02 1.021357e+02 2.237939e-01
3.474000e+02 1.020906e+02 2.198589e-01
3.474000e+02 1.022143e+02 2.224569e-01
3.474000e+02 1.028809e+02 2.195658e-01
3.474000e+02 1.027166e+02 2.208976e-01
3.474000e+02 1.023697e+02 2.226648e-01
3.474000e+02 1.026361e+02 2.178933e-01
3.474000e+02 1.026921e+02 2.203584e-01
3.474000e+02 1.025600e+02 2.198356e-01
3.474000e+02 1.029085e+02 2.238468e-01
3.474000e+02 1.023180e+02 2.210341e-01
3.474000e+02 1.029202e+02 2.201706e-01
3.474000e+02 1.024833e+02 2.192289e-01
3.474000e+02 1.022897e+02 2.143711e-01
3.476000e+02 1.089999e+02 2.394866e-01
3.476000e+02 1.096722e+02 2.375019e-01
3.476000e+02 1.095392e+02 2.355985e-01
3.476000e+02 1.097051e+02 2.388420e-01
3.476000e+02 1.097876e+02 2.345208e-01
3.476000e+02 1.093464e+02 2.349899e-01
3.476000e+02 1.095855e+02 2.407718e-01
3.476000e+02 1.094490e+02 2.346511e-01
3.476000e+02 1.088341e+02 2.357515e-01
3.476000e+02 1.094336e+02 2.319132e-01
3.476000e+02 1.097564e+02 2.334812e-01
3.476000e+02 1.096812e+02 2.353000e-01
3.476000e+02 1.092276e+02 2.331106e-01
3.476000e+02 1.094217e+02 2.346246e-01
3.476000e+02 1.092675e+02 2.372055e-01
3.476000e+02 1.096670e+02 2.382455e-01
3.476000e+02 1.098206e+02 2.345549e-01
3.476000e+02 1.093851e+02 2.345364e-01
3.476000e+02 1.094282e+02 2.364161e-01
3.476000e+02 1.096814e+02 2.379258e-01
3.478000e+02 1.161048e+02 2.463395e-01
3.478000e+02 1.166502e+02 2.553926e-01
3.478000e+02 1.163800e+02 2.532173e-01
3.478000e+02 1.167023e+02 2.553046e-01
3.478000e+02 1.162611e+02 2.495896e-01
3.478000e+02 1.164872e+02 2.514488e-01
3.478000e+02 1.162792e+02 2.472206e-01
3.478000e+02 1.165080e+02 2.519142e-01
3.478000e+02 1.160680e+02 2.508244e-01
3.478000e+02 1.164229e+02 2.554875e-01
3.478000e+02 1.162689e+02 2.463197e-01
3.478000e+02 1.165308e+02 2.501839e-01
3.478000e+02 1.161245e+02 2.486776e-01
3.478000e+02 1.161581e+02 2.533559e-01
3.478000e+02 1.161726e+02 2.457853e-01
3.478000e+02 1.161992e+02 2.485205e-01
3.478000e+02 1.161253e+02 2.519704e-01
3.478000e+02 1.161516e+02 2.518349e-01
3.478000e+02 1.166546e+02 2.517638e-01
3.478000e+02 1.167007e+02 2.501571e-01
3.480000e+02 1.233106e+02 2.673051e-01
3.480000e+02 1.235938e+02 2.662158e-01
3.480000e+02 1.233123e+02 2.717285e-01
3.480000e+02 1.232372e+02 2.626636e-01
3.480000e+02 1.230670e+02 2.691468e-01
3.480000e+02 1.234034e+02 2.626855e-01
3.480000e+02 1.229541e+02 2.733683e-01
3.480000e+02 1.230258e+02 2.605624e-01
3.480000e+02 1.229746e+02 2.743162e-01
3.480000e+02 1.232874e+02 2.625407e-01
3.480000e+02 1.234826e+02 2.666337e-01
3.480000e+02 1.233844e+02 2.576990e-01
3.480000e+02 1.233595e+02 2.690808e-01
3.480000e+02 1.228996e+02 2.625184e-01
3.480000e+02 1.234330e+02 2.695101e-01
3.480000e+02 1.231015e+02 2.648723e-01
3.480000e+02 1.234856e+02 2.670514e-01
3.480000e+02 1.230278e+02 2.637152e-01
3.480000e+02 1.229826e+02 2.643672e-01
3.480000e+02 1.230274e+02 2.607740e-01
3.482000e+02 1.298768e+02 2.772051e-01
3.482000e+02 1.298449e+02 2.744103e-01
3.482000e+02 1.296710e+02 2.837583e-01
3.482000e+02 1.303558e+02 2.821996e-01
3.482000e+02 1.296454e+02 2.732919e-01
3.482000e+02 1.300454e+02 2.853153e-01
3.482000e+02 1.298265e+02 2.773843e-01
3.482000e+02 1.300889e+02 2.781304e-01
3.482000e+02 1.295072e+02 2.813638e-01
3.482000e+02 1.300098e+02 2.852843e-01
3.482000e+02 1.298626e+02 2.811654e-01
3.482000e+02 1.299663e+02 2.777471e-01
3.482000e+02 1.301186e+02 2.763821e-01
3.482000e+02 1.303649e+02 2.883285e-01
3.482000e+02 1.294732e+02 3.085271e-01
3.482000e+02 1.297130e+02 2.806646e-01
3.482000e+02 1.298608e+02 2.838586e-01
3.482000e+02 1.294808e+02 2.747012e-01
3.482000e+02 1.300479e+02 2.864734e-01
3.482000e+02 1.301067e+02 2.794876e-01
3.484000e+02 1.366269e+02 2.896994e-01
3.484000e+02 1.361591e+02 2.930991e-01
3.484000e+02 1.362752e+02 2.882891e-01
3.484000e+02 1.361802e+02 2.919360e-01
3.484000e+02 1.363088e+02 2.899261e-01
3.484000e+02 1.362213e+02 2.945104e-01
3.484000e+02 1.360400e+02 2.921748e-01
3.484000e+02 1.366250e+02 2.908910e-01
3.484000e+02 1.362644e+02 2.968749e-01
3.484000e+02 1.358929e+02 2.966941e-01
3.484000e+02 1.364145e+02 2.975834e-01
3.484000e+02 1.362843e+02 2.965160e-01
3.484000e+02 1.365952e+02 3.000259e-01
3.484000e+02 1.366066e+02 3.043016e-01
3.484000e+02 1.359356e+02 2.932196e-01
3.484000e+02 1.362744e+02 2.930229e-01
3.484000e+02 1.361000e+02 2.933983e-01
3.484000e+02 1.363560e+02 2.926680e-01
3.486000e+02 1.434295e+02 3.212913e-01
3.486000e+02 1.426562e+02 3.043257e-01
3.486000e+02 1.427460e+02 3.106313e-01
3.486000e+02 1.433358e+02 3.141035e-01
3.486000e+02 1.430719e+02 3.097630e-01
3.486000e+02 1.427910e+02 3.089164e-01
3.486000e+02 1.432661e+02 3.194894e-01
3.486000e+02 1.427893e+02 3.117194e-01
3.486000e+02 1.427095e+02 3.152210e-01
3.486000e+02 1.423410e+02 3.077349e-01
3.486000e+02 1.427637e+02 3.044842e-01
3.486000e+02 1.428826e+02 3.107955e-01
3.486000e+02 1.428213e+02 3.019498e-01
3.486000e+02 1.425484e+02 3.094209e-01
3.486000e+02 1.430934e+02 3.118716e-01
3.486000e+02 1.424311e+02 3.049689e-01
3.486000e+02 1.431640e+02 3.080664e-01
3.486000e+02 1.425741e+02 3.102564e-01
3.486000e+02 1.428714e+02 3.206812e-01
3.488000e+02 1.496060e+02 3.287385e-01
3.488000e+02 1.491268e+02 3.291798e-01
3.488000e+02 1.496375e+02 3.270614e-01
3.488000e+02 1.496753e+02 3.292115e-01
3.488000e+02 1.491576e+02 3.449414e-01
3.488000e+02 1.498138e+02 3.255537e-01
3.488000e+02 1.497316e+02 3.252459e-01
3.488000e+02 1.491214e+02 3.227837e-01
3.488000e+02 1.492081e+02 3.233775e-01
3.488000e+02 1.486625e+02 3.305841e-01
3.488000e+02 1.494763e+02 3.208202e-01
3.488000e+02 1.490709e+02 3.200280e-01
3.488000e+02 1.495128e+02 3.226179e-01
3.488000e+02 1.493496e+02 3.259824e-01
3.488000e+02 1.496967e+02 3.278033e-01
3.488000e+02 1.492075e+02 3.522420e-01
3.488000e+02 1.491871e+02 3.241368e-01
3.488000e+02 1.489620e+02 3.172788e-01
3.488000e+02 1.495910e+02 3.265632e-01
3.488000e+02 1.489198e+02 3.265395e-01
3.490000e+02 1.546637e+02 3.435470e-01
3.490000e+02 1.555342e+02 3.441205e-01
3.490000e+02 1.554764e+02 3.417112e-01
3.490000e+02 1.555872e+02 3.373854e-01
3.490000e+02 1.555667e+02 3.382539e-01
3.490000e+02 1.554208e+02 3.372185e-01
3.490000e+02 1.552438e+02 3.542438e-01
3.490000e+02 1.554175e+02 3.341444e-01
3.490000e+02 1.550542e+02 3.403226e-01
3.490000e+02 1.561044e+02 3.382780e-01
3.490000e+02 1.559632e+02 3.409607e-01
3.490000e+02 1.553453e+02 3.357782e-01
3.490000e+02 1.550914e+02 3.374875e-01
3.490000e+02 1.552740e+02 3.415633e-01
3.490000e+02 1.551710e+02 3.363635e-01
3.490000e+02 1.551232e+02 3.387101e-01
3.490000e+02 1.554603e+02 3.399345e-01
3.490000e+02 1.560877e+02 3.391470e-01
3.490000e+02 1.564300e+02 3.385036e-01
3.490000e+02 1.558642e+02 3.455758e-01
3.492000e+02 1.620668e+02 3.657930e-01
3.492000e+02 1.619186e+02 3.552484e-01
3.492000e+02 1.613910e+02 3.620287e-01
3.492000e+02 1.610971e+02 3.535023e-01
3.492000e+02 1.613224e+02 3.539903e-01
3.492000e+02 1.620810e+02 3.499536e-01
3.492000e+02 1.615129e+02 3.538272e-01
3.492000e+02 1.618749e+02 3.488645e-01
3.492000e+02 1.612765e+02 3.494974e-01
3.492000e+02 1.612917e+02 3.586067e-01
3.492000e+02 1.618110e+02 3.591368e-01
3.492000e+02 1.621245e+02 3.568066e-01
3.492000e+02 1.606775e+02 3.585144e-01
3.492000e+02 1.615920e+02 3.491864e-01
3.492000e+02 1.620335e+02 3.564365e-01
3.492000e+02 1.614381e+02 3.489108e-01
3.492000e+02 1.620139e+02 3.573225e-01
3.492000e+02 1.612625e+02 3.511121e-01
3.492000e+02 1.614432e+02 3.518566e-01
3.492000e+02 1.619831e+02 3.575820e-01
3.494000e+02 1.683189e+02 3.683295e-01
3.494000e+02 1.674463e+02 3.624783e-01
3.494000e+02 1.673386e+02 3.638291e-01
3.494000e+02 1.679626e+02 3.688501e-01
3.494000e+02 1.672203e+02 3.634492e-01
3.494000e+02 1.680162e+02 3.672790e-01
3.494000e+02 1.676151e+02 3.589794e-01
3.494000e+02 1.671413e+02 3.719483e-01
3.494000e+02 1.669379e+02 3.736145e-01
3.494000e+02 1.674386e+02 3.732208e-01
3.494000e+02 1.672901e+02 3.681691e-01
3.494000e+02 1.676639e+02 3.741661e-01
3.494000e+02 1.677282e+02 3.674944e-01
3.494000e+02 1.673437e+02 3.746575e-01
3.494000e+02 1.676329e+02 3.708440e-01
3.494000e+02 1.677918e+02 3.839261e-01
3.494000e+02 1.670458e+02 3.617991e-01
3.494000e+02 1.675806e+02 3.673639e-01
3.494000e+02 1.681440e+02 3.687228e-01
3.494000e+02 1.681071e+02 3.662633e-01
3.496000e+02 1.733010e+02 3.793609e-01
3.496000e+02 1.736796e+02 3.854715e-01
3.496000e+02 1.727315e+02 3.809992e-01
3.496000e+02 1.734224e+02 3.824971e-01
3.496000e+02 1.733085e+02 3.827589e-01
3.496000e+02 1.733381e+02 3.740385e-01
3.496000e+02 1.734736e+02 3.864822e-01
3.496000e+02 1.736402e+02 3.877254e-01
3.496000e+02 1.734962e+02 3.818917e-01
3.496000e+02 1.738164e+02 3.817907e-01
3.496000e+02 1.734588e+02 3.805492e-01
3.496000e+02 1.734868e+02 3.736069e-01
3.496000e+02 1.734413e+02 3.817233e-01
3.496000e+02 1.741921e+02 3.910249e-01
3.496000e+02 1.734558e+02 3.849482e-01
3.496000e+02 1.741359e+02 3.826960e-01
3.496000e+02 1.734097e+02 3.847608e-01
3.496000e+02 1.731481e+02 3.810758e-01
3.496000e+02 1.737546e+02 3.826495e-01
3.496000e+02 1.735417e+02 3.831101e-01
3.498000e+02 1.795126e+02 3.993506e-01
3.498000e+02 1.794030e+02 3.998888e-01
3.498000e+02 1.792962e+02 4.016312e-01
3.498000e+02 1.789218e+02 3.976301e-01
3.498000e+02 1.787444e+02 4.031573e-01
3.498000e+02 1.794895e+02 4.014988e-01
3.498000e+02 1.800920e+02 4.008746e-01
3.498000e+02 1.790193e+02 3.959423e-01
3.498000e+02 1.790603e+02 4.070127e-01
3.498000e+02 1.791695e+02 3.971263e-01
3.498000e+02 1.797547e+02 4.270489e-01
3.498000e+02 1.793107e+02 4.180054e-01
3.498000e+02 1.790209e+02 4.011530e-01
3.498000e+02 1.795704e+02 3.884880e-01
3.498000e+02 1.790309e+02 3.929648e-01
3.498000e+02 1.791841e+02 3.966287e-01
3.498000e+02 1.791800e+02 4.021510e-01
3.498000e+02 1.793659e+02 3.996527e-01
3.498000e+02 1.795072e+02 3.964330e-01
3.500000e+02 1.849015e+02 4.165277e-01
3.500000e+02 1.846760e+02 4.051197e-01
3.500000e+02 1.851562e+02 4.092479e-01
3.500000e+02 1.852830e+02 4.129636e-01
3.500000e+02 1.848405e+02 4.021247e-01
3.500000e+02 1.846343e+02 4.144305e-01
3.500000e+02 1.850638e+02 4.097134e-01
3.500000e+02 1.846127e+02 4.084558e-01
3.500000e+02 1.848898e+02 4.162116e-01
3.500000e+02 1.854132e+02 4.110142e-01
3.500000e+02 1.839622e+02 4.080414e-01
3.500000e+02 1.846976e+02 4.125210e-01
3.500000e+02 1.858417e+02 4.142362e-01
3.500000e+02 1.845185e+02 4.073754e-01
3.500000e+02 1.849128e+02 4.076538e-01
3.500000e+02 1.853449e+02 4.078165e-01
3.500000e+02 1.847417e+02 4.143716e-01
3.500000e+02 1.854302e+02 4.101161e-01
3.500000e+02 1.848771e+02 4.100208e-01
3.510000e+02 2.115569e+02 4.818744e-01
3.510000e+02 2.123855e+02 4.903606e-01
3.510000e+02 2.113204e+02 4.712607e-01
3.510000e+02 2.117513e+02 4.750370e-01
3.510000e+02 2.112566e+02 4.802521e-01
3.510000e+02 2.118911e+02 4.792183e-01
3.510000e+02 2.117001e+02 4.774800e-01
3.510000e+02 2.113663e+02 4.858290e-01
3.510000e+02 2.113751e+02 4.949228e-01
3.510000e+02 2.120150e+02 4.859699e-01
3.510000e+02 2.116691e+02 4.784221e-01
3.510000e+02 2.114997e+02 4.797464e-01
3.510000e+02 2.124372e+02 4.894132e-01
3.510000e+02 2.120500e+02 4.797035e-01
3.510000e+02 2.120849e+02 4.779914e-01
3.510000e+02 2.116558e+02 4.801211e-01
3.510000e+02 2.111562e+02 4.846755e-01
3.510000e+02 2.108863e+02 4.812929e-01
3.510000e+02 2.118571e+02 4.832853e-01
3.510000e+02 2.111436e+02 4.797906e-01
3.520000e+02 2.360801e+02 5.575308e-01
3.520000e+02 2.361378e+02 5.466890e-01
3.520000e+02 2.358139e+02 5.394360e-01
3.520000e+02 2.363296e+02 5.453218e-01
3.520000e+02 2.362994e+02 5.475663e-01
3.520000e+02 2.361454e+02 5.490451e-01
3.520000e+02 2.363489e+02 5.368076e-01
3.520000e+02 2.365136e+02 5.785415e-01
3.520000e+02 2.364922e+02 5.402383e-01
3.520000e+02 2.355784e+02 5.439157e-01
3.520000e+02 2.355875e+02 5.551797e-01
3.520000e+02 2.357878e+02 5.456041e-01
3.520000e+02 2.357624e+02 5.467535e-01
3.520000e+02 2.359891e+02 5.421427e-01
3.520000e+02 2.365170e+02 5.472726e-01
3.520000e+02 2.365858e+02 5.504034e-01
3.520000e+02 2.361318e+02 5.394373e-01
3.520000e+02 2.351715e+02 5.415986e-01
3.520000e+02 2.354397e+02 5.451390e-01
3.520000e+02 2.360163e+02 5.465753e-01
3.530000e+02 2.590928e+02 5.994042e-01
3.530000e+02 2.584209e+02 6.173356e-01
3.530000e+02 2.592104e+02 6.035020e-01
3.530000e+02 2.585257e+02 5.920507e-01
3.530000e+02 2.587843e+02 6.011413e-01
3.530000e+02 2.573996e+02 5.981350e-01
3.530000e+02 2.588798e+02 6.135638e-01
3.530000e+02 2.594727e+02 6.071674e-01
3.530000e+02 2.585369e+02 6.172254e-01
3.530000e+02 2.581414e+02 6.042980e-01
3.530000e+02 2.585386e+02 6.123442e-01
3.530000e+02 2.584958e+02 6.040757e-01
3.530000e+02 2.589208e+02 6.090852e-01
3.530000e+02 2.590110e+02 5.992649e-01
3.530000e+02 2.590966e+02 5.940577e-01
3.530000e+02 2.595167e+02 6.293123e-01
3.530000e+02 2.592046e+02 6.082658e-01
3.530000e+02 2.574586e+02 6.064133e-01
3.530000e+02 2.584022e+02 6.183026e-01
3.530000e+02 2.589501e+02 6.149422e-01
3.540000e+02 2.810475e+02 6.500818e-01
3.540000e+02 2.806176e+02 6.730437e-01
3.540000e+02 2.811280e+02 6.542705e-01
3.540000e+02 2.798465e+02 6.569981e-01
3.540000e+02 2.799895e+02 6.819770e-01
3.540000e+02 2.804981e+02 6.430345e-01
3.540000e+02 2.802886e+02 6.480361e-01
3.540000e+02 2.796448e+02 6.485609e-01
3.540000e+02 2.810085e+02 6.739185e-01
3.540000e+02 2.796405e+02 6.653719e-01
3.540000e+02 2.787170e+02 6.616699e-01
3.540000e+02 2.808211e+02 6.666889e-01
3.540000e+02 2.801507e+02 6.623156e-01
3.540000e+02 2.805216e+02 6.643249e-01
3.540000e+02 2.801216e+02 6.582733e-01
3.540000e+02 2.791715e+02 6.656815e-01
3.540000e+02 2.805561e+02 6.566187e-01
3.540000e+02 2.785722e+02 6.491610e-01
3.540000e+02 2.797511e+02 6.678942e-01
3.540000e+02 2.806667e+02 6.602164e-01
3.550000e+02 2.996265e+02 7.009026e-01
3.550000e+02 3.000308e+02 7.001059e-01
3.550000e+02 3.002729e+02 6.985579e-01
3.550000e+02 3.006396e+02 7.785835e-01
3.550000e+02 2.999731e+02 7.071612e-01
3.550000e+02 2.997516e+02 7.254779e-01
3.550000e+02 2.997769e+02 7.179782e-01
3.550000e+02 2.997431e+02 7.143082e-01
3.550000e+02 2.992202e+02 7.024272e-01
3.550000e+02 2.998090e+02 6.986082e-01
3.550000e+02 3.005483e+02 7.137492e-01
3.550000e+02 2.999426e+02 7.150211e-01
3.550000e+02 2.992590e+02 7.103864e-01
3.550000e+02 2.987879e+02 7.191384e-01
3.550000e+02 3.006125e+02 7.069380e-01
3.550000e+02 3.003284e+02 7.051161e-01
3.550000e+02 2.999570e+02 7.018441e-01
3.550000e+02 2.996498e+02 7.275151e-01
3.550000e+02 3.006445e+02 7.064174e-01
3.550000e+02 2.991238e+02 7.052522e-01
3.560000e+02 3.184184e+02 7.513420e-01
3.560000e+02 3.179310e+02 7.463784e-01
3.560000e+02 3.197629e+02 7.482373e-01
3.560000e+02 3.180736e+02 7.511623e-01
3.560000e+02 3.189779e+02 7.577718e-01
3.560000e+02 3.184222e+02 7.574441e-01
3.560000e+02 3.177500e+02 7.418264e-01
3.560000e+02 3.170013e+02 7.554415e-01
3.560000e+02 3.189351e+02 7.613173e-01
3.560000e+02 3.184046e+02 7.467438e-01
3.560000e+02 3.181695e+02 7.434352e-01
3.560000e+02 3.183572e+02 7.552717e-01
3.560000e+02 3.185092e+02 7.658945e-01
3.560000e+02 3.185268e+02 7.580085e-01
3.560000e+02 3.172371e+02 7.513962e-01
3.560000e+02 3.186544e+02 7.460801e-01
3.560000e+02 3.186094e+02 7.576153e-01
3.560000e+02 3.184721e+02 7.627937e-01
3.560000e+02 3.184200e+02 7.584164e-01
3.560000e+02 3.184126e+02 7.569763e-01
3.570000e+02 3.352734e+02 8.127555e-01
3.570000e+02 3.347608e+02 7.748642e-01
3.570000e+02 3.353939e+02 8.036259e-01
3.570000e+02 3.363357e+02 7.882989e-01
3.570000e+02 3.359463e+02 8.227471e-01
3.570000e+02 3.351166e+02 7.940415e-01
3.570000e+02 3.350194e+02 7.939649e-01
3.570000e+02 3.350732e+02 8.029332e-01
3.570000e+02 3.357611e+02 8.144800e-01
3.570000e+02 3.358562e+02 7.997728e-01
3.570000e+02 3.352530e+02 7.996359e-01
3.570000e+02 3.362598e+02 7.950333e-01
3.570000e+02 3.365445e+02 7.998734e-01
3.570000e+02 3.348599e+02 7.988389e-01
3.570000e+02 3.363424e+02 8.102387e-01
3.570000e+02 3.363476e+02 7.884240e-01
3.570000e+02 3.352156e+02 7.815557e-01
3.570000e+02 3.360061e+02 7.910240e-01
3.570000e+02 3.355666e+02 7.925296e-01
3.580000e+02 3.524601e+02 8.386869e-01
3.580000e+02 3.537666e+02 8.298725e-01
3.580000e+02 3.525370e+02 8.461110e-01
3.580000e+02 3.515662e+02 8.338013e-01
3.580000e+02 3.517345e+02 8.308513e-01
3.580000e+02 3.526094e+02 8.489236e-01
3.580000e+02 3.536627e+02 8.409717e-01
3.580000e+02 3.525833e+02 8.441280e-01
3.580000e+02 3.533870e+02 8.753882e-01
3.580000e+02 3.521563e+02 8.568624e-01
3.580000e+02 3.531064e+02 8.338900e-01
3.580000e+02 3.510770e+02 8.438041e-01
3.580000e+02 3.524385e+02 8.179200e-01
3.580000e+02 3.518965e+02 8.417649e-01
3.580000e+02 3.508750e+02 8.523360e-01
3.580000e+02 3.540237e+02 8.485802e-01
3.580000e+02 3.523401e+02 8.531999e-01
3.580000e+02 3.520746e+02 8.426161e-01
3.580000e+02 3.525771e+02 8.573850e-01
3.580000e+02 3.530067e+02 8.322754e-01
3.590000e+02 3.674113e+02 8.764755e-01
3.590000e+02 3.680700e+02 9.020472e-01
3.590000e+02 3.678422e+02 8.800047e-01
3.590000e+02 3.676707e+02 8.850191e-01
3.590000e+02 3.682063e+02 8.786134e-01
3.590000e+02 3.685029e+02 8.798729e-01
3.590000e+02 3.685923e+02 8.781468e-01
3.590000e+02 3.676815e+02 8.850634e-01
3.590000e+02 3.679863e+02 8.954867e-01
3.590000e+02 3.674467e+02 8.933385e-01
3.590000e+02 3.699681e+02 8.876746e-01
3.590000e+02 3.678942e+02 8.730999e-01
3.590000e+02 3.659955e+02 8.729404e-01
3.590000e+02 3.678941e+02 8.739031e-01
3.590000e+02 3.684491e+02 8.805923e-01
3.590000e+02 3.675357e+02 8.945385e-01
3.590000e+02 3.680435e+02 8.826590e-01
3.590000e+02 3.689733e+02 8.819047e-01
3.590000e+02 3.670053e+02 8.824043e-01
3.600000e+02 3.812616e+02 9.199150e-01
3.600000e+02 3.825750e+02 9.231387e-01
3.600000e+02 3.816333e+02 9.138925e-01
3.600000e+02 3.819588e+02 9.179849e-01
3.600000e+02 3.809931e+02 9.164039e-01
3.600000e+02 3.846537e+02 8.983504e-01
3.600000e+02 3.846327e+02 9.203902e-01
3.600000e+02 3.823808e+02 9.282903e-01
3.600000e+02 3.836884e+02 9.126290e-01
3.600000e+02 3.829706e+02 9.143755e-01
3.600000e+02 3.823312e+02 9.224011e-01
3.600000e+02 3.844216e+02 9.268551e-01
3.600000e+02 3.827537e+02 9.252560e-01
3.600000e+02 3.834516e+02 9.012750e-01
3.600000e+02 3.836108e+02 9.359000e-01
3.600000e+02 3.824057e+02 9.281275e-01
3.600000e+02 3.829601e+02 9.113905e-01
3.600000e+02 3.818146e+02 9.198027e-01
3.600000e+02 3.823720e+02 9.151147e-01
3.600000e+02 3.824265e+02 9.273846e-01
3.650000e+02 4.471006e+02 1.112493e+00
3.650000e+02 4.445139e+02 1.056817e+00
3.650000e+02 4.458245e+02 1.077828e+00
3.650000e+02 4.472141e+02 1.073596e+00
3.650000e+02 4.469642e+02 1.085105e+00
3.650000e+02 4.468606e+02 1.094128e+00
3.650000e+02 4.483961e+02 1.088964e+00
3.650000e+02 4.467380e+02 1.068627e+00
3.650000e+02 4.453291e+02 1.061854e+00
3.650000e+02 4.471020e+02 1.090014e+00
3.650000e+02 4.484144e+02 1.061978e+00
3.650000e+02 4.472845e+02 1.063585e+00
3.650000e+02 4.451708e+02 1.071153e+00
3.650000e+02 4.492355e+02 1.082845e+00
3.650000e+02 4.462695e+02 1.081607e+00
3.650000e+02 4.473440e+02 1.077305e+00
3.650000e+02 4.474775e+02 1.093938e+00
3.650000e+02 4.477654e+02 1.065646e+00
3.650000e+02 4.481270e+02 1.099252e+00
3.650000e+02 4.445140e+02 1.101538e+00
3.700000e+02 4.991871e+02 1.213923e+00
3.700000e+02 4.984583e+02 1.242499e+00
3.700000e+02 4.992359e+02 1.245786e+00
3.700000e+02 4.982189e+02 1.231017e+00
3.700000e+02 4.975796e+02 1.222080e+00
3.700000e+02 4.987871e+02 1.214976e+00
3.700000e+02 5.000611e+02 1.222818e+00
3.700000e+02 4.989199e+02 1.172815e+00
3.700000e+02 4.988996e+02 1.218736e+00
3.700000e+02 5.019805e+02 1.195363e+00
3.700000e+02 5.011521e+02 1.247502e+00
3.700000e+02 5.010305e+02 1.246927e+00
3.700000e+02 5.003828e+02 1.226438e+00
3.700000e+02 4.975626e+02 1.211029e+00
3.700000e+02 4.980577e+02 1.220860e+00
3.700000e+02 4.996322e+02 1.212839e+00
3.700000e+02 4.995092e+02 1.246793e+00
3.700000e+02 4.980670e+02 1.212120e+00
3.700000e+02 4.984602e+02 1.208171e+00
3.750000e+02 5.417269e+02 1.287492e+00
3.750000e+02 5.406976e+02 1.320089e+00
3.750000e+02 5.421110e+02 1.309395e+00
3.750000e+02 5.424184e+02 1.335290e+00
3.750000e+02 5.416961e+02 1.320752e+00
3.750000e+02 5.391367e+02 1.326562e+00
3.750000e+02 5.387609e+02 1.295564e+00
3.750000e+02 5.412871e+02 1.335246e+00
3.750000e+02 5.385522e+02 1.339998e+00
3.750000e+02 5.389707e+02 1.316213e+00
3.750000e+02 5.402485e+02 1.320668e+00
3.750000e+02 5.383796e+02 1.354478e+00
3.750000e+02 5.433839e+02 1.342239e+00
3.750000e+02 5.395342e+02 1.328008e+00
3.750000e+02 5.415445e+02 1.347043e+00
3.750000e+02 5.416795e+02 1.330453e+00
3.750000e+02 5.399034e+02 1.307510e+00
3.750000e+02 5.410429e+02 1.326239e+00
3.750000e+02 5.408609e+02 1.333153e+00
3.750000e+02 5.388214e+02 1.338736e+00
3.800000e+02 5.742036e+02 1.426464e+00
3.800000e+02 5.763482e+02 1.440483e+00
3.800000e+02 5.776002e+02 1.409311e+00
3.800000e+02 5.768222e+02 1.409262e+00
3.800000e+02 5.750612e+02 1.465100e+00
3.800000e+02 5.767816e+02 1.423787e+00
3.800000e+02 5.763145e+02 1.426701e+00
3.800000e+02 5.742887e+02 1.406735e+00
3.800000e+02 5.749390e+02 1.410459e+00
3.800000e+02 5.737073e+02 1.443014e+00
3.800000e+02 5.759311e+02 1.415026e+00
3.800000e+02 5.755988e+02 1.444078e+00
3.800000e+02 5.759617e+02 1.421013e+00
3.800000e+02 5.746600e+02 1.401752e+00
3.800000e+02 5.747698e+02 1.418884e+00
3.800000e+02 5.774794e+02 1.432547e+00
3.800000e+02 5.779033e+02 1.413418e+00
3.800000e+02 5.751521e+02 1.423630e+00
3.800000e+02 5.761037e+02 1.403352e+00
3.850000e+02 6.032414e+02 1.472847e+00
3.850000e+02 6.024549e+02 1.476142e+00
3.850000e+02 6.036415e+02 1.470333e+00
3.850000e+02 6.038292e+02 1.472592e+00
3.850000e+02 6.019513e+02 1.484937e+00
3.850000e+02 6.033928e+02 1.456562e+00
3.850000e+02 6.052673e+02 1.452767e+00
3.850000e+02 6.037214e+02 1.488141e+00
3.850000e+02 6.048342e+02 1.471291e+00
3.850000e+02 6.039043e+02 1.491901e+00
3.850000e+02 6.021793e+02 1.481051e+00
3.850000e+02 6.058164e+02 1.481149e+00
3.850000e+02 6.048746e+02 1.481211e+00
3.850000e+02 6.043668e+02 1.485989e+00
3.850000e+02 6.039223e+02 1.482944e+00
3.850000e+02 5.998559e+02 1.517623e+00
3.850000e+02 6.059762e+02 1.504510e+00
3.850000e+02 6.013808e+02 1.496510e+00
3.850000e+02 6.057356e+02 1.481019e+00
