3.250000e+02 -6.536456e+00 4.934713e-02
3.250000e+02 -6.428308e+00 5.116309e-02
3.250000e+02 -6.528718e+00 4.551618e-02
3.250000e+02 -6.493556e+00 5.976950e-02
3.250000e+02 -6.519577e+00 5.819743e-02
3.250000e+02 -6.405576e+00 5.724164e-02
3.250000e+02 -6.606575e+00 4.696945e-02
3.250000e+02 -6.471500e+00 5.742277e-02
3.250000e+02 -6.441420e+00 5.402777e-02
3.250000e+02 -6.528916e+00 5.509975e-02
3.250000e+02 -6.663223e+00 5.386067e-02
3.250000e+02 -6.495524e+00 4.367791e-02
3.250000e+02 -6.511554e+00 5.196563e-02
3.250000e+02 -6.487120e+00 4.825942e-02
3.250000e+02 -6.545685e+00 5.441987e-02
3.250000e+02 -6.572035e+00 5.218031e-02
3.260000e+02 -6.847280e+00 6.347869e-02
3.260000e+02 -6.945064e+00 4.896964e-02
3.260000e+02 -6.825081e+00 5.975933e-02
3.260000e+02 -6.738351e+00 7.033027e-02
3.260000e+02 -6.899275e+00 5.511915e-02
3.260000e+02 -6.821021e+00 5.432518e-02
3.260000e+02 -6.871583e+00 5.377098e-02
3.260000e+02 -6.948266e+00 5.786800e-02
3.260000e+02 -6.878173e+00 5.278941e-02
3.260000e+02 -6.976505e+00 5.205177e-02
3.260000e+02 -6.853595e+00 5.011838e-02
3.260000e+02 -6.859578e+00 5.583465e-02
3.260000e+02 -6.964731e+00 5.017113e-02
3.260000e+02 -6.870062e+00 5.279227e-02
3.260000e+02 -7.040516e+00 4.470563e-02
3.260000e+02 -6.862905e+00 5.752403e-02
3.260000e+02 -6.878423e+00 5.160843e-02
3.260000e+02 -6.881240e+00 4.551410e-02
3.260000e+02 -6.800968e+00 5.926900e-02
3.260000e+02 -6.961588e+00 4.880631e-02
3.270000e+02 -7.228877e+00 4.709904e-02
3.270000e+02 -7.240092e+00 5.717780e-02
3.270000e+02 -7.281014e+00 5.075466e-02
3.270000e+02 -7.084877e+00 6.498854e-02
3.270000e+02 -7.251056e+00 5.261494e-02
3.270000e+02 -7.163111e+00 5.428021e-02
3.270000e+02 -7.135379e+00 6.989794e-02
3.270000e+02 -7.228103e+00 6.351760e-02
3.270000e+02 -7.212704e+00 4.743337e-02
3.270000e+02 -7.164897e+00 6.649807e-02
3.270000e+02 -7.250170e+00 5.252301e-02
3.270000e+02 -7.138154e+00 4.914412e-02
3.270000e+02 -7.311368e+00 4.894679e-02
3.270000e+02 -7.242191e+00 5.618048e-02
3.270000e+02 -7.248513e+00 6.215529e-02
3.270000e+02 -7.176441e+00 6.063579e-02
3.270000e+02 -7.197810e+00 5.042193e-02
3.270000e+02 -7.214945e+00 5.094808e-02
3.270000e+02 -7.217873e+00 5.922417e-02
3.270000e+02 -7.212652e+00 5.733921e-02
3.280000e+02 -7.653404e+00 4.359086e-02
3.280000e+02 -7.597397e+00 6.212739e-02
3.280000e+02 -7.442008e+00 7.064481e-02
3.280000e+02 -7.599419e+00 5.802215e-02
3.280000e+02 -7.568206e+00 5.918269e-02
3.280000e+02 -7.595051e+00 5.563856e-02
3.280000e+02 -7.560378e+00 5.223007e-02
3.280000e+02 -7.558445e+00 5.186823e-02
3.280000e+02 -7.716268e+00 5.214636e-02
3.280000e+02 -7.567038e+00 6.469158e-02
3.280000e+02 -7.534203e+00 6.453517e-02
3.280000e+02 -7.543749e+00 5.944891e-02
3.280000e+02 -7.621748e+00 6.100352e-02
3.280000e+02 -7.583475e+00 6.939509e-02
3.280000e+02 -7.598537e+00 5.889397e-02
3.280000e+02 -7.663027e+00 5.247334e-02
3.280000e+02 -7.615771e+00 5.091059e-02
3.280000e+02 -7.587045e+00 4.942971e-02
3.280000e+02 -7.630506e+00 6.092923e-02
3.280000e+02 -7.513969e+00 6.528623e-02
3.290000e+02 -8.074788e+00 5.532376e-02
3.290000e+02 -7.952562e+00 5.202135e-02
3.290000e+02 -7.844890e+00 7.031665e-02
3.290000e+02 -8.038145e+00 5.568849e-02
3.290000e+02 -7.983074e+00 7.531360e-02
3.290000e+02 -7.985469e+00 6.678549e-02
3.290000e+02 -7.993276e+00 5.810719e-02
3.290000e+02 -7.974265e+00 6.140498e-02
3.290000e+02 -8.021767e+00 5.440706e-02
3.290000e+02 -8.065650e+00 5.942068e-02
3.290000e+02 -7.887528e+00 6.632075e-02
3.290000e+02 -7.957969e+00 5.414201e-02
3.290000e+02 -8.066645e+00 5.537827e-02
3.290000e+02 -7.947639e+00 6.949553e-02
3.290000e+02 -8.015746e+00 5.935731e-02
3.290000e+02 -8.028469e+00 5.423294e-02
3.290000e+02 -7.940758e+00 6.620067e-02
3.290000e+02 -7.943327e+00 6.841496e-02
3.290000e+02 -7.993753e+00 6.122216e-02
3.290000e+02 -8.077858e+00 6.461894e-02
3.300000e+02 -8.469896e+00 6.069479e-02
3.300000e+02 -8.465315e+00 6.039101e-02
3.300000e+02 -8.265861e+00 8.649491e-02
3.300000e+02 -8.502009e+00 6.054877e-02
3.300000e+02 -8.455218e+00 6.962993e-02
3.300000e+02 -8.365963e+00 7.276777e-02
3.300000e+02 -8.396355e+00 6.138122e-02
3.300000e+02 -8.436600e+00 5.785658e-02
3.300000e+02 -8.391660e+00 6.271311e-02
3.300000e+02 -8.414356e+00 6.676960e-02
3.300000e+02 -8.320577e+00 9.064690e-02
3.300000e+02 -8.530280e+00 6.049749e-02
3.300000e+02 -8.410361e+00 6.709459e-02
3.300000e+02 -8.459491e+00 6.644451e-02
3.300000e+02 -8.553355e+00 5.871031e-02
3.300000e+02 -8.435729e+00 6.644849e-02
3.300000e+02 -8.521960e+00 7.543095e-02
3.300000e+02 -8.385354e+00 8.338139e-02
3.300000e+02 -8.330073e+00 7.396449e-02
3.300000e+02 -8.272631e+00 7.559861e-02
3.310000e+02 -8.942468e+00 7.734976e-02
3.310000e+02 -8.858160e+00 7.376381e-02
3.310000e+02 -8.985341e+00 7.416743e-02
3.310000e+02 -8.979416e+00 5.869285e-02
3.310000e+02 -8.904144e+00 6.807540e-02
3.310000e+02 -8.944953e+00 6.823306e-02
3.310000e+02 -9.025600e+00 7.059555e-02
3.310000e+02 -8.935622e+00 5.900188e-02
3.310000e+02 -8.906791e+00 6.903296e-02
3.310000e+02 -9.015686e+00 6.381308e-02
3.310000e+02 -9.033142e+00 5.641743e-02
3.310000e+02 -9.039833e+00 5.571901e-02
3.310000e+02 -8.946107e+00 6.533866e-02
3.310000e+02 -8.931616e+00 7.002298e-02
3.310000e+02 -9.018718e+00 7.212030e-02
3.310000e+02 -8.908681e+00 6.650674e-02
3.310000e+02 -8.879723e+00 8.187252e-02
3.310000e+02 -8.913801e+00 7.068765e-02
3.310000e+02 -8.939822e+00 6.390571e-02
3.310000e+02 -8.850707e+00 7.541491e-02
3.320000e+02 -9.465707e+00 7.707586e-02
3.320000e+02 -9.475191e+00 5.798240e-02
3.320000e+02 -9.352582e+00 8.025339e-02
3.320000e+02 -9.552701e+00 6.687772e-02
3.320000e+02 -9.509020e+00 5.821855e-02
3.320000e+02 -9.450768e+00 7.087040e-02
3.320000e+02 -9.383135e+00 6.779252e-02
3.320000e+02 -9.614504e+00 5.405676e-02
3.320000e+02 -9.352274e+00 8.494478e-02
3.320000e+02 -9.530750e+00 8.601349e-02
3.320000e+02 -9.542126e+00 6.514552e-02
3.320000e+02 -9.412572e+00 6.159533e-02
3.320000e+02 -9.507581e+00 6.704683e-02
3.320000e+02 -9.467544e+00 1.283989e-01
3.320000e+02 -9.446109e+00 6.794600e-02
3.320000e+02 -9.468266e+00 7.013559e-02
3.320000e+02 -9.554878e+00 7.357445e-02
3.320000e+02 -9.404256e+00 7.117185e-02
3.320000e+02 -9.493337e+00 5.841633e-02
3.320000e+02 -9.452076e+00 6.988053e-02
3.330000e+02 -9.864604e+00 9.487585e-02
3.330000e+02 -1.003064e+01 9.430790e-02
3.330000e+02 -1.003588e+01 7.467588e-02
3.330000e+02 -1.027816e+01 6.041027e-02
3.330000e+02 -9.977999e+00 7.656239e-02
3.330000e+02 -9.999053e+00 7.049676e-02
3.330000e+02 -9.993086e+00 7.353555e-02
3.330000e+02 -9.932570e+00 7.996208e-02
3.330000e+02 -9.976668e+00 7.871207e-02
3.330000e+02 -1.000439e+01 7.276646e-02
3.330000e+02 -1.019103e+01 6.621918e-02
3.330000e+02 -9.958479e+00 8.221743e-02
3.330000e+02 -1.008562e+01 6.766713e-02
3.330000e+02 -1.000974e+01 6.917475e-02
3.330000e+02 -1.020200e+01 7.013595e-02
3.330000e+02 -1.013222e+01 7.432105e-02
3.330000e+02 -9.821042e+00 8.151621e-02
3.330000e+02 -1.011815e+01 7.166388e-02
3.330000e+02 -1.010115e+01 6.947543e-02
3.330000e+02 -1.001138e+01 7.526006e-02
3.340000e+02 -1.057371e+01 7.554994e-02
3.340000e+02 -1.078816e+01 8.423796e-02
3.340000e+02 -1.070862e+01 7.652134e-02
3.340000e+02 -1.068627e+01 8.195823e-02
3.340000e+02 -1.082428e+01 6.553241e-02
3.340000e+02 -1.057363e+01 7.373145e-02
3.340000e+02 -1.079444e+01 6.801371e-02
3.340000e+02 -1.050772e+01 1.080403e-01
3.340000e+02 -1.072511e+01 6.576735e-02
3.340000e+02 -1.074965e+01 7.804635e-02
3.340000e+02 -1.082368e+01 7.540495e-02
3.340000e+02 -1.060733e+01 7.662263e-02
3.340000e+02 -1.066261e+01 7.169413e-02
3.340000e+02 -1.074634e+01 7.299779e-02
3.340000e+02 -1.072037e+01 7.733802e-02
3.340000e+02 -1.069395e+01 7.369252e-02
3.340000e+02 -1.082057e+01 6.830719e-02
3.340000e+02 -1.076402e+01 6.506750e-02
3.340000e+02 -1.056661e+01 8.295043e-02
3.340000e+02 -1.064526e+01 6.796730e-02
3.350000e+02 -1.143554e+01 7.114545e-02
3.350000e+02 -1.128808e+01 9.712339e-02
3.350000e+02 -1.135810e+01 7.526079e-02
3.350000e+02 -1.144583e+01 9.054781e-02
3.350000e+02 -1.145810e+01 7.388189e-02
3.350000e+02 -1.140873e+01 8.839478e-02
3.350000e+02 -1.156290e+01 7.494502e-02
3.350000e+02 -1.156988e+01 7.265934e-02
3.350000e+02 -1.140601e+01 7.066911e-02
3.350000e+02 -1.145188e+01 6.382688e-02
3.350000e+02 -1.127644e+01 8.064288e-02
3.350000e+02 -1.150696e+01 7.727840e-02
3.350000e+02 -1.138384e+01 7.019232e-02
3.350000e+02 -1.142755e+01 7.000977e-02
3.350000e+02 -1.148416e+01 6.830515e-02
3.350000e+02 -1.140037e+01 8.551905e-02
3.350000e+02 -1.153761e+01 6.864501e-02
3.350000e+02 -1.146859e+01 7.106799e-02
3.350000e+02 -1.152686e+01 6.682746e-02
3.350000e+02 -1.146200e+01 9.612709e-02
3.360000e+02 -1.230903e+01 8.061183e-02
3.360000e+02 -1.223921e+01 8.258127e-02
3.360000e+02 -1.225609e+01 8.564845e-02
3.360000e+02 -1.218445e+01 1.152010e-01
3.360000e+02 -1.230867e+01 8.941059e-02
3.360000e+02 -1.228517e+01 8.415985e-02
3.360000e+02 -1.236940e+01 7.170588e-02
3.360000e+02 -1.233963e+01 8.586952e-02
3.360000e+02 -1.223521e+01 7.824885e-02
3.360000e+02 -1.212771e+01 9.155215e-02
3.360000e+02 -1.211153e+01 7.510219e-02
3.360000e+02 -1.233025e+01 7.055900e-02
3.360000e+02 -1.233503e+01 9.014044e-02
3.360000e+02 -1.231854e+01 7.074511e-02
3.360000e+02 -1.228835e+01 7.225315e-02
3.360000e+02 -1.220110e+01 8.903698e-02
3.360000e+02 -1.210839e+01 9.611044e-02
3.360000e+02 -1.217369e+01 9.114587e-02
3.360000e+02 -1.221701e+01 8.664607e-02
3.360000e+02 -1.228178e+01 7.743150e-02
3.370000e+02 -1.328875e+01 7.217536e-02
3.370000e+02 -1.322444e+01 7.602027e-02
3.370000e+02 -1.325310e+01 7.372191e-02
3.370000e+02 -1.313946e+01 7.451077e-02
3.370000e+02 -1.311883e+01 1.042013e-01
3.370000e+02 -1.333266e+01 1.010941e-01
3.370000e+02 -1.326190e+01 8.050027e-02
3.370000e+02 -1.336596e+01 7.741504e-02
3.370000e+02 -1.317671e+01 8.400999e-02
3.370000e+02 -1.318148e+01 8.885679e-02
3.370000e+02 -1.315427e+01 9.051318e-02
3.370000e+02 -1.332168e+01 9.392448e-02
3.370000e+02 -1.331023e+01 7.087559e-02
3.370000e+02 -1.324260e+01 8.886150e-02
3.370000e+02 -1.343515e+01 7.428752e-02
3.370000e+02 -1.314153e+01 7.791050e-02
3.370000e+02 -1.323355e+01 8.184539e-02
3.370000e+02 -1.301604e+01 1.018134e-01
3.370000e+02 -1.316490e+01 9.784376e-02
3.380000e+02 -1.448916e+01 7.882143e-02
3.380000e+02 -1.437699e+01 8.835357e-02
3.380000e+02 -1.438059e+01 1.026683e-01
3.380000e+02 -1.444683e+01 7.491492e-02
3.380000e+02 -1.438117e+01 8.314666e-02
3.380000e+02 -1.438383e+01 8.839002e-02
3.380000e+02 -1.434104e+01 9.586349e-02
3.380000e+02 -1.452012e+01 9.056719e-02
3.380000e+02 -1.429625e+01 8.842126e-02
3.380000e+02 -1.424794e+01 1.006730e-01
3.380000e+02 -1.445676e+01 8.575035e-02
3.380000e+02 -1.427199e+01 8.391791e-02
3.380000e+02 -1.430517e+01 9.080216e-02
3.380000e+02 -1.457758e+01 7.875231e-02
3.380000e+02 -1.439598e+01 8.683458e-02
3.380000e+02 -1.432796e+01 1.018777e-01
3.380000e+02 -1.447344e+01 7.350388e-02
3.380000e+02 -1.428279e+01 1.074489e-01
3.380000e+02 -1.439583e+01 8.085047e-02
3.380000e+02 -1.436347e+01 9.934997e-02
3.390000e+02 -1.576036e+01 8.514459e-02
3.390000e+02 -1.568214e+01 9.331233e-02
3.390000e+02 -1.580062e+01 8.435306e-02
3.390000e+02 -1.560679e+01 1.015814e-01
3.390000e+02 -1.572035e+01 8.983719e-02
3.390000e+02 -1.581780e+01 8.489323e-02
3.390000e+02 -1.564102e+01 9.104464e-02
3.390000e+02 -1.573233e+01 9.010156e-02
3.390000e+02 -1.585556e+01 8.474746e-02
3.390000e+02 -1.584036e+01 9.170717e-02
3.390000e+02 -1.583619e+01 8.237889e-02
3.390000e+02 -1.570814e+01 8.347841e-02
3.390000e+02 -1.590421e+01 8.377137e-02
3.390000e+02 -1.581401e+01 8.969942e-02
3.390000e+02 -1.584865e+01 8.355312e-02
3.390000e+02 -1.561053e+01 8.595435e-02
3.390000e+02 -1.560285e+01 8.782225e-02
3.390000e+02 -1.573140e+01 9.675667e-02
3.390000e+02 -1.574641e+01 9.343264e-02
3.390000e+02 -1.593573e+01 8.068484e-02
3.400000e+02 -1.740087e+01 9.431837e-02
3.400000e+02 -1.741506e+01 9.903825e-02
3.400000e+02 -1.733564e+01 9.230155e-02
3.400000e+02 -1.730690e+01 1.192732e-01
3.400000e+02 -1.751694e+01 8.730397e-02
3.400000e+02 -1.756802e+01 9.073911e-02
3.400000e+02 -1.719631e+01 9.666812e-02
3.400000e+02 -1.736687e+01 9.464281e-02
3.400000e+02 -1.729664e+01 8.962364e-02
3.400000e+02 -1.736993e+01 1.014148e-01
3.400000e+02 -1.736261e+01 1.093300e-01
3.400000e+02 -1.758674e+01 9.881047e-02
3.400000e+02 -1.744580e+01 9.207471e-02
3.400000e+02 -1.736250e+01 1.094643e-01
3.400000e+02 -1.729956e+01 1.099352e-01
3.400000e+02 -1.744059e+01 9.427316e-02
3.400000e+02 -1.751206e+01 1.078874e-01
3.400000e+02 -1.745824e+01 9.002726e-02
3.400000e+02 -1.731596e+01 9.687168e-02
3.402000e+02 -1.784230e+01 9.504283e-02
3.402000e+02 -1.770423e+01 9.179161e-02
3.402000e+02 -1.767359e+01 1.122960e-01
3.402000e+02 -1.773205e+01 9.980486e-02
3.402000e+02 -1.799440e+01 8.804468e-02
3.402000e+02 -1.763853e+01 1.008663e-01
3.402000e+02 -1.777280e+01 1.043325e-01
3.402000e+02 -1.789384e+01 9.827469e-02
3.402000e+02 -1.778073e+01 1.048946e-01
3.402000e+02 -1.792076e+01 9.266697e-02
3.402000e+02 -1.778573e+01 9.822044e-02
3.402000e+02 -1.769500e+01 1.080470e-01
3.402000e+02 -1.767815e+01 1.031308e-01
3.402000e+02 -1.750633e+01 1.225088e-01
3.402000e+02 -1.781526e+01 1.114958e-01
3.402000e+02 -1.785564e+01 8.858279e-02
3.402000e+02 -1.778411e+01 1.100555e-01
3.402000e+02 -1.754022e+01 1.245141e-01
3.402000e+02 -1.773566e+01 1.127971e-01
3.402000e+02 -1.777576e+01 1.042984e-01
3.404000e+02 -1.811813e+01 1.151639e-01
3.404000e+02 -1.794409e+01 1.425072e-01
3.404000e+02 -1.829909e+01 9.144898e-02
3.404000e+02 -1.821057e+01 8.880206e-02
3.404000e+02 -1.817459e+01 1.021406e-01
3.404000e+02 -1.824687e+01 1.020139e-01
3.404000e+02 -1.823343e+01 1.065110e-01
3.404000e+02 -1.824694e+01 9.500381e-02
3.404000e+02 -1.814978e+01 1.153880e-01
3.404000e+02 -1.827497e+01 9.500689e-02
3.404000e+02 -1.812419e+01 1.083561e-01
3.404000e+02 -1.819804e+01 8.975268e-02
3.404000e+02 -1.808811e+01 9.215224e-02
3.404000e+02 -1.831936e+01 8.616445e-02
3.404000e+02 -1.825483e+01 1.081101e-01
3.404000e+02 -1.816109e+01 1.051832e-01
3.404000e+02 -1.820046e+01 9.300698e-02
3.404000e+02 -1.816592e+01 9.400732e-02
3.404000e+02 -1.828858e+01 9.653402e-02
3.404000e+02 -1.808660e+01 1.134311e-01
3.406000e+02 -1.869996e+01 9.279442e-02
3.406000e+02 -1.847346e+01 1.161154e-01
3.406000e+02 -1.851629e+01 1.061758e-01
3.406000e+02 -1.863772e+01 9.737860e-02
3.406000e+02 -1.852588e+01 1.043505e-01
3.406000e+02 -1.856348e+01 1.055659e-01
3.406000e+02 -1.872501e+01 9.553027e-02
3.406000e+02 -1.856490e+01 1.079635e-01
3.406000e+02 -1.873986e+01 8.522757e-02
3.406000e+02 -1.861252e+01 9.511198e-02
3.406000e+02 -1.876334e+01 1.045114e-01
3.406000e+02 -1.878081e+01 8.918905e-02
3.406000e+02 -1.846571e+01 1.083974e-01
3.406000e+02 -1.870621e+01 1.050206e-01
3.406000e+02 -1.855424e+01 1.023950e-01
3.406000e+02 -1.856777e+01 1.073547e-01
3.406000e+02 -1.887238e+01 1.028573e-01
3.408000e+02 -1.909238e+01 1.000857e-01
3.408000e+02 -1.918179e+01 1.049190e-01
3.408000e+02 -1.914959e+01 8.568416e-02
3.408000e+02 -1.930481e+01 8.831846e-02
3.408000e+02 -1.901499e+01 1.013055e-01
3.408000e+02 -1.922902e+01 8.942659e-02
3.408000e+02 -1.900092e+01 1.026201e-01
3.408000e+02 -1.908737e+01 9.130427e-02
3.408000e+02 -1.904068e+01 9.797610e-02
3.408000e+02 -1.894121e+01 1.191046e-01
3.408000e+02 -1.923370e+01 1.160001e-01
3.408000e+02 -1.925137e+01 1.007438e-01
3.408000e+02 -1.905399e+01 8.800145e-02
3.408000e+02 -1.909249e+01 9.255420e-02
3.408000e+02 -1.896455e+01 1.018659e-01
3.408000e+02 -1.904495e+01 1.150658e-01
3.408000e+02 -1.878706e+01 1.166625e-01
3.408000e+02 -1.907109e+01 8.824168e-02
3.408000e+02 -1.913654e+01 8.712199e-02
3.408000e+02 -1.910249e+01 9.611039e-02
3.410000e+02 -1.949829e+01 1.094936e-01
3.410000e+02 -1.930346e+01 1.162256e-01
3.410000e+02 -1.955858e+01 1.104520e-01
3.410000e+02 -1.963078e+01 1.035650e-01
3.410000e+02 -1.951375e+01 1.004413e-01
3.410000e+02 -1.955767e+01 9.816250e-02
3.410000e+02 -1.953971e+01 1.139561e-01
3.410000e+02 -1.958256e+01 1.217199e-01
3.410000e+02 -1.948630e+01 1.112003e-01
3.410000e+02 -1.975300e+01 1.002392e-01
3.410000e+02 -1.945637e+01 9.069000e-02
3.410000e+02 -1.942718e+01 1.125979e-01
3.410000e+02 -1.933957e+01 1.183741e-01
3.410000e+02 -1.960341e+01 9.655415e-02
3.410000e+02 -1.951430e+01 9.657131e-02
3.410000e+02 -1.956044e+01 9.843516e-02
3.410000e+02 -1.948579e+01 1.146425e-01
3.410000e+02 -1.945168e+01 1.053325e-01
3.410000e+02 -1.960320e+01 9.119996e-02
3.410000e+02 -1.936632e+01 1.031215e-01
3.412000e+02 -2.020819e+01 8.642286e-02
3.412000e+02 -2.015696e+01 1.060814e-01
3.412000e+02 -2.015595e+01 1.097278e-01
3.412000e+02 -2.002128e+01 9.547739e-02
3.412000e+02 -2.000349e+01 8.952017e-02
3.412000e+02 -2.006106e+01 1.055322e-01
3.412000e+02 -2.005455e+01 1.121424e-01
3.412000e+02 -1.995596e+01 1.133223e-01
3.412000e+02 -1.985040e+01 1.085631e-01
3.412000e+02 -1.995277e+01 1.060697e-01
3.412000e+02 -2.010428e+01 9.101041e-02
3.412000e+02 -2.038541e+01 1.048248e-01
3.412000e+02 -1.998571e+01 1.030492e-01
3.412000e+02 -2.013068e+01 1.052769e-01
3.412000e+02 -2.002836e+01 1.093420e-01
3.412000e+02 -1.996011e+01 9.909279e-02
3.412000e+02 -1.970138e+01 1.417958e-01
3.412000e+02 -1.995149e+01 1.198735e-01
3.412000e+02 -1.997879e+01 1.073702e-01
3.412000e+02 -2.020848e+01 1.009350e-01
3.414000e+02 -2.065539e+01 1.054257e-01
3.414000e+02 -2.057075e+01 1.011128e-01
3.414000e+02 -2.057417e+01 1.019500e-01
3.414000e+02 -2.068122e+01 8.792391e-02
3.414000e+02 -2.034640e+01 1.087172e-01
3.414000e+02 -2.061371e+01 9.222583e-02
3.414000e+02 -2.056272e+01 1.215898e-01
3.414000e+02 -2.049882e+01 9.995919e-02
3.414000e+02 -2.049163e+01 9.799959e-02
3.414000e+02 -2.062736e+01 1.111480e-01
3.414000e+02 -2.060310e+01 1.047124e-01
3.414000e+02 -2.049892e+01 9.961396e-02
3.414000e+02 -2.054391e+01 1.314836e-01
3.414000e+02 -2.033239e+01 1.137466e-01
3.414000e+02 -2.057274e+01 1.025038e-01
3.414000e+02 -2.055316e+01 1.062464e-01
3.414000e+02 -2.072639e+01 9.304452e-02
3.414000e+02 -2.052237e+01 1.019390e-01
3.414000e+02 -2.060496e+01 1.067884e-01
3.414000e+02 -2.068827e+01 1.125130e-01
3.416000e+02 -2.105580e+01 1.086506e-01
3.416000e+02 -2.110585e+01 1.119875e-01
3.416000e+02 -2.102868e+01 1.200015e-01
3.416000e+02 -2.111721e+01 9.776241e-02
3.416000e+02 -2.098221e+01 1.069118e-01
3.416000e+02 -2.104965e+01 1.297770e-01
3.416000e+02 -2.130078e+01 1.109310e-01
3.416000e+02 -2.119657e+01 9.967858e-02
3.416000e+02 -2.105629e+01 1.014445e-01
3.416000e+02 -2.088147e+01 1.196180e-01
3.416000e+02 -2.111498e+01 1.047218e-01
3.416000e+02 -2.107396e+01 1.156892e-01
3.416000e+02 -2.119369e+01 1.281205e-01
3.416000e+02 -2.099731e+01 1.047969e-01
3.416000e+02 -2.100744e+01 1.073951e-01
3.416000e+02 -2.111378e+01 1.079278e-01
3.416000e+02 -2.094657e+01 1.190691e-01
3.416000e+02 -2.122605e+01 1.045388e-01
3.416000e+02 -2.102080e+01 1.120240e-01
3.416000e+02 -2.093946e+01 1.162897e-01
3.418000e+02 -2.164676e+01 9.871163e-02
3.418000e+02 -2.154171e+01 1.083237e-01
3.418000e+02 -2.172268e+01 9.355747e-02
3.418000e+02 -2.183703e+01 1.081613e-01
3.418000e+02 -2.147859e+01 1.097625e-01
3.418000e+02 -2.150912e+01 1.203447e-01
3.418000e+02 -2.181810e+01 1.029255e-01
3.418000e+02 -2.154145e+01 1.388024e-01
3.418000e+02 -2.171289e+01 1.137629e-01
3.418000e+02 -2.175663e+01 1.077517e-01
3.418000e+02 -2.167953e+01 1.067096e-01
3.418000e+02 -2.160524e+01 1.062320e-01
3.418000e+02 -2.175755e+01 9.726375e-02
3.418000e+02 -2.173236e+01 9.827033e-02
3.418000e+02 -2.169617e+01 1.238958e-01
3.418000e+02 -2.188088e+01 1.016865e-01
3.418000e+02 -2.169836e+01 9.933762e-02
3.418000e+02 -2.174700e+01 1.082276e-01
3.418000e+02 -2.173079e+01 1.058200e-01
3.418000e+02 -2.157151e+01 1.066620e-01
3.420000e+02 -2.237259e+01 1.141780e-01
3.420000e+02 -2.232098e+01 1.095371e-01
3.420000e+02 -2.222685e+01 1.115076e-01
3.420000e+02 -2.226327e+01 1.084284e-01
3.420000e+02 -2.216857e+01 1.371931e-01
3.420000e+02 -2.246527e+01 9.235026e-02
3.420000e+02 -2.215915e+01 1.378896e-01
3.420000e+02 -2.221823e+01 1.138055e-01
3.420000e+02 -2.236686e+01 1.096886e-01
3.420000e+02 -2.217073e+01 1.200195e-01
3.420000e+02 -2.229785e+01 1.330476e-01
3.420000e+02 -2.204358e+01 1.293853e-01
3.420000e+02 -2.243891e+01 9.914019e-02
3.420000e+02 -2.234320e+01 1.071130e-01
3.420000e+02 -2.245514e+01 1.043985e-01
3.420000e+02 -2.232021e+01 1.202140e-01
3.420000e+02 -2.241792e+01 9.966620e-02
3.420000e+02 -2.244144e+01 1.140419e-01
3.420000e+02 -2.254255e+01 9.899810e-02
3.422000e+02 -2.279130e+01 1.218457e-01
3.422000e+02 -2.315656e+01 9.845311e-02
3.422000e+02 -2.315994e+01 1.033688e-01
3.422000e+02 -2.287848e+01 1.249770e-01
3.422000e+02 -2.307037e+01 1.106359e-01
3.422000e+02 -2.312316e+01 1.223657e-01
3.422000e+02 -2.313524e+01 1.087429e-01
3.422000e+02 -2.301917e+01 1.018243e-01
3.422000e+02 -2.314145e+01 1.131167e-01
3.422000e+02 -2.302675e+01 1.351442e-01
3.422000e+02 -2.308514e+01 1.077111e-01
3.422000e+02 -2.307229e+01 1.081836e-01
3.422000e+02 -2.311174e+01 1.059374e-01
3.422000e+02 -2.295559e+01 1.382586e-01
3.422000e+02 -2.282091e+01 1.112138e-01
3.422000e+02 -2.291403e+01 1.360575e-01
3.422000e+02 -2.270057e+01 1.225827e-01
3.422000e+02 -2.268363e+01 1.304592e-01
3.422000e+02 -2.283784e+01 1.062067e-01
3.424000e+02 -2.347760e+01 1.417456e-01
3.424000e+02 -2.367225e+01 1.118246e-01
3.424000e+02 -2.359717e+01 1.184059e-01
3.424000e+02 -2.361994e+01 1.341076e-01
3.424000e+02 -2.390281e+01 9.702703e-02
3.424000e+02 -2.363135e+01 1.165778e-01
3.424000e+02 -2.370066e+01 1.185912e-01
3.424000e+02 -2.387055e+01 1.044494e-01
3.424000e+02 -2.377792e+01 1.032916e-01
3.424000e+02 -2.341921e+01 1.312171e-01
3.424000e+02 -2.377413e+01 1.073995e-01
3.424000e+02 -2.371395e+01 1.069729e-01
3.424000e+02 -2.358673e+01 1.102594e-01
3.424000e+02 -2.377747e+01 1.180762e-01
3.424000e+02 -2.362651e+01 1.158287e-01
3.424000e+02 -2.361206e+01 1.363255e-01
3.424000e+02 -2.376388e+01 9.691814e-02
3.424000e+02 -2.362136e+01 1.357338e-01
3.424000e+02 -2.368037e+01 1.159415e-01
3.424000e+02 -2.362753e+01 1.171446e-01
3.426000e+02 -2.440185e+01 1.382239e-01
3.426000e+02 -2.441690e+01 1.105995e-01
3.426000e+02 -2.434899e+01 1.195042e-01
3.426000e+02 -2.442112e+01 1.288640e-01
3.426000e+02 -2.445275e+01 1.363827e-01
3.426000e+02 -2.457797e+01 1.225280e-01
3.426000e+02 -2.431934e+01 1.355825e-01
3.426000e+02 -2.456723e+01 1.366442e-01
3.426000e+02 -2.452230e+01 1.196207e-01
3.426000e+02 -2.436976e+01 1.148648e-01
3.426000e+02 -2.462190e+01 1.095950e-01
3.426000e+02 -2.443682e+01 1.081825e-01
3.426000e+02 -2.446393e+01 1.052168e-01
3.426000e+02 -2.437740e+01 1.144754e-01
3.426000e+02 -2.432450e+01 1.118967e-01
3.426000e+02 -2.449404e+01 1.201524e-01
3.426000e+02 -2.448028e+01 1.158496e-01
3.426000e+02 -2.443814e+01 1.179507e-01
3.426000e+02 -2.437871e+01 1.207833e-01
3.426000e+02 -2.467567e+01 1.233668e-01
3.428000e+02 -2.519902e+01 1.273035e-01
3.428000e+02 -2.539824e+01 1.153256e-01
3.428000e+02 -2.514295e+01 1.365377e-01
3.428000e+02 -2.533197e+01 1.076619e-01
3.428000e+02 -2.528131e+01 1.208002e-01
3.428000e+02 -2.549000e+01 1.163306e-01
3.428000e+02 -2.525576e+01 1.092180e-01
3.428000e+02 -2.551069e+01 9.931059e-02
3.428000e+02 -2.520914e+01 1.135453e-01
3.428000e+02 -2.535312e+01 1.375952e-01
3.428000e+02 -2.540532e+01 1.156027e-01
3.428000e+02 -2.548597e+01 1.145038e-01
3.428000e+02 -2.542238e+01 1.069624e-01
3.428000e+02 -2.540412e+01 1.288969e-01
3.428000e+02 -2.537725e+01 1.282194e-01
3.428000e+02 -2.528223e+01 1.219648e-01
3.428000e+02 -2.548609e+01 1.129281e-01
3.428000e+02 -2.516789e+01 1.432566e-01
3.430000e+02 -2.612448e+01 1.595810e-01
3.430000e+02 -2.611273e+01 1.240099e-01
3.430000e+02 -2.635128e+01 1.116383e-01
3.430000e+02 -2.642279e+01 1.079373e-01
3.430000e+02 -2.644560e+01 9.938525e-02
3.430000e+02 -2.622046e+01 1.275111e-01
3.430000e+02 -2.615222e+01 1.245158e-01
3.430000e+02 -2.613247e+01 1.107876e-01
3.430000e+02 -2.630240e+01 1.062390e-01
3.430000e+02 -2.616085e+01 1.012185e-01
3.430000e+02 -2.616343e+01 1.236681e-01
3.430000e+02 -2.624099e+01 1.235819e-01
3.430000e+02 -2.639315e+01 1.061018e-01
3.430000e+02 -2.601792e+01 1.163965e-01
3.430000e+02 -2.634558e+01 1.049274e-01
3.430000e+02 -2.613494e+01 1.264040e-01
3.430000e+02 -2.624973e+01 1.203066e-01
3.430000e+02 -2.613363e+01 1.392215e-01
3.430000e+02 -2.617499e+01 1.066271e-01
3.430000e+02 -2.633713e+01 1.081130e-01
3.432000e+02 -2.716751e+01 1.158504e-01
3.432000e+02 -2.725053e+01 1.204262e-01
3.432000e+02 -2.703097e+01 1.332704e-01
3.432000e+02 -2.727790e+01 1.071089e-01
3.432000e+02 -2.725540e+01 1.245312e-01
3.432000e+02 -2.725236e+01 1.202261e-01
3.432000e+02 -2.729280e+01 1.183948e-01
3.432000e+02 -2.734009e+01 1.238155e-01
3.432000e+02 -2.735546e+01 1.166393e-01
3.432000e+02 -2.708887e+01 1.369351e-01
3.432000e+02 -2.699534e+01 1.340846e-01
3.432000e+02 -2.735066e+01 1.152864e-01
3.432000e+02 -2.723826e+01 1.112420e-01
3.432000e+02 -2.717482e+01 1.170166e-01
3.432000e+02 -2.709265e+01 1.360254e-01
3.432000e+02 -2.704683e+01 1.315663e-01
3.432000e+02 -2.702282e+01 1.209212e-01
3.432000e+02 -2.726052e+01 1.109168e-01
3.432000e+02 -2.719098e+01 1.211490e-01
3.432000e+02 -2.695046e+01 1.420520e-01
3.434000e+02 -2.848616e+01 1.381875e-01
3.434000e+02 -2.813638e+01 1.216673e-01
3.434000e+02 -2.838842e+01 1.162179e-01
3.434000e+02 -2.799399e+01 1.367587e-01
3.434000e+02 -2.843459e+01 1.080946e-01
3.434000e+02 -2.848292e+01 1.383723e-01
3.434000e+02 -2.820315e+01 1.377309e-01
3.434000e+02 -2.810923e+01 1.437705e-01
3.434000e+02 -2.823179e+01 1.413195e-01
3.434000e+02 -2.830527e+01 1.245966e-01
3.434000e+02 -2.825990e+01 1.206558e-01
3.434000e+02 -2.817386e+01 1.305919e-01
3.434000e+02 -2.826003e+01 1.392499e-01
3.434000e+02 -2.830670e+01 1.290554e-01
3.434000e+02 -2.830573e+01 1.240173e-01
3.434000e+02 -2.813158e+01 1.228990e-01
3.434000e+02 -2.842325e+01 1.276871e-01
3.434000e+02 -2.837124e+01 1.216837e-01
3.434000e+02 -2.824048e+01 1.372641e-01
3.434000e+02 -2.792506e+01 1.508144e-01
3.436000e+02 -2.938875e+01 1.337618e-01
3.436000e+02 -2.939568e+01 1.203985e-01
3.436000e+02 -2.922453e+01 1.332762e-01
3.436000e+02 -2.948006e+01 1.240419e-01
3.436000e+02 -2.945437e+01 1.132434e-01
3.436000e+02 -2.954111e+01 1.143480e-01
3.436000e+02 -2.929446e+01 1.228587e-01
3.436000e+02 -2.955334e+01 1.316920e-01
3.436000e+02 -2.948479e+01 1.255021e-01
3.436000e+02 -2.924575e+01 1.400699e-01
3.436000e+02 -2.913394e+01 1.457961e-01
3.436000e+02 -2.965783e+01 1.043654e-01
3.436000e+02 -2.967289e+01 1.205387e-01
3.436000e+02 -2.942207e+01 1.288504e-01
3.436000e+02 -2.968608e+01 1.201065e-01
3.436000e+02 -2.952757e+01 1.132437e-01
3.436000e+02 -2.945966e+01 1.171678e-01
3.436000e+02 -2.937669e+01 1.365262e-01
3.436000e+02 -2.928263e+01 1.377068e-01
3.436000e+02 -2.941170e+01 1.416081e-01
3.438000e+02 -3.065562e+01 1.440116e-01
3.438000e+02 -3.072503e+01 1.268507e-01
3.438000e+02 -3.039815e+01 1.518202e-01
3.438000e+02 -3.066403e+01 1.544398e-01
3.438000e+02 -3.043763e+01 1.369625e-01
3.438000e+02 -3.079694e+01 1.344908e-01
3.438000e+02 -3.090418e+01 1.194482e-01
3.438000e+02 -3.074301e+01 1.385384e-01
3.438000e+02 -3.062820e+01 1.332865e-01
3.438000e+02 -3.078460e+01 1.257781e-01
3.438000e+02 -3.050187e+01 1.406060e-01
3.438000e+02 -3.059974e+01 1.259063e-01
3.438000e+02 -3.065509e+01 1.382758e-01
3.438000e+02 -3.064262e+01 1.287666e-01
3.438000e+02 -3.068595e+01 1.196198e-01
3.438000e+02 -3.068990e+01 1.275494e-01
3.438000e+02 -3.041706e+01 1.244085e-01
3.438000e+02 -3.066214e+01 1.423928e-01
3.438000e+02 -3.065353e+01 1.278933e-01
3.438000e+02 -3.068365e+01 1.220895e-01
3.440000e+02 -3.212818e+01 1.538235e-01
3.440000e+02 -3.192304e+01 1.416302e-01
3.440000e+02 -3.219378e+01 1.554063e-01
3.440000e+02 -3.202026e+01 1.871156e-01
3.440000e+02 -3.186916e+01 1.461602e-01
3.440000e+02 -3.204998e+01 1.410924e-01
3.440000e+02 -3.201649e+01 1.328047e-01
3.440000e+02 -3.198039e+01 1.438016e-01
3.440000e+02 -3.189088e+01 1.234331e-01
3.440000e+02 -3.245439e+01 1.319006e-01
3.440000e+02 -3.187466e+01 1.406593e-01
3.440000e+02 -3.197171e+01 1.398475e-01
3.440000e+02 -3.221720e+01 1.375991e-01
3.440000e+02 -3.208890e+01 1.307504e-01
3.440000e+02 -3.213395e+01 1.162435e-01
3.440000e+02 -3.226061e+01 1.159026e-01
3.440000e+02 -3.216298e+01 1.326356e-01
3.440000e+02 -3.181877e+01 1.851889e-01
3.440000e+02 -3.186083e+01 1.276188e-01
3.440000e+02 -3.208132e+01 1.243802e-01
3.442000e+02 -3.386668e+01 1.220866e-01
3.442000e+02 -3.368491e+01 1.318954e-01
3.442000e+02 -3.346869e+01 1.358732e-01
3.442000e+02 -3.337684e+01 1.600583e-01
3.442000e+02 -3.371014e+01 1.330687e-01
3.442000e+02 -3.368810e+01 1.292742e-01
3.442000e+02 -3.366330e+01 1.344020e-01
3.442000e+02 -3.343532e+01 1.568432e-01
3.442000e+02 -3.337257e+01 1.669946e-01
3.442000e+02 -3.350075e+01 1.285304e-01
3.442000e+02 -3.365105e+01 1.305443e-01
3.442000e+02 -3.371999e+01 1.349047e-01
3.442000e+02 -3.370311e+01 1.118229e-01
3.442000e+02 -3.324917e+01 2.055330e-01
3.442000e+02 -3.327509e+01 1.714261e-01
3.442000e+02 -3.357342e+01 1.201081e-01
3.442000e+02 -3.372657e+01 1.228515e-01
3.442000e+02 -3.380946e+01 1.290715e-01
3.442000e+02 -3.335469e+01 1.551256e-01
3.442000e+02 -3.352584e+01 1.327626e-01
3.444000e+02 -3.513186e+01 1.397245e-01
3.444000e+02 -3.549850e+01 1.466398e-01
3.444000e+02 -3.529821e+01 1.474287e-01
3.444000e+02 -3.528612e+01 1.553054e-01
3.444000e+02 -3.555624e+01 1.343382e-01
3.444000e+02 -3.542359e+01 1.368417e-01
3.444000e+02 -3.530531e+01 1.519337e-01
3.444000e+02 -3.524752e+01 1.323422e-01
3.444000e+02 -3.522113e+01 1.386533e-01
3.444000e+02 -3.498569e+01 1.612863e-01
3.444000e+02 -3.514133e+01 1.554107e-01
3.444000e+02 -3.501232e+01 2.170448e-01
3.444000e+02 -3.529466e+01 1.347053e-01
3.444000e+02 -3.513514e+01 1.548232e-01
3.444000e+02 -3.523317e+01 1.583161e-01
3.444000e+02 -3.520843e+01 1.473953e-01
3.444000e+02 -3.547219e+01 1.383947e-01
3.444000e+02 -3.527468e+01 1.434269e-01
3.444000e+02 -3.556133e+01 1.352365e-01
3.444000e+02 -3.512376e+01 1.366303e-01
3.446000e+02 -3.728257e+01 1.374538e-01
3.446000e+02 -3.740548e+01 1.397755e-01
3.446000e+02 -3.731008e+01 1.658528e-01
3.446000e+02 -3.722275e+01 1.390305e-01
3.446000e+02 -3.727536e+01 1.536812e-01
3.446000e+02 -3.723018e+01 1.361535e-01
3.446000e+02 -3.736838e+01 1.453710e-01
3.446000e+02 -3.721702e+01 1.307772e-01
3.446000e+02 -3.735060e+01 1.226272e-01
3.446000e+02 -3.723745e+01 1.477529e-01
3.446000e+02 -3.721144e+01 1.454499e-01
3.446000e+02 -3.720226e+01 1.482358e-01
3.446000e+02 -3.720249e+01 1.484821e-01
3.446000e+02 -3.717892e+01 1.391964e-01
3.446000e+02 -3.742413e+01 1.437725e-01
3.446000e+02 -3.698476e+01 1.529723e-01
3.446000e+02 -3.735954e+01 1.513554e-01
3.446000e+02 -3.721257e+01 1.419434e-01
3.446000e+02 -3.740622e+01 1.286857e-01
3.448000e+02 -3.944706e+01 1.510004e-01
3.448000e+02 -3.941799e+01 1.561301e-01
3.448000e+02 -3.967415e+01 1.645064e-01
3.448000e+02 -3.906694e+01 1.609509e-01
3.448000e+02 -3.948501e+01 1.662060e-01
3.448000e+02 -3.934807e+01 1.601207e-01
3.448000e+02 -3.967408e+01 1.337936e-01
3.448000e+02 -3.941715e+01 1.617825e-01
3.448000e+02 -3.971698e+01 1.465468e-01
3.448000e+02 -3.931119e+01 1.663292e-01
3.448000e+02 -3.939458e+01 1.535960e-01
3.448000e+02 -3.930712e+01 1.764812e-01
3.448000e+02 -3.924021e+01 1.598846e-01
3.448000e+02 -3.962670e+01 1.373874e-01
3.448000e+02 -3.992202e+01 1.634630e-01
3.448000e+02 -3.955617e+01 1.600237e-01
3.448000e+02 -3.928465e+01 1.508243e-01
3.448000e+02 -3.947746e+01 1.490861e-01
3.448000e+02 -3.942711e+01 1.663173e-01
3.448000e+02 -3.935880e+01 1.641828e-01
3.450000e+02 -4.197565e+01 1.577045e-01
3.450000e+02 -4.212022e+01 1.349280e-01
3.450000e+02 -4.173944e+01 1.861436e-01
3.450000e+02 -4.191365e+01 1.605007e-01
3.450000e+02 -4.173023e+01 1.833548e-01
3.450000e+02 -4.205679e+01 1.632787e-01
3.450000e+02 -4.197298e+01 1.542647e-01
3.450000e+02 -4.229420e+01 1.399886e-01
3.450000e+02 -4.215373e+01 1.564538e-01
3.450000e+02 -4.200991e+01 1.517370e-01
3.450000e+02 -4.213046e+01 1.538375e-01
3.450000e+02 -4.195853e+01 1.849887e-01
3.450000e+02 -4.195183e+01 1.593763e-01
3.450000e+02 -4.231436e+01 1.758816e-01
3.450000e+02 -4.198501e+01 1.558905e-01
3.450000e+02 -4.220281e+01 1.418068e-01
3.450000e+02 -4.171887e+01 1.926263e-01
3.450000e+02 -4.201055e+01 1.639003e-01
3.450000e+02 -4.188756e+01 1.624667e-01
3.450000e+02 -4.191112e+01 1.601727e-01
3.452000e+02 -4.489085e+01 1.921048e-01
3.452000e+02 -4.472214e+01 1.911297e-01
3.452000e+02 -4.474634e+01 1.859420e-01
3.452000e+02 -4.469484e+01 2.585989e-01
3.452000e+02 -4.486176e+01 1.676473e-01
3.452000e+02 -4.476305e+01 1.814597e-01
3.452000e+02 -4.511647e+01 1.956020e-01
3.452000e+02 -4.455495e+01 1.975164e-01
3.452000e+02 -4.534183e+01 1.554573e-01
3.452000e+02 -4.503618e+01 1.729098e-01
3.452000e+02 -4.518496e+01 1.532512e-01
3.452000e+02 -4.494540e+01 1.498579e-01
3.452000e+02 -4.462894e+01 2.002612e-01
3.452000e+02 -4.526507e+01 1.523297e-01
3.452000e+02 -4.472074e+01 1.860688e-01
3.452000e+02 -4.495122e+01 1.659574e-01
3.452000e+02 -4.506308e+01 1.577845e-01
3.452000e+02 -4.466173e+01 1.885909e-01
3.452000e+02 -4.486994e+01 2.012919e-01
3.454000e+02 -4.851208e+01 1.706650e-01
3.454000e+02 -4.812164e+01 1.773776e-01
3.454000e+02 -4.805003e+01 1.755427e-01
3.454000e+02 -4.842885e+01 1.769829e-01
3.454000e+02 -4.826648e+01 1.792212e-01
3.454000e+02 -4.815678e+01 1.967138e-01
3.454000e+02 -4.862549e+01 1.764445e-01
3.454000e+02 -4.805806e+01 1.810290e-01
3.454000e+02 -4.824532e+01 2.083563e-01
3.454000e+02 -4.803771e+01 1.873687e-01
3.454000e+02 -4.789952e+01 2.231469e-01
3.454000e+02 -4.812849e+01 1.857673e-01
3.454000e+02 -4.821910e+01 1.897782e-01
3.454000e+02 -4.835929e+01 1.944201e-01
3.454000e+02 -4.829184e+01 1.683921e-01
3.454000e+02 -4.841021e+01 1.884902e-01
3.454000e+02 -4.838392e+01 1.588354e-01
3.454000e+02 -4.812419e+01 1.948541e-01
3.454000e+02 -4.806129e+01 1.884748e-01
3.454000e+02 -4.806827e+01 1.709383e-01
3.456000e+02 -5.180936e+01 2.260169e-01
3.456000e+02 -5.203284e+01 1.919300e-01
3.456000e+02 -5.191849e+01 2.038879e-01
3.456000e+02 -5.164139e+01 2.023900e-01
3.456000e+02 -5.207315e+01 1.884101e-01
3.456000e+02 -5.187331e+01 1.887523e-01
3.456000e+02 -5.199675e+01 1.918448e-01
3.456000e+02 -5.256702e+01 1.973417e-01
3.456000e+02 -5.221975e+01 1.916579e-01
3.456000e+02 -5.163674e+01 2.268664e-01
3.456000e+02 -5.200732e+01 1.898863e-01
3.456000e+02 -5.218740e+01 2.057979e-01
3.456000e+02 -5.177097e+01 2.373818e-01
3.456000e+02 -5.178293e+01 2.022816e-01
3.456000e+02 -5.186474e+01 1.842656e-01
3.456000e+02 -5.161989e+01 2.529541e-01
3.456000e+02 -5.194894e+01 1.815415e-01
3.456000e+02 -5.201697e+01 1.799654e-01
3.456000e+02 -5.212197e+01 2.058655e-01
3.458000e+02 -5.608061e+01 2.267800e-01
3.458000e+02 -5.602312e+01 2.276860e-01
3.458000e+02 -5.612256e+01 2.127842e-01
3.458000e+02 -5.622800e+01 2.031986e-01
3.458000e+02 -5.596935e+01 2.226089e-01
3.458000e+02 -5.604469e+01 2.075903e-01
3.458000e+02 -5.622431e+01 1.915525e-01
3.458000e+02 -5.613390e+01 2.155334e-01
3.458000e+02 -5.637074e+01 1.823940e-01
3.458000e+02 -5.612000e+01 2.110661e-01
3.458000e+02 -5.614823e+01 1.910786e-01
3.458000e+02 -5.603430e+01 2.258364e-01
3.458000e+02 -5.593836e+01 2.233350e-01
3.458000e+02 -5.608603e+01 2.206656e-01
3.458000e+02 -5.609998e+01 2.061101e-01
3.458000e+02 -5.610443e+01 2.035605e-01
3.458000e+02 -5.602987e+01 1.998209e-01
3.458000e+02 -5.607316e+01 1.923094e-01
3.458000e+02 -5.637300e+01 2.035011e-01
3.458000e+02 -5.633180e+01 2.042626e-01
3.460000e+02 -6.059182e+01 2.622844e-01
3.460000e+02 -6.088647e+01 2.242553e-01
3.460000e+02 -6.083076e+01 2.462032e-01
3.460000e+02 -6.143338e+01 2.162565e-01
3.460000e+02 -6.086677e+01 2.237804e-01
3.460000e+02 -6.115399e+01 2.485947e-01
3.460000e+02 -6.069934e+01 2.239393e-01
3.460000e+02 -6.072116e+01 2.417219e-01
3.460000e+02 -6.020629e+01 3.351044e-01
3.460000e+02 -6.111541e+01 2.336701e-01
3.460000e+02 -6.131202e+01 2.110277e-01
3.460000e+02 -6.102400e+01 2.559657e-01
3.460000e+02 -6.075343e+01 2.853313e-01
3.460000e+02 -6.043859e+01 2.453794e-01
3.460000e+02 -6.057490e+01 2.446388e-01
3.460000e+02 -6.076736e+01 2.344165e-01
3.460000e+02 -6.115458e+01 2.325930e-01
3.460000e+02 -6.094267e+01 2.225055e-01
3.460000e+02 -6.055492e+01 2.466647e-01
3.460000e+02 -6.069276e+01 2.234767e-01
3.462000e+02 -6.625463e+01 2.447268e-01
3.462000e+02 -6.588199e+01 2.495280e-01
3.462000e+02 -6.589990e+01 2.457272e-01
3.462000e+02 -6.591524e+01 2.407419e-01
3.462000e+02 -6.606146e+01 2.356596e-01
3.462000e+02 -6.582138e+01 2.206854e-01
3.462000e+02 -6.609284e+01 2.418352e-01
3.462000e+02 -6.578675e+01 2.497177e-01
3.462000e+02 -6.609747e+01 2.246702e-01
3.462000e+02 -6.597410e+01 2.229552e-01
3.462000e+02 -6.586086e+01 2.710835e-01
3.462000e+02 -6.570105e+01 2.456002e-01
3.462000e+02 -6.624591e+01 2.452582e-01
3.462000e+02 -6.618902e+01 2.612955e-01
3.462000e+02 -6.634921e+01 2.281030e-01
3.462000e+02 -6.624626e+01 2.337464e-01
3.462000e+02 -6.618968e+01 2.184246e-01
3.462000e+02 -6.561469e+01 2.548612e-01
3.462000e+02 -6.553446e+01 3.084437e-01
3.462000e+02 -6.617635e+01 2.552220e-01
3.464000e+02 -7.148815e+01 2.649903e-01
3.464000e+02 -7.125673e+01 3.129188e-01
3.464000e+02 -7.166045e+01 2.564036e-01
3.464000e+02 -7.131689e+01 2.865882e-01
3.464000e+02 -7.149964e+01 2.537047e-01
3.464000e+02 -7.163805e+01 2.448725e-01
3.464000e+02 -7.192763e+01 2.783205e-01
3.464000e+02 -7.146156e+01 2.496069e-01
3.464000e+02 -7.135293e+01 2.758103e-01
3.464000e+02 -7.132835e+01 2.891044e-01
3.464000e+02 -7.094528e+01 2.898589e-01
3.464000e+02 -7.126188e+01 2.874075e-01
3.464000e+02 -7.208054e+01 2.687096e-01
3.464000e+02 -7.155581e+01 3.058675e-01
3.464000e+02 -7.144757e+01 2.708160e-01
3.464000e+02 -7.152595e+01 2.459123e-01
3.464000e+02 -7.124674e+01 3.418746e-01
3.464000e+02 -7.118809e+01 2.899203e-01
3.466000e+02 -7.734040e+01 3.701519e-01
3.466000e+02 -7.709133e+01 2.828699e-01
3.466000e+02 -7.725723e+01 3.269807e-01
3.466000e+02 -7.703809e+01 2.756955e-01
3.466000e+02 -7.739350e+01 2.828105e-01
3.466000e+02 -7.734217e+01 2.619103e-01
3.466000e+02 -7.700038e+01 2.836639e-01
3.466000e+02 -7.709477e+01 3.502732e-01
3.466000e+02 -7.682913e+01 2.864678e-01
3.466000e+02 -7.760290e+01 2.463571e-01
3.466000e+02 -7.742113e+01 2.778637e-01
3.466000e+02 -7.780435e+01 2.791898e-01
3.466000e+02 -7.720963e+01 2.957792e-01
3.466000e+02 -7.785008e+01 2.813630e-01
3.466000e+02 -7.764912e+01 2.538814e-01
3.466000e+02 -7.715575e+01 3.734932e-01
3.466000e+02 -7.762249e+01 2.997930e-01
3.466000e+02 -7.724401e+01 3.148314e-01
3.466000e+02 -7.697560e+01 2.971134e-01
3.466000e+02 -7.720139e+01 2.707094e-01
3.468000e+02 -8.326347e+01 3.034354e-01
3.468000e+02 -8.328794e+01 2.859683e-01
3.468000e+02 -8.256024e+01 3.061994e-01
3.468000e+02 -8.281407e+01 3.186382e-01
3.468000e+02 -8.338464e+01 3.027021e-01
3.468000e+02 -8.300715e+01 3.063325e-01
3.468000e+02 -8.343503e+01 2.909331e-01
3.468000e+02 -8.238377e+01 3.306846e-01
3.468000e+02 -8.283479e+01 3.247238e-01
3.468000e+02 -8.323970e+01 2.957123e-01
3.468000e+02 -8.340321e+01 2.838804e-01
3.468000e+02 -8.290595e+01 3.409044e-01
3.468000e+02 -8.279250e+01 3.304479e-01
3.468000e+02 -8.325689e+01 2.806969e-01
3.468000e+02 -8.270808e+01 2.883790e-01
3.468000e+02 -8.267310e+01 3.236509e-01
3.468000e+02 -8.257368e+01 2.895349e-01
3.468000e+02 -8.328001e+01 3.188839e-01
3.468000e+02 -8.316042e+01 2.851662e-01
3.468000e+02 -8.351562e+01 2.949905e-01
3.470000e+02 -8.844546e+01 3.047204e-01
3.470000e+02 -8.878387e+01 3.287783e-01
3.470000e+02 -8.910015e+01 3.182215e-01
3.470000e+02 -8.879381e+01 3.493747e-01
3.470000e+02 -8.938606e+01 3.364888e-01
3.470000e+02 -8.933495e+01 3.163522e-01
3.470000e+02 -8.867451e+01 3.120507e-01
3.470000e+02 -8.885230e+01 3.497663e-01
3.470000e+02 -8.886351e+01 3.707667e-01
3.470000e+02 -8.918631e+01 3.358664e-01
3.470000e+02 -8.963292e+01 3.475930e-01
3.470000e+02 -8.855032e+01 3.611597e-01
3.470000e+02 -8.915652e+01 3.193578e-01
3.470000e+02 -8.950816e+01 3.285529e-01
3.470000e+02 -8.943922e+01 3.016645e-01
3.470000e+02 -8.857886e+01 3.571800e-01
3.470000e+02 -8.950034e+01 3.172606e-01
3.470000e+02 -8.871261e+01 3.245569e-01
3.470000e+02 -8.874991e+01 2.999465e-01
3.470000e+02 -8.865016e+01 3.375539e-01
3.472000e+02 -9.469639e+01 3.461053e-01
3.472000e+02 -9.486320e+01 3.158909e-01
3.472000e+02 -9.456278e+01 3.369657e-01
3.472000e+02 -9.509577e+01 3.594750e-01
3.472000e+02 -9.525095e+01 3.169976e-01
3.472000e+02 -9.512342e+01 3.488937e-01
3.472000e+02 -9.487197e+01 3.645318e-01
3.472000e+02 -9.483240e+01 3.250962e-01
3.472000e+02 -9.432017e+01 3.473826e-01
3.472000e+02 -9.474550e+01 4.029687e-01
3.472000e+02 -9.504226e+01 3.730131e-01
3.472000e+02 -9.494971e+01 3.296315e-01
3.472000e+02 -9.449735e+01 3.592812e-01
3.472000e+02 -9.498977e+01 3.179814e-01
3.472000e+02 -9.543651e+01 3.338006e-01
3.472000e+02 -9.473653e+01 3.555036e-01
3.472000e+02 -9.543652e+01 3.349208e-01
3.472000e+02 -9.381472e+01 3.637433e-01
3.472000e+02 -9.514048e+01 3.476167e-01
3.474000e+02 -1.005408e+02 3.716643e-01
3.474000e+02 -1.011198e+02 3.917957e-01
3.474000e+02 -1.008750e+02 3.705931e-01
3.474000e+02 -1.005457e+02 3.545300e-01
3.474000e+02 -1.009720e+02 3.480853e-01
3.474000e+02 -1.018655e+02 3.434260e-01
3.474000e+02 -1.007833e+02 3.791984e-01
3.474000e+02 -1.003555e+02 3.669182e-01
3.474000e+02 -1.002338e+02 4.114544e-01
3.474000e+02 -1.008394e+02 3.821222e-01
3.474000e+02 -1.014184e+02 3.232771e-01
3.474000e+02 -1.007850e+02 3.822152e-01
3.474000e+02 -1.012979e+02 3.826587e-01
3.474000e+02 -1.004114e+02 4.024017e-01
3.474000e+02 -1.009430e+02 3.501045e-01
3.474000e+02 -1.008430e+02 3.602726e-01
3.474000e+02 -1.005892e+02 4.147611e-01
3.474000e+02 -1.007812e+02 3.804006e-01
3.474000e+02 -1.008593e+02 3.448447e-01
3.476000e+02 -1.067339e+02 3.983053e-01
3.476000e+02 -1.066454e+02 3.713391e-01
3.476000e+02 -1.066612e+02 3.412616e-01
3.476000e+02 -1.063984e+02 4.538366e-01
3.476000e+02 -1.066998e+02 3.984688e-01
3.476000e+02 -1.072691e+02 3.825372e-01
3.476000e+02 -1.063035e+02 4.710227e-01
3.476000e+02 -1.063692e+02 4.351732e-01
3.476000e+02 -1.070462e+02 3.546446e-01
3.476000e+02 -1.069123e+02 3.708780e-01
3.476000e+02 -1.060906e+02 4.654962e-01
3.476000e+02 -1.066847e+02 3.769399e-01
3.476000e+02 -1.068591e+02 3.831190e-01
3.476000e+02 -1.055100e+02 4.642909e-01
3.476000e+02 -1.066669e+02 3.687733e-01
3.476000e+02 -1.061209e+02 4.716338e-01
3.476000e+02 -1.061875e+02 3.602768e-01
3.476000e+02 -1.064037e+02 4.069810e-01
3.476000e+02 -1.063263e+02 3.993082e-01
3.476000e+02 -1.071512e+02 3.824779e-01
3.478000e+02 -1.121361e+02 3.998113e-01
3.478000e+02 -1.131284e+02 3.865812e-01
3.478000e+02 -1.124537e+02 4.680462e-01
3.478000e+02 -1.120194e+02 4.327766e-01
3.478000e+02 -1.115080e+02 5.442296e-01
3.478000e+02 -1.126758e+02 4.029080e-01
3.478000e+02 -1.122185e+02 4.065894e-01
3.478000e+02 -1.117500e+02 3.984300e-01
3.478000e+02 -1.120126e+02 4.357962e-01
3.478000e+02 -1.124266e+02 3.775697e-01
3.478000e+02 -1.118591e+02 5.020334e-01
3.478000e+02 -1.123608e+02 4.325861e-01
3.478000e+02 -1.118283e+02 4.120208e-01
3.478000e+02 -1.123294e+02 4.483396e-01
3.478000e+02 -1.127020e+02 3.596855e-01
3.478000e+02 -1.131865e+02 3.914785e-01
3.478000e+02 -1.125548e+02 3.998747e-01
3.478000e+02 -1.127675e+02 4.368610e-01
3.478000e+02 -1.122504e+02 4.029719e-01
3.480000e+02 -1.183886e+02 4.793368e-01
3.480000e+02 -1.177259e+02 4.112654e-01
3.480000e+02 -1.181043e+02 4.245694e-01
3.480000e+02 -1.168390e+02 5.128878e-01
3.480000e+02 -1.183934e+02 3.960764e-01
3.480000e+02 -1.177433e+02 4.210577e-01
3.480000e+02 -1.182613e+02 4.231860e-01
3.480000e+02 -1.179003e+02 3.982538e-01
3.480000e+02 -1.179446e+02 4.045060e-01
3.480000e+02 -1.187399e+02 3.972572e-01
3.480000e+02 -1.173990e+02 4.326942e-01
3.480000e+02 -1.181663e+02 4.140633e-01
3.480000e+02 -1.184288e+02 3.926677e-01
3.480000e+02 -1.177105e+02 4.430877e-01
3.480000e+02 -1.176369e+02 4.975665e-01
3.480000e+02 -1.184707e+02 3.910979e-01
3.480000e+02 -1.179501e+02 4.436033e-01
3.480000e+02 -1.174929e+02 4.516697e-01
3.480000e+02 -1.175547e+02 4.187106e-01
3.482000e+02 -1.235640e+02 4.927621e-01
3.482000e+02 -1.239138e+02 4.407251e-01
3.482000e+02 -1.233307e+02 4.196979e-01
3.482000e+02 -1.229391e+02 4.516103e-01
3.482000e+02 -1.231951e+02 4.953558e-01
3.482000e+02 -1.227647e+02 4.866521e-01
3.482000e+02 -1.231655e+02 4.464060e-01
3.482000e+02 -1.236603e+02 4.815301e-01
3.482000e+02 -1.236889e+02 4.469694e-01
3.482000e+02 -1.220332e+02 5.205809e-01
3.482000e+02 -1.231560e+02 4.621845e-01
3.482000e+02 -1.232331e+02 4.408611e-01
3.482000e+02 -1.225073e+02 4.991393e-01
3.482000e+02 -1.228211e+02 4.337582e-01
3.482000e+02 -1.235784e+02 5.075234e-01
3.482000e+02 -1.227072e+02 4.854711e-01
3.482000e+02 -1.240765e+02 4.820291e-01
3.482000e+02 -1.235936e+02 4.890029e-01
3.482000e+02 -1.232343e+02 4.604573e-01
3.482000e+02 -1.230892e+02 4.851752e-01
3.484000e+02 -1.288617e+02 5.163732e-01
3.484000e+02 -1.288158e+02 4.176600e-01
3.484000e+02 -1.291525e+02 4.394156e-01
3.484000e+02 -1.287861e+02 4.209857e-01
3.484000e+02 -1.294752e+02 4.902573e-01
3.484000e+02 -1.284314e+02 4.848362e-01
3.484000e+02 -1.283926e+02 4.913253e-01
3.484000e+02 -1.291714e+02 4.771363e-01
3.484000e+02 -1.287107e+02 4.723550e-01
3.484000e+02 -1.289451e+02 4.937078e-01
3.484000e+02 -1.284755e+02 4.638074e-01
3.484000e+02 -1.289494e+02 4.791483e-01
3.484000e+02 -1.287318e+02 5.597042e-01
3.484000e+02 -1.294264e+02 4.501873e-01
3.484000e+02 -1.271587e+02 5.331374e-01
3.484000e+02 -1.287050e+02 4.380287e-01
3.484000e+02 -1.288243e+02 5.786866e-01
3.484000e+02 -1.287847e+02 4.328819e-01
3.486000e+02 -1.345051e+02 5.340188e-01
3.486000e+02 -1.341869e+02 4.894083e-01
3.486000e+02 -1.332543e+02 4.891346e-01
3.486000e+02 -1.347501e+02 4.930533e-01
3.486000e+02 -1.338093e+02 6.335573e-01
3.486000e+02 -1.339282e+02 4.896029e-01
3.486000e+02 -1.342716e+02 4.782406e-01
3.486000e+02 -1.338874e+02 4.829345e-01
3.486000e+02 -1.343995e+02 4.623853e-01
3.486000e+02 -1.350272e+02 4.652765e-01
3.486000e+02 -1.346936e+02 4.440733e-01
3.486000e+02 -1.341298e+02 4.567147e-01
3.486000e+02 -1.343311e+02 4.518565e-01
3.486000e+02 -1.342690e+02 4.723523e-01
3.486000e+02 -1.347524e+02 4.591878e-01
3.486000e+02 -1.344076e+02 4.561944e-01
3.486000e+02 -1.343403e+02 5.404591e-01
3.486000e+02 -1.346127e+02 4.751564e-01
3.488000e+02 -1.402080e+02 5.780332e-01
3.488000e+02 -1.397448e+02 4.781497e-01
3.488000e+02 -1.399669e+02 4.882083e-01
3.488000e+02 -1.396135e+02 4.874831e-01
3.488000e+02 -1.396742e+02 4.893579e-01
3.488000e+02 -1.378703e+02 5.528121e-01
3.488000e+02 -1.393559e+02 5.387140e-01
3.488000e+02 -1.399596e+02 4.655681e-01
3.488000e+02 -1.388954e+02 4.843802e-01
3.488000e+02 -1.383142e+02 5.525140e-01
3.488000e+02 -1.406067e+02 4.995398e-01
3.488000e+02 -1.392544e+02 4.755718e-01
3.488000e+02 -1.396461e+02 4.749396e-01
3.488000e+02 -1.401446e+02 5.143537e-01
3.488000e+02 -1.395936e+02 5.503611e-01
3.488000e+02 -1.399910e+02 4.832589e-01
3.488000e+02 -1.401064e+02 4.962447e-01
3.488000e+02 -1.396228e+02 5.104194e-01
3.488000e+02 -1.396409e+02 5.747716e-01
3.488000e+02 -1.395258e+02 5.337450e-01
3.490000e+02 -1.448271e+02 5.135374e-01
3.490000e+02 -1.448508e+02 5.044280e-01
3.490000e+02 -1.449336e+02 6.177519e-01
3.490000e+02 -1.441167e+02 5.541222e-01
3.490000e+02 -1.443601e+02 5.271476e-01
3.490000e+02 -1.441584e+02 5.567376e-01
3.490000e+02 -1.444000e+02 5.015371e-01
3.490000e+02 -1.442367e+02 5.516862e-01
3.490000e+02 -1.436172e+02 5.489038e-01
3.490000e+02 -1.448995e+02 6.001468e-01
3.490000e+02 -1.443332e+02 5.107872e-01
3.490000e+02 -1.439033e+02 5.465372e-01
3.490000e+02 -1.444695e+02 4.721512e-01
3.490000e+02 -1.444878e+02 6.237333e-01
3.490000e+02 -1.456307e+02 4.916468e-01
3.490000e+02 -1.449699e+02 4.819513e-01
3.490000e+02 -1.453340e+02 4.923958e-01
3.490000e+02 -1.450287e+02 4.836245e-01
3.490000e+02 -1.434722e+02 6.048051e-01
3.490000e+02 -1.444855e+02 5.360820e-01
3.492000e+02 -1.493944e+02 5.735525e-01
3.492000e+02 -1.497180e+02 6.164528e-01
3.492000e+02 -1.495270e+02 5.411797e-01
3.492000e+02 -1.485046e+02 5.796646e-01
3.492000e+02 -1.496425e+02 5.100319e-01
3.492000e+02 -1.499470e+02 5.155354e-01
3.492000e+02 -1.492128e+02 5.692931e-01
3.492000e+02 -1.492377e+02 5.676431e-01
3.492000e+02 -1.503409e+02 5.275527e-01
3.492000e+02 -1.491577e+02 5.861927e-01
3.492000e+02 -1.495707e+02 5.376965e-01
3.492000e+02 -1.496755e+02 5.058826e-01
3.492000e+02 -1.495382e+02 5.522396e-01
3.492000e+02 -1.494430e+02 5.523698e-01
3.492000e+02 -1.498772e+02 5.285950e-01
3.492000e+02 -1.492589e+02 5.912761e-01
3.492000e+02 -1.497575e+02 5.819977e-01
3.492000e+02 -1.491746e+02 5.574740e-01
3.494000e+02 -1.549879e+02 5.513634e-01
3.494000e+02 -1.536920e+02 6.722664e-01
3.494000e+02 -1.542070e+02 5.475683e-01
3.494000e+02 -1.538386e+02 5.637505e-01
3.494000e+02 -1.548148e+02 5.342610e-01
3.494000e+02 -1.541943e+02 5.434694e-01
3.494000e+02 -1.547154e+02 5.379744e-01
3.494000e+02 -1.534147e+02 5.904925e-01
3.494000e+02 -1.536634e+02 5.472596e-01
3.494000e+02 -1.537240e+02 5.507306e-01
3.494000e+02 -1.545686e+02 5.613553e-01
3.494000e+02 -1.538944e+02 6.116425e-01
3.494000e+02 -1.540615e+02 6.386623e-01
3.494000e+02 -1.544693e+02 5.226936e-01
3.494000e+02 -1.524823e+02 6.911740e-01
3.494000e+02 -1.537623e+02 6.050850e-01
3.494000e+02 -1.536877e+02 5.651907e-01
3.494000e+02 -1.529440e+02 5.911160e-01
3.494000e+02 -1.544871e+02 5.175712e-01
3.494000e+02 -1.552054e+02 5.310287e-01
3.496000e+02 -1.589140e+02 5.656230e-01
3.496000e+02 -1.591570e+02 6.353191e-01
3.496000e+02 -1.592952e+02 6.080922e-01
3.496000e+02 -1.590653e+02 5.849291e-01
3.496000e+02 -1.591147e+02 6.373981e-01
3.496000e+02 -1.594183e+02 5.747150e-01
3.496000e+02 -1.573872e+02 7.240033e-01
3.496000e+02 -1.591071e+02 5.062695e-01
3.496000e+02 -1.590366e+02 6.012743e-01
3.496000e+02 -1.591038e+02 5.523657e-01
3.496000e+02 -1.594026e+02 5.894434e-01
3.496000e+02 -1.584247e+02 5.571405e-01
3.496000e+02 -1.593305e+02 5.872577e-01
3.496000e+02 -1.589809e+02 6.394071e-01
3.496000e+02 -1.585960e+02 6.505653e-01
3.496000e+02 -1.592304e+02 5.895133e-01
3.496000e+02 -1.599323e+02 5.438997e-01
3.496000e+02 -1.585646e+02 5.645040e-01
3.496000e+02 -1.591892e+02 5.537837e-01
3.496000e+02 -1.593582e+02 5.490175e-01
3.498000e+02 -1.636367e+02 5.926524e-01
3.498000e+02 -1.631599e+02 6.726378e-01
3.498000e+02 -1.641612e+02 5.875550e-01
3.498000e+02 -1.634130e+02 6.022446e-01
3.498000e+02 -1.631318e+02 5.744964e-01
3.498000e+02 -1.638105e+02 6.762397e-01
3.498000e+02 -1.643206e+02 5.959133e-01
3.498000e+02 -1.638512e+02 5.953274e-01
3.498000e+02 -1.634245e+02 6.571163e-01
3.498000e+02 -1.644444e+02 6.439895e-01
3.498000e+02 -1.640024e+02 5.563899e-01
3.498000e+02 -1.629924e+02 7.286144e-01
3.498000e+02 -1.637563e+02 6.174759e-01
3.498000e+02 -1.628768e+02 5.694012e-01
3.498000e+02 -1.631477e+02 6.584162e-01
3.498000e+02 -1.641522e+02 5.986267e-01
3.498000e+02 -1.639858e+02 7.134236e-01
3.498000e+02 -1.641910e+02 6.224762e-01
3.498000e+02 -1.644014e+02 6.389549e-01
3.498000e+02 -1.646691e+02 5.815001e-01
3.500000e+02 -1.682052e+02 6.174420e-01
3.500000e+02 -1.693909e+02 5.347211e-01
3.500000e+02 -1.683715e+02 6.188207e-01
3.500000e+02 -1.682236e+02 6.054265e-01
3.500000e+02 -1.693880e+02 5.849066e-01
3.500000e+02 -1.687300e+02 6.046292e-01
3.500000e+02 -1.676074e+02 6.625557e-01
3.500000e+02 -1.684513e+02 6.202521e-01
3.500000e+02 -1.678639e+02 6.089316e-01
3.500000e+02 -1.689856e+02 6.008523e-01
3.500000e+02 -1.680325e+02 5.977769e-01
3.500000e+02 -1.679499e+02 6.080259e-01
3.500000e+02 -1.678555e+02 7.212172e-01
3.500000e+02 -1.676008e+02 6.267996e-01
3.500000e+02 -1.684348e+02 6.217778e-01
3.500000e+02 -1.682327e+02 6.381000e-01
3.500000e+02 -1.685890e+02 6.241640e-01
3.500000e+02 -1.698815e+02 5.716454e-01
3.500000e+02 -1.689810e+02 6.223494e-01
3.500000e+02 -1.688127e+02 6.455615e-01
3.510000e+02 -1.915373e+02 6.396630e-01
3.510000e+02 -1.907334e+02 7.937849e-01
3.510000e+02 -1.899429e+02 8.408894e-01
3.510000e+02 -1.910259e+02 8.080022e-01
3.510000e+02 -1.892215e+02 7.946138e-01
3.510000e+02 -1.898616e+02 7.241528e-01
3.510000e+02 -1.915475e+02 7.446261e-01
3.510000e+02 -1.919116e+02 6.847289e-01
3.510000e+02 -1.907113e+02 6.545496e-01
3.510000e+02 -1.907765e+02 7.107238e-01
3.510000e+02 -1.898269e+02 8.048819e-01
3.510000e+02 -1.889464e+02 7.470857e-01
3.510000e+02 -1.902518e+02 6.924522e-01
3.510000e+02 -1.894718e+02 7.393947e-01
3.510000e+02 -1.911994e+02 7.028177e-01
3.510000e+02 -1.899242e+02 8.773385e-01
3.510000e+02 -1.904859e+02 7.581267e-01
3.510000e+02 -1.896263e+02 8.335545e-01
3.510000e+02 -1.904466e+02 6.928756e-01
3.510000e+02 -1.898549e+02 7.681578e-01
3.520000e+02 -2.119668e+02 7.477846e-01
3.520000e+02 -2.095837e+02 7.947470e-01
3.520000e+02 -2.101455e+02 9.316786e-01
3.520000e+02 -2.106782e+02 7.433545e-01
3.520000e+02 -2.114392e+02 7.634403e-01
3.520000e+02 -2.116142e+02 7.810904e-01
3.520000e+02 -2.111938e+02 7.766042e-01
3.520000e+02 -2.114728e+02 7.480675e-01
3.520000e+02 -2.106075e+02 8.181581e-01
3.520000e+02 -2.089545e+02 8.844757e-01
3.520000e+02 -2.114283e+02 7.292033e-01
3.520000e+02 -2.109791e+02 7.517339e-01
3.520000e+02 -2.106446e+02 8.150641e-01
3.520000e+02 -2.118374e+02 7.678923e-01
3.520000e+02 -2.105858e+02 7.487974e-01
3.520000e+02 -2.116415e+02 7.644426e-01
3.520000e+02 -2.097414e+02 9.258632e-01
3.520000e+02 -2.100885e+02 9.074637e-01
3.530000e+02 -2.305293e+02 7.947343e-01
3.530000e+02 -2.300850e+02 8.263258e-01
3.530000e+02 -2.296186e+02 8.190325e-01
3.530000e+02 -2.291410e+02 9.472440e-01
3.530000e+02 -2.296658e+02 8.630025e-01
3.530000e+02 -2.294295e+02 9.005975e-01
3.530000e+02 -2.288989e+02 9.039302e-01
3.530000e+02 -2.285753e+02 8.982870e-01
3.530000e+02 -2.292992e+02 8.857389e-01
3.530000e+02 -2.286514e+02 9.754970e-01
3.530000e+02 -2.295867e+02 8.653466e-01
3.530000e+02 -2.297516e+02 8.840996e-01
3.530000e+02 -2.296001e+02 9.486478e-01
3.530000e+02 -2.300375e+02 9.343957e-01
3.530000e+02 -2.289145e+02 7.832554e-01
3.530000e+02 -2.284034e+02 8.783474e-01
3.530000e+02 -2.289818e+02 9.385426e-01
3.530000e+02 -2.287494e+02 9.105116e-01
3.530000e+02 -2.306968e+02 9.353844e-01
3.530000e+02 -2.310342e+02 8.821046e-01
3.540000e+02 -2.481482e+02 9.602680e-01
3.540000e+02 -2.485296e+02 9.518425e-01
3.540000e+02 -2.480990e+02 9.997946e-01
3.540000e+02 -2.473024e+02 9.069884e-01
3.540000e+02 -2.448889e+02 1.278914e+00
3.540000e+02 -2.471937e+02 1.029693e+00
3.540000e+02 -2.472988e+02 8.920036e-01
3.540000e+02 -2.485984e+02 8.912215e-01
3.540000e+02 -2.469942e+02 9.176287e-01
3.540000e+02 -2.459768e+02 9.770330e-01
3.540000e+02 -2.456556e+02 1.006967e+00
3.540000e+02 -2.497449e+02 9.150911e-01
3.540000e+02 -2.452132e+02 9.075181e-01
3.540000e+02 -2.477338e+02 9.242534e-01
3.540000e+02 -2.470912e+02 9.299747e-01
3.540000e+02 -2.481652e+02 1.127510e+00
3.540000e+02 -2.480378e+02 9.022909e-01
3.540000e+02 -2.455891e+02 1.065699e+00
3.550000e+02 -2.630953e+02 1.045138e+00
3.550000e+02 -2.628399e+02 1.114995e+00
3.550000e+02 -2.658460e+02 9.929832e-01
3.550000e+02 -2.640501e+02 1.160104e+00
3.550000e+02 -2.627435e+02 1.064274e+00
3.550000e+02 -2.644611e+02 9.385974e-01
3.550000e+02 -2.618706e+02 1.100952e+00
3.550000e+02 -2.635846e+02 1.020938e+00
3.550000e+02 -2.653518e+02 9.194695e-01
3.550000e+02 -2.646228e+02 1.006611e+00
3.550000e+02 -2.636549e+02 1.133156e+00
3.550000e+02 -2.666438e+02 9.624026e-01
3.550000e+02 -2.622002e+02 9.773365e-01
3.550000e+02 -2.626975e+02 1.099175e+00
3.550000e+02 -2.635945e+02 1.027801e+00
3.550000e+02 -2.636486e+02 1.154468e+00
3.550000e+02 -2.628782e+02 1.208383e+00
3.550000e+02 -2.613326e+02 1.417606e+00
3.550000e+02 -2.638094e+02 1.104644e+00
3.560000e+02 -2.793194e+02 1.116549e+00
3.560000e+02 -2.803186e+02 1.181382e+00
3.560000e+02 -2.776188e+02 1.169196e+00
3.560000e+02 -2.793443e+02 1.217032e+00
3.560000e+02 -2.778433e+02 1.155134e+00
3.560000e+02 -2.784239e+02 1.084565e+00
3.560000e+02 -2.796054e+02 1.049165e+00
3.560000e+02 -2.787280e+02 1.275980e+00
3.560000e+02 -2.802734e+02 1.227752e+00
3.560000e+02 -2.786056e+02 1.188207e+00
3.560000e+02 -2.791158e+02 1.229156e+00
3.560000e+02 -2.793211e+02 1.150115e+00
3.560000e+02 -2.793250e+02 1.191608e+00
3.560000e+02 -2.806689e+02 1.153676e+00
3.560000e+02 -2.794642e+02 1.135267e+00
3.560000e+02 -2.783509e+02 1.126840e+00
3.560000e+02 -2.792490e+02 1.110744e+00
3.560000e+02 -2.771158e+02 1.196243e+00
3.560000e+02 -2.783387e+02 1.419280e+00
3.560000e+02 -2.808027e+02 1.129020e+00
3.570000e+02 -2.909696e+02 1.393021e+00
3.570000e+02 -2.950254e+02 1.161901e+00
3.570000e+02 -2.948065e+02 1.454178e+00
3.570000e+02 -2.948853e+02 1.162504e+00
3.570000e+02 -2.936172e+02 1.152077e+00
3.570000e+02 -2.944990e+02 1.118609e+00
3.570000e+02 -2.946466e+02 1.110180e+00
3.570000e+02 -2.941000e+02 1.126176e+00
3.570000e+02 -2.930836e+02 1.235119e+00
3.570000e+02 -2.942919e+02 1.163083e+00
3.570000e+02 -2.951490e+02 1.147027e+00
3.570000e+02 -2.939534e+02 1.367127e+00
3.570000e+02 -2.947952e+02 1.199918e+00
3.570000e+02 -2.922355e+02 1.244484e+00
3.570000e+02 -2.927705e+02 1.222737e+00
3.570000e+02 -2.942078e+02 1.194966e+00
3.570000e+02 -2.938243e+02 1.292473e+00
3.570000e+02 -2.940439e+02 1.194971e+00
3.570000e+02 -2.928358e+02 1.177605e+00
3.570000e+02 -2.925212e+02 1.336617e+00
3.580000e+02 -3.084736e+02 1.244999e+00
3.580000e+02 -3.073531e+02 1.293040e+00
3.580000e+02 -3.092758e+02 1.219744e+00
3.580000e+02 -3.079148e+02 1.279337e+00
3.580000e+02 -3.073664e+02 1.361558e+00
3.580000e+02 -3.073440e+02 1.281171e+00
3.580000e+02 -3.071375e+02 1.288145e+00
3.580000e+02 -3.086366e+02 1.213335e+00
3.580000e+02 -3.059866e+02 1.384156e+00
3.580000e+02 -3.069078e+02 1.551464e+00
3.580000e+02 -3.052173e+02 1.427763e+00
3.580000e+02 -3.075982e+02 1.276216e+00
3.580000e+02 -3.059261e+02 1.249623e+00
3.580000e+02 -3.057254e+02 1.646669e+00
3.580000e+02 -3.084327e+02 1.185186e+00
3.580000e+02 -3.079931e+02 1.277216e+00
3.580000e+02 -3.080952e+02 1.385503e+00
3.580000e+02 -3.091613e+02 1.280700e+00
3.590000e+02 -3.202993e+02 1.615000e+00
3.590000e+02 -3.205792e+02 1.416285e+00
3.590000e+02 -3.200830e+02 1.464026e+00
3.590000e+02 -3.216344e+02 1.312483e+00
3.590000e+02 -3.181492e+02 1.681337e+00
3.590000e+02 -3.233503e+02 1.275444e+00
3.590000e+02 -3.186968e+02 1.519357e+00
3.590000e+02 -3.200376e+02 1.534423e+00
3.590000e+02 -3.215143e+02 1.429925e+00
3.590000e+02 -3.204911e+02 1.364681e+00
3.590000e+02 -3.204454e+02 1.635410e+00
3.590000e+02 -3.193864e+02 1.424210e+00
3.590000e+02 -3.216687e+02 1.383787e+00
3.590000e+02 -3.225464e+02 1.362127e+00
3.590000e+02 -3.185472e+02 1.713168e+00
3.590000e+02 -3.186230e+02 1.374394e+00
3.590000e+02 -3.199720e+02 1.362145e+00
3.590000e+02 -3.197129e+02 1.326279e+00
3.590000e+02 -3.212416e+02 1.419072e+00
3.600000e+02 -3.348458e+02 1.366556e+00
3.600000e+02 -3.350742e+02 1.463441e+00
3.600000e+02 -3.348735e+02 1.447090e+00
3.600000e+02 -3.318598e+02 1.439312e+00
3.600000e+02 -3.338400e+02 1.454714e+00
3.600000e+02 -3.329870e+02 1.543087e+00
3.600000e+02 -3.328888e+02 1.726172e+00
3.600000e+02 -3.360862e+02 1.411780e+00
3.600000e+02 -3.350712e+02 1.381075e+00
3.600000e+02 -3.322197e+02 1.458924e+00
3.600000e+02 -3.310111e+02 1.540002e+00
3.600000e+02 -3.322676e+02 1.427283e+00
3.600000e+02 -3.369383e+02 1.423806e+00
3.600000e+02 -3.356210e+02 1.419462e+00
3.600000e+02 -3.336188e+02 1.399532e+00
3.600000e+02 -3.329137e+02 1.311694e+00
3.600000e+02 -3.345399e+02 1.539452e+00
3.600000e+02 -3.354013e+02 1.465228e+00
3.600000e+02 -3.345385e+02 1.441226e+00
3.600000e+02 -3.355939e+02 1.411295e+00
3.650000e+02 -3.907070e+02 1.648985e+00
3.650000e+02 -3.871749e+02 1.994750e+00
3.650000e+02 -3.884222e+02 1.766507e+00
3.650000e+02 -3.879489e+02 2.048550e+00
3.650000e+02 -3.865681e+02 1.955071e+00
3.650000e+02 -3.874071e+02 1.851100e+00
3.650000e+02 -3.890393e+02 1.872876e+00
3.650000e+02 -3.916325e+02 1.705190e+00
3.650000e+02 -3.915324e+02 1.800362e+00
3.650000e+02 -3.882771e+02 1.838514e+00
3.650000e+02 -3.889654e+02 1.881051e+00
3.650000e+02 -3.892793e+02 1.716681e+00
3.650000e+02 -3.875649e+02 1.715025e+00
3.650000e+02 -3.915754e+02 1.834665e+00
3.650000e+02 -3.932776e+02 1.907494e+00
3.650000e+02 -3.886721e+02 1.972221e+00
3.650000e+02 -3.917482e+02 1.925862e+00
3.650000e+02 -3.906144e+02 1.644408e+00
3.650000e+02 -3.890191e+02 2.027424e+00
3.650000e+02 -3.895903e+02 1.671690e+00
3.700000e+02 -4.379324e+02 2.054067e+00
3.700000e+02 -4.360786e+02 2.125407e+00
3.700000e+02 -4.370890e+02 2.140121e+00
3.700000e+02 -4.394585e+02 1.965360e+00
3.700000e+02 -4.314763e+02 2.005627e+00
3.700000e+02 -4.378014e+02 2.018363e+00
3.700000e+02 -4.354362e+02 1.997635e+00
3.700000e+02 0.000000e+00 0.000000e+00
3.700000e+02 -4.338595e+02 2.177870e+00
3.700000e+02 -4.366448e+02 2.126210e+00
3.700000e+02 -4.355197e+02 1.980439e+00
3.700000e+02 -4.299378e+02 2.464102e+00
3.700000e+02 -4.371039e+02 1.902542e+00
3.700000e+02 -4.351977e+02 2.072496e+00
3.700000e+02 -4.369487e+02 2.013769e+00
3.700000e+02 -4.318491e+02 2.215241e+00
3.700000e+02 -4.340927e+02 2.189875e+00
3.700000e+02 -4.378886e+02 1.912422e+00
3.700000e+02 -4.321052e+02 2.345363e+00
3.750000e+02 -4.739614e+02 2.956283e+00
3.750000e+02 -4.741653e+02 2.448794e+00
3.750000e+02 -4.732622e+02 2.366436e+00
3.750000e+02 -4.750922e+02 2.204869e+00
3.750000e+02 -4.743118e+02 3.002224e+00
3.750000e+02 -4.742670e+02 2.963896e+00
3.750000e+02 -4.758206e+02 2.214496e+00
3.750000e+02 -4.752003e+02 2.700136e+00
3.750000e+02 -4.734819e+02 2.365083e+00
3.750000e+02 -4.780939e+02 2.198819e+00
3.750000e+02 -4.746597e+02 2.618791e+00
3.750000e+02 -4.747855e+02 2.285583e+00
3.750000e+02 -4.758490e+02 2.286125e+00
3.750000e+02 -4.730514e+02 2.493533e+00
3.750000e+02 -4.737911e+02 2.336995e+00
3.750000e+02 -4.754327e+02 2.610078e+00
3.750000e+02 -4.682517e+02 2.455398e+00
3.750000e+02 -4.680487e+02 2.433797e+00
3.800000e+02 -5.061115e+02 2.758664e+00
3.800000e+02 -5.047619e+02 2.598362e+00
3.800000e+02 -5.071045e+02 2.548968e+00
3.800000e+02 -5.064224e+02 2.638051e+00
3.800000e+02 -5.048119e+02 2.630105e+00
3.800000e+02 -5.085686e+02 3.227693e+00
3.800000e+02 -5.041621e+02 2.699311e+00
3.800000e+02 -5.045633e+02 2.587807e+00
3.800000e+02 -5.041211e+02 2.818003e+00
3.800000e+02 -5.019110e+02 2.583992e+00
3.800000e+02 -5.003303e+02 3.034207e+00
3.800000e+02 -5.078876e+02 2.401507e+00
3.800000e+02 -5.098028e+02 2.667269e+00
3.800000e+02 -5.043960e+02 2.872736e+00
3.800000e+02 -5.109468e+02 2.404408e+00
3.800000e+02 -5.065864e+02 2.523405e+00
3.800000e+02 -5.063527e+02 2.476794e+00
3.800000e+02 -5.012942e+02 2.986816e+00
3.800000e+02 -4.989151e+02 2.923558e+00
3.850000e+02 -5.305787e+02 2.883020e+00
3.850000e+02 -5.367110e+02 2.963239e+00
3.850000e+02 -5.305188e+02 2.992170e+00
3.850000e+02 -5.296701e+02 3.349835e+00
3.850000e+02 -5.365300e+02 2.921617e+00
3.850000e+02 -5.378836e+02 2.823772e+00
3.850000e+02 -5.354331e+02 2.528201e+00
3.850000e+02 -5.362193e+02 3.216835e+00
3.850000e+02 -5.293343e+02 2.892374e+00
3.850000e+02 -5.311062e+02 2.987274e+00
3.850000e+02 -5.357474e+02 2.542797e+00
3.850000e+02 -5.317816e+02 2.984050e+00
3.850000e+02 -5.324310e+02 2.883696e+00
3.850000e+02 -5.376036e+02 2.667536e+00
3.850000e+02 -5.346816e+02 3.041283e+00
3.850000e+02 -5.334139e+02 3.344160e+00
3.850000e+02 -5.370097e+02 2.784490e+00
3.850000e+02 -5.334301e+02 2.967598e+00
3.850000e+02 -5.340000e+02 2.687503e+00
3.850000e+02 -5.350427e+02 2.920780e+00
