3.250000e+02 7.365483e+00 1.322117e-02
3.250000e+02 7.341471e+00 1.303548e-02
3.250000e+02 7.349466e+00 1.337181e-02
3.250000e+02 7.358555e+00 1.333986e-02
3.250000e+02 7.355898e+00 1.323878e-02
3.250000e+02 7.352511e+00 1.318039e-02
3.250000e+02 7.330923e+00 1.320311e-02
3.250000e+02 7.338639e+00 1.336510e-02
3.250000e+02 7.329157e+00 1.318936e-02
3.250000e+02 7.346485e+00 1.326345e-02
3.250000e+02 7.341543e+00 1.325438e-02
3.250000e+02 7.357476e+00 1.336213e-02
3.250000e+02 7.349548e+00 1.325612e-02
3.250000e+02 7.328910e+00 1.319524e-02
3.250000e+02 7.327356e+00 1.313552e-02
3.250000e+02 7.356184e+00 1.334622e-02
3.250000e+02 7.325870e+00 1.310133e-02
3.260000e+02 7.710872e+00 1.384390e-02
3.260000e+02 7.707601e+00 1.409739e-02
3.260000e+02 7.682646e+00 1.390537e-02
3.260000e+02 7.715521e+00 1.395423e-02
3.260000e+02 7.686470e+00 1.404294e-02
3.260000e+02 7.709714e+00 1.391292e-02
3.260000e+02 7.703141e+00 1.397341e-02
3.260000e+02 7.699630e+00 1.388089e-02
3.260000e+02 7.677190e+00 1.395481e-02
3.260000e+02 7.683979e+00 1.387106e-02
3.260000e+02 7.691383e+00 1.405225e-02
3.260000e+02 7.705624e+00 1.400961e-02
3.260000e+02 7.675337e+00 1.397478e-02
3.260000e+02 7.679057e+00 1.397690e-02
3.260000e+02 7.720514e+00 1.397172e-02
3.260000e+02 7.705870e+00 1.384815e-02
3.260000e+02 7.694530e+00 1.391676e-02
3.260000e+02 7.678075e+00 1.386935e-02
3.260000e+02 7.713723e+00 1.382115e-02
3.260000e+02 7.694108e+00 1.388106e-02
3.270000e+02 8.091877e+00 1.472932e-02
3.270000e+02 8.079250e+00 1.478208e-02
3.270000e+02 8.060181e+00 1.475104e-02
3.270000e+02 8.073403e+00 1.459476e-02
3.270000e+02 8.084630e+00 1.477378e-02
3.270000e+02 8.038289e+00 1.463547e-02
3.270000e+02 8.092931e+00 1.465150e-02
3.270000e+02 8.070347e+00 1.462839e-02
3.270000e+02 8.059384e+00 1.471622e-02
3.270000e+02 8.086875e+00 1.451781e-02
3.270000e+02 8.057706e+00 1.469940e-02
3.270000e+02 8.054517e+00 1.460628e-02
3.270000e+02 8.076843e+00 1.468005e-02
3.270000e+02 8.078890e+00 1.474950e-02
3.270000e+02 8.042481e+00 1.461284e-02
3.270000e+02 8.082332e+00 1.458391e-02
3.270000e+02 8.062508e+00 1.470163e-02
3.270000e+02 8.071064e+00 1.466437e-02
3.270000e+02 8.070870e+00 1.474498e-02
3.270000e+02 8.054927e+00 1.463860e-02
3.280000e+02 8.474846e+00 1.540844e-02
3.280000e+02 8.469230e+00 1.523145e-02
3.280000e+02 8.472598e+00 1.549943e-02
3.280000e+02 8.477069e+00 1.544635e-02
3.280000e+02 8.459289e+00 1.565254e-02
3.280000e+02 8.476031e+00 1.567419e-02
3.280000e+02 8.474172e+00 1.535931e-02
3.280000e+02 8.474586e+00 1.532755e-02
3.280000e+02 8.465066e+00 1.566507e-02
3.280000e+02 8.461094e+00 1.544743e-02
3.280000e+02 8.484211e+00 1.531322e-02
3.280000e+02 8.474856e+00 1.557452e-02
3.280000e+02 8.495480e+00 1.555199e-02
3.280000e+02 8.449007e+00 1.535131e-02
3.280000e+02 8.497590e+00 1.552640e-02
3.280000e+02 8.463288e+00 1.544294e-02
3.280000e+02 8.456181e+00 1.521412e-02
3.280000e+02 8.449611e+00 1.542504e-02
3.280000e+02 8.459955e+00 1.566434e-02
3.280000e+02 8.440374e+00 1.530697e-02
3.290000e+02 8.891469e+00 1.645243e-02
3.290000e+02 8.874385e+00 1.622459e-02
3.290000e+02 8.915379e+00 1.631566e-02
3.290000e+02 8.893436e+00 1.630297e-02
3.290000e+02 8.918064e+00 1.625623e-02
3.290000e+02 8.905790e+00 1.634434e-02
3.290000e+02 8.906599e+00 1.626263e-02
3.290000e+02 8.902604e+00 1.644857e-02
3.290000e+02 8.913840e+00 1.644248e-02
3.290000e+02 8.924096e+00 1.638179e-02
3.290000e+02 8.876509e+00 1.611977e-02
3.290000e+02 8.909771e+00 1.647944e-02
3.290000e+02 8.899973e+00 1.638549e-02
3.290000e+02 8.898339e+00 1.627796e-02
3.290000e+02 8.905729e+00 1.630450e-02
3.290000e+02 8.880160e+00 1.628511e-02
3.290000e+02 8.890902e+00 1.627347e-02
3.290000e+02 8.865243e+00 1.633812e-02
3.290000e+02 8.895915e+00 1.642129e-02
3.290000e+02 8.937107e+00 1.651922e-02
3.300000e+02 9.382460e+00 1.727024e-02
3.300000e+02 9.367812e+00 1.721684e-02
3.300000e+02 9.356171e+00 1.723634e-02
3.300000e+02 9.374956e+00 1.734238e-02
3.300000e+02 9.392159e+00 1.738473e-02
3.300000e+02 9.371589e+00 1.733838e-02
3.300000e+02 9.351830e+00 1.733497e-02
3.300000e+02 9.375866e+00 1.744799e-02
3.300000e+02 9.379161e+00 1.741944e-02
3.300000e+02 9.382735e+00 1.710507e-02
3.300000e+02 9.396460e+00 1.752595e-02
3.300000e+02 9.360227e+00 1.724752e-02
3.300000e+02 9.365275e+00 1.703099e-02
3.300000e+02 9.361614e+00 1.727517e-02
3.300000e+02 9.379127e+00 1.729696e-02
3.300000e+02 9.380179e+00 1.727472e-02
3.300000e+02 9.373452e+00 1.737722e-02
3.300000e+02 9.389803e+00 1.735421e-02
3.300000e+02 9.411127e+00 1.749016e-02
3.300000e+02 9.334340e+00 1.713087e-02
3.310000e+02 9.850673e+00 1.852859e-02
3.310000e+02 9.888570e+00 1.842308e-02
3.310000e+02 9.884456e+00 1.833118e-02
3.310000e+02 9.876903e+00 1.838833e-02
3.310000e+02 9.891266e+00 1.851460e-02
3.310000e+02 9.891757e+00 1.835257e-02
3.310000e+02 9.867212e+00 1.841422e-02
3.310000e+02 9.913893e+00 1.858961e-02
3.310000e+02 9.891182e+00 1.839789e-02
3.310000e+02 9.899992e+00 1.813571e-02
3.310000e+02 9.880465e+00 1.833262e-02
3.310000e+02 9.879731e+00 1.838664e-02
3.310000e+02 9.910195e+00 1.839900e-02
3.310000e+02 9.871950e+00 1.844644e-02
3.310000e+02 9.853780e+00 1.829628e-02
3.310000e+02 9.858595e+00 1.828716e-02
3.310000e+02 9.843016e+00 1.830477e-02
3.310000e+02 9.891641e+00 1.867619e-02
3.310000e+02 9.893413e+00 1.839517e-02
3.320000e+02 1.049792e+01 1.983339e-02
3.320000e+02 1.046292e+01 1.971045e-02
3.320000e+02 1.043152e+01 1.981868e-02
3.320000e+02 1.045037e+01 1.962197e-02
3.320000e+02 1.041778e+01 1.980834e-02
3.320000e+02 1.043509e+01 1.969182e-02
3.320000e+02 1.044357e+01 1.952694e-02
3.320000e+02 1.043840e+01 1.969797e-02
3.320000e+02 1.043830e+01 1.953658e-02
3.320000e+02 1.047076e+01 1.962387e-02
3.320000e+02 1.044292e+01 1.986057e-02
3.320000e+02 1.043917e+01 1.962892e-02
3.320000e+02 1.042017e+01 1.966207e-02
3.320000e+02 1.040291e+01 1.952951e-02
3.320000e+02 1.043356e+01 1.946748e-02
3.320000e+02 1.044698e+01 1.965535e-02
3.320000e+02 1.045840e+01 1.967341e-02
3.320000e+02 1.038655e+01 1.958542e-02
3.320000e+02 1.042262e+01 1.968974e-02
3.320000e+02 1.042619e+01 1.947053e-02
3.330000e+02 1.108052e+01 2.075223e-02
3.330000e+02 1.108446e+01 2.080749e-02
3.330000e+02 1.103637e+01 2.071395e-02
3.330000e+02 1.102772e+01 2.091585e-02
3.330000e+02 1.103953e+01 2.090588e-02
3.330000e+02 1.109930e+01 2.093661e-02
3.330000e+02 1.102427e+01 2.094801e-02
3.330000e+02 1.103608e+01 2.091741e-02
3.330000e+02 1.107059e+01 2.090554e-02
3.330000e+02 1.104402e+01 2.074818e-02
3.330000e+02 1.104532e+01 2.085845e-02
3.330000e+02 1.107717e+01 2.079895e-02
3.330000e+02 1.106925e+01 2.089291e-02
3.330000e+02 1.106148e+01 2.077434e-02
3.330000e+02 1.106322e+01 2.079494e-02
3.330000e+02 1.104732e+01 2.061342e-02
3.330000e+02 1.109360e+01 2.099585e-02
3.330000e+02 1.106437e+01 2.110800e-02
3.330000e+02 1.106282e+01 2.081009e-02
3.330000e+02 1.106297e+01 2.097899e-02
3.340000e+02 1.169831e+01 2.229147e-02
3.340000e+02 1.174571e+01 2.225107e-02
3.340000e+02 1.173195e+01 2.236279e-02
3.340000e+02 1.172471e+01 2.240634e-02
3.340000e+02 1.172859e+01 2.237461e-02
3.340000e+02 1.173164e+01 2.242257e-02
3.340000e+02 1.174185e+01 2.242455e-02
3.340000e+02 1.176127e+01 2.227636e-02
3.340000e+02 1.175192e+01 2.252283e-02
3.340000e+02 1.173253e+01 2.228557e-02
3.340000e+02 1.173966e+01 2.254459e-02
3.340000e+02 1.172578e+01 2.210473e-02
3.340000e+02 1.175149e+01 2.229294e-02
3.340000e+02 1.175654e+01 2.249110e-02
3.340000e+02 1.176654e+01 2.233932e-02
3.340000e+02 1.175693e+01 2.255233e-02
3.340000e+02 1.172299e+01 2.236682e-02
3.340000e+02 1.171388e+01 2.233102e-02
3.340000e+02 1.172283e+01 2.218526e-02
3.340000e+02 1.171966e+01 2.260533e-02
3.350000e+02 1.250200e+01 2.388363e-02
3.350000e+02 1.249924e+01 2.388396e-02
3.350000e+02 1.257933e+01 2.406672e-02
3.350000e+02 1.253114e+01 2.414492e-02
3.350000e+02 1.249273e+01 2.402616e-02
3.350000e+02 1.251675e+01 2.385867e-02
3.350000e+02 1.249859e+01 2.417265e-02
3.350000e+02 1.254702e+01 2.408799e-02
3.350000e+02 1.252514e+01 2.394820e-02
3.350000e+02 1.248279e+01 2.407331e-02
3.350000e+02 1.249689e+01 2.378795e-02
3.350000e+02 1.252857e+01 2.427766e-02
3.350000e+02 1.252261e+01 2.413868e-02
3.350000e+02 1.252155e+01 2.398634e-02
3.350000e+02 1.249797e+01 2.379877e-02
3.350000e+02 1.254983e+01 2.414311e-02
3.350000e+02 1.250286e+01 2.386386e-02
3.350000e+02 1.251665e+01 2.436580e-02
3.350000e+02 1.253178e+01 2.420626e-02
3.360000e+02 1.338632e+01 2.602153e-02
3.360000e+02 1.340218e+01 2.598558e-02
3.360000e+02 1.337257e+01 2.620378e-02
3.360000e+02 1.335575e+01 2.638202e-02
3.360000e+02 1.337064e+01 2.603470e-02
3.360000e+02 1.338927e+01 2.587015e-02
3.360000e+02 1.342192e+01 2.606884e-02
3.360000e+02 1.337409e+01 2.571640e-02
3.360000e+02 1.342735e+01 2.611568e-02
3.360000e+02 1.338874e+01 2.569530e-02
3.360000e+02 1.340784e+01 2.627109e-02
3.360000e+02 1.336303e+01 2.595267e-02
3.360000e+02 1.338041e+01 2.638629e-02
3.360000e+02 1.337265e+01 2.602922e-02
3.360000e+02 1.333005e+01 2.564619e-02
3.360000e+02 1.340486e+01 2.567441e-02
3.360000e+02 1.342688e+01 2.564605e-02
3.360000e+02 1.341731e+01 2.614110e-02
3.360000e+02 1.337728e+01 2.584662e-02
3.360000e+02 1.339028e+01 2.618321e-02
3.370000e+02 1.439112e+01 2.784285e-02
3.370000e+02 1.437952e+01 2.818609e-02
3.370000e+02 1.436692e+01 2.816394e-02
3.370000e+02 1.443740e+01 2.867308e-02
3.370000e+02 1.441430e+01 2.784607e-02
3.370000e+02 1.439508e+01 2.847032e-02
3.370000e+02 1.440447e+01 2.834494e-02
3.370000e+02 1.444490e+01 2.854114e-02
3.370000e+02 1.445659e+01 2.834741e-02
3.370000e+02 1.439402e+01 2.812281e-02
3.370000e+02 1.437800e+01 2.793732e-02
3.370000e+02 1.440316e+01 2.826621e-02
3.370000e+02 1.444843e+01 2.817066e-02
3.370000e+02 1.434851e+01 2.809292e-02
3.370000e+02 1.442114e+01 2.816594e-02
3.370000e+02 1.437295e+01 2.824898e-02
3.370000e+02 1.440984e+01 2.802370e-02
3.370000e+02 1.436164e+01 2.859077e-02
3.370000e+02 1.438880e+01 2.797008e-02
3.370000e+02 1.440299e+01 2.858642e-02
3.380000e+02 1.561331e+01 3.077073e-02
3.380000e+02 1.557672e+01 3.085962e-02
3.380000e+02 1.555737e+01 3.066066e-02
3.380000e+02 1.560492e+01 3.091866e-02
3.380000e+02 1.562469e+01 3.125286e-02
3.380000e+02 1.559403e+01 3.130087e-02
3.380000e+02 1.562828e+01 3.089422e-02
3.380000e+02 1.559172e+01 3.118596e-02
3.380000e+02 1.562146e+01 3.073383e-02
3.380000e+02 1.558219e+01 3.084078e-02
3.380000e+02 1.560389e+01 3.122757e-02
3.380000e+02 1.555369e+01 3.066327e-02
3.380000e+02 1.553656e+01 3.096473e-02
3.380000e+02 1.562610e+01 3.175671e-02
3.380000e+02 1.558763e+01 3.143797e-02
3.380000e+02 1.561249e+01 3.129240e-02
3.380000e+02 1.559010e+01 3.092082e-02
3.380000e+02 1.553033e+01 3.090290e-02
3.390000e+02 1.697731e+01 3.420458e-02
3.390000e+02 1.703367e+01 3.493741e-02
3.390000e+02 1.697941e+01 3.415282e-02
3.390000e+02 1.698937e+01 3.419362e-02
3.390000e+02 1.704981e+01 3.405585e-02
3.390000e+02 1.698853e+01 3.443844e-02
3.390000e+02 1.696248e+01 3.423519e-02
3.390000e+02 1.697319e+01 3.392991e-02
3.390000e+02 1.705053e+01 3.468868e-02
3.390000e+02 1.698858e+01 3.427778e-02
3.390000e+02 1.701669e+01 3.400358e-02
3.390000e+02 1.700562e+01 3.465594e-02
3.390000e+02 1.698387e+01 3.467324e-02
3.390000e+02 1.701295e+01 3.475155e-02
3.390000e+02 1.699928e+01 3.355588e-02
3.390000e+02 1.695737e+01 3.421265e-02
3.390000e+02 1.699804e+01 3.372789e-02
3.390000e+02 1.709177e+01 3.479099e-02
3.390000e+02 1.699259e+01 3.463385e-02
3.390000e+02 1.699264e+01 3.427093e-02
3.400000e+02 1.874431e+01 3.755064e-02
3.400000e+02 1.870153e+01 3.883303e-02
3.400000e+02 1.874580e+01 3.932906e-02
3.400000e+02 1.876206e+01 3.901202e-02
3.400000e+02 1.866198e+01 3.875789e-02
3.400000e+02 1.875237e+01 3.807128e-02
3.400000e+02 1.872450e+01 3.905403e-02
3.400000e+02 1.885103e+01 3.831599e-02
3.400000e+02 1.873998e+01 3.871351e-02
3.400000e+02 1.875742e+01 3.817664e-02
3.400000e+02 1.876134e+01 3.872501e-02
3.400000e+02 1.870979e+01 3.823458e-02
3.400000e+02 1.873803e+01 3.910084e-02
3.400000e+02 1.873416e+01 3.936247e-02
3.400000e+02 1.877063e+01 3.821877e-02
3.400000e+02 1.871316e+01 3.857706e-02
3.400000e+02 1.867302e+01 3.815053e-02
3.400000e+02 1.882590e+01 3.866293e-02
3.400000e+02 1.873227e+01 3.883536e-02
3.400000e+02 1.871669e+01 3.891390e-02
3.402000e+02 1.912233e+01 3.804012e-02
3.402000e+02 1.915245e+01 3.961586e-02
3.402000e+02 1.910948e+01 3.968224e-02
3.402000e+02 1.906976e+01 4.073195e-02
3.402000e+02 1.923647e+01 3.929017e-02
3.402000e+02 1.921569e+01 3.942975e-02
3.402000e+02 1.913178e+01 3.940136e-02
3.402000e+02 1.921304e+01 3.966257e-02
3.402000e+02 1.915008e+01 3.944055e-02
3.402000e+02 1.921130e+01 3.942503e-02
3.402000e+02 1.911124e+01 3.899958e-02
3.402000e+02 1.912254e+01 3.954784e-02
3.402000e+02 1.917091e+01 3.988948e-02
3.402000e+02 1.917380e+01 3.976160e-02
3.402000e+02 1.910230e+01 3.899247e-02
3.402000e+02 1.913606e+01 3.849367e-02
3.402000e+02 1.910130e+01 3.929733e-02
3.402000e+02 1.914903e+01 3.939784e-02
3.402000e+02 1.915040e+01 3.974314e-02
3.402000e+02 1.912734e+01 3.894839e-02
3.404000e+02 1.951881e+01 3.989321e-02
3.404000e+02 1.951541e+01 4.034530e-02
3.404000e+02 1.962897e+01 4.040174e-02
3.404000e+02 1.951490e+01 4.051281e-02
3.404000e+02 1.956617e+01 4.036296e-02
3.404000e+02 1.947906e+01 4.054628e-02
3.404000e+02 1.948860e+01 4.105441e-02
3.404000e+02 1.959984e+01 4.056442e-02
3.404000e+02 1.955202e+01 4.146455e-02
3.404000e+02 1.956536e+01 4.130089e-02
3.404000e+02 1.954440e+01 3.996166e-02
3.404000e+02 1.958002e+01 4.121159e-02
3.404000e+02 1.947783e+01 4.010981e-02
3.404000e+02 1.961787e+01 3.951028e-02
3.404000e+02 1.957599e+01 4.012474e-02
3.404000e+02 1.954915e+01 3.962307e-02
3.404000e+02 1.956662e+01 3.996495e-02
3.404000e+02 1.954580e+01 4.132225e-02
3.404000e+02 1.955735e+01 4.017127e-02
3.404000e+02 1.961747e+01 4.110810e-02
3.406000e+02 1.998035e+01 4.170474e-02
3.406000e+02 1.998212e+01 4.156072e-02
3.406000e+02 1.993884e+01 4.065580e-02
3.406000e+02 1.993063e+01 4.061280e-02
3.406000e+02 2.003980e+01 4.110562e-02
3.406000e+02 1.998493e+01 4.147729e-02
3.406000e+02 2.005512e+01 4.184909e-02
3.406000e+02 2.004467e+01 4.064288e-02
3.406000e+02 2.007836e+01 4.156628e-02
3.406000e+02 1.997841e+01 4.203791e-02
3.406000e+02 1.996675e+01 4.174676e-02
3.406000e+02 1.994269e+01 4.156001e-02
3.406000e+02 1.990722e+01 4.229221e-02
3.406000e+02 2.004407e+01 4.145274e-02
3.406000e+02 2.003328e+01 4.157597e-02
3.406000e+02 2.003727e+01 4.179710e-02
3.406000e+02 1.995373e+01 4.172501e-02
3.406000e+02 2.002635e+01 4.180395e-02
3.406000e+02 1.997705e+01 4.041361e-02
3.408000e+02 2.044508e+01 4.272964e-02
3.408000e+02 2.038093e+01 4.288407e-02
3.408000e+02 2.048019e+01 4.299023e-02
3.408000e+02 2.052528e+01 4.173673e-02
3.408000e+02 2.044568e+01 4.246381e-02
3.408000e+02 2.048210e+01 4.214939e-02
3.408000e+02 2.040555e+01 4.171881e-02
3.408000e+02 2.049161e+01 4.260502e-02
3.408000e+02 2.051005e+01 4.268105e-02
3.408000e+02 2.047410e+01 4.216591e-02
3.408000e+02 2.043729e+01 4.346701e-02
3.408000e+02 2.043612e+01 4.297766e-02
3.408000e+02 2.046071e+01 4.141885e-02
3.408000e+02 2.044996e+01 4.299251e-02
3.408000e+02 2.041933e+01 4.321904e-02
3.408000e+02 2.044533e+01 4.210208e-02
3.408000e+02 2.042060e+01 4.266988e-02
3.408000e+02 2.039889e+01 4.326551e-02
3.408000e+02 2.046907e+01 4.210843e-02
3.408000e+02 2.046808e+01 4.218361e-02
3.410000e+02 2.099310e+01 4.433603e-02
3.410000e+02 2.098209e+01 4.418454e-02
3.410000e+02 2.094456e+01 4.433213e-02
3.410000e+02 2.094758e+01 4.495136e-02
3.410000e+02 2.092257e+01 4.431288e-02
3.410000e+02 2.092090e+01 4.244491e-02
3.410000e+02 2.089372e+01 4.348126e-02
3.410000e+02 2.091417e+01 4.321540e-02
3.410000e+02 2.084528e+01 4.348801e-02
3.410000e+02 2.094787e+01 4.430891e-02
3.410000e+02 2.089464e+01 4.406951e-02
3.410000e+02 2.096179e+01 4.386138e-02
3.410000e+02 2.091176e+01 4.383410e-02
3.410000e+02 2.100711e+01 4.244506e-02
3.410000e+02 2.090235e+01 4.402954e-02
3.410000e+02 2.089037e+01 4.336148e-02
3.410000e+02 2.092422e+01 4.319156e-02
3.410000e+02 2.087571e+01 4.327850e-02
3.410000e+02 2.101202e+01 4.416973e-02
3.410000e+02 2.093954e+01 4.333806e-02
3.412000e+02 2.146887e+01 4.539621e-02
3.412000e+02 2.146156e+01 4.512451e-02
3.412000e+02 2.142238e+01 4.433248e-02
3.412000e+02 2.148125e+01 4.367973e-02
3.412000e+02 2.145679e+01 4.430587e-02
3.412000e+02 2.139026e+01 4.525416e-02
3.412000e+02 2.146440e+01 4.446597e-02
3.412000e+02 2.147868e+01 4.502912e-02
3.412000e+02 2.147373e+01 4.491485e-02
3.412000e+02 2.146098e+01 4.506662e-02
3.412000e+02 2.149100e+01 4.396109e-02
3.412000e+02 2.140523e+01 4.529374e-02
3.412000e+02 2.145381e+01 4.522136e-02
3.412000e+02 2.149331e+01 4.469935e-02
3.412000e+02 2.140976e+01 4.438534e-02
3.412000e+02 2.150074e+01 4.599012e-02
3.412000e+02 2.146613e+01 4.491152e-02
3.412000e+02 2.149684e+01 4.551153e-02
3.412000e+02 2.148612e+01 4.393841e-02
3.412000e+02 2.144955e+01 4.480741e-02
3.414000e+02 2.198324e+01 4.681308e-02
3.414000e+02 2.197231e+01 4.572433e-02
3.414000e+02 2.201103e+01 4.672132e-02
3.414000e+02 2.194193e+01 4.572264e-02
3.414000e+02 2.193425e+01 4.675350e-02
3.414000e+02 2.199372e+01 4.638445e-02
3.414000e+02 2.203322e+01 4.501187e-02
3.414000e+02 2.198304e+01 4.657248e-02
3.414000e+02 2.197198e+01 4.696116e-02
3.414000e+02 2.199701e+01 4.729918e-02
3.414000e+02 2.201062e+01 4.535217e-02
3.414000e+02 2.193358e+01 4.604653e-02
3.414000e+02 2.206457e+01 4.484823e-02
3.414000e+02 2.194303e+01 4.525093e-02
3.414000e+02 2.200049e+01 4.515466e-02
3.414000e+02 2.187641e+01 4.610573e-02
3.414000e+02 2.206025e+01 4.685083e-02
3.414000e+02 2.203955e+01 4.673597e-02
3.414000e+02 2.203590e+01 4.681127e-02
3.414000e+02 2.191179e+01 4.662290e-02
3.416000e+02 2.263392e+01 4.795068e-02
3.416000e+02 2.253084e+01 4.740021e-02
3.416000e+02 2.267811e+01 4.814626e-02
3.416000e+02 2.252786e+01 4.924078e-02
3.416000e+02 2.254091e+01 4.729769e-02
3.416000e+02 2.250922e+01 4.696247e-02
3.416000e+02 2.252193e+01 4.836727e-02
3.416000e+02 2.247555e+01 4.836867e-02
3.416000e+02 2.251633e+01 4.768664e-02
3.416000e+02 2.257258e+01 4.738167e-02
3.416000e+02 2.264988e+01 4.761123e-02
3.416000e+02 2.254402e+01 4.788815e-02
3.416000e+02 2.250183e+01 4.746834e-02
3.416000e+02 2.266773e+01 4.765359e-02
3.416000e+02 2.253049e+01 4.828338e-02
3.416000e+02 2.260085e+01 4.707989e-02
3.416000e+02 2.256933e+01 4.720118e-02
3.416000e+02 2.256349e+01 4.713142e-02
3.416000e+02 2.261089e+01 4.868539e-02
3.416000e+02 2.258357e+01 4.813352e-02
3.418000e+02 2.311309e+01 4.972264e-02
3.418000e+02 2.325419e+01 4.890149e-02
3.418000e+02 2.319843e+01 4.841139e-02
3.418000e+02 2.312235e+01 4.864657e-02
3.418000e+02 2.319901e+01 5.073707e-02
3.418000e+02 2.309081e+01 4.920115e-02
3.418000e+02 2.309963e+01 4.872991e-02
3.418000e+02 2.311881e+01 4.960202e-02
3.418000e+02 2.316442e+01 5.011846e-02
3.418000e+02 2.320962e+01 5.030752e-02
3.418000e+02 2.327268e+01 5.024820e-02
3.418000e+02 2.319033e+01 4.998158e-02
3.418000e+02 2.317618e+01 4.945764e-02
3.418000e+02 2.313269e+01 4.877816e-02
3.418000e+02 2.320006e+01 4.928531e-02
3.418000e+02 2.321829e+01 4.877583e-02
3.418000e+02 2.316668e+01 4.943508e-02
3.418000e+02 2.308202e+01 4.782865e-02
3.418000e+02 2.321340e+01 4.962806e-02
3.420000e+02 2.376732e+01 5.086288e-02
3.420000e+02 2.382312e+01 4.969922e-02
3.420000e+02 2.378062e+01 5.082530e-02
3.420000e+02 2.382771e+01 5.141357e-02
3.420000e+02 2.366172e+01 5.068546e-02
3.420000e+02 2.381153e+01 5.206662e-02
3.420000e+02 2.375533e+01 5.043900e-02
3.420000e+02 2.384795e+01 5.035625e-02
3.420000e+02 2.377837e+01 5.029953e-02
3.420000e+02 2.384003e+01 5.096944e-02
3.420000e+02 2.387314e+01 4.937907e-02
3.420000e+02 2.375544e+01 4.993360e-02
3.420000e+02 2.384130e+01 5.116188e-02
3.420000e+02 2.365770e+01 5.110255e-02
3.420000e+02 2.390912e+01 5.039781e-02
3.420000e+02 2.383503e+01 5.054498e-02
3.420000e+02 2.382132e+01 5.074840e-02
3.420000e+02 2.382618e+01 5.063110e-02
3.420000e+02 2.383154e+01 5.066914e-02
3.422000e+02 2.456577e+01 5.169767e-02
3.422000e+02 2.435470e+01 5.157510e-02
3.422000e+02 2.459776e+01 5.368018e-02
3.422000e+02 2.450083e+01 5.148324e-02
3.422000e+02 2.464386e+01 5.134635e-02
3.422000e+02 2.452784e+01 5.260041e-02
3.422000e+02 2.446183e+01 5.064929e-02
3.422000e+02 2.457275e+01 5.271611e-02
3.422000e+02 2.455339e+01 5.351987e-02
3.422000e+02 2.460317e+01 5.256569e-02
3.422000e+02 2.446510e+01 5.212386e-02
3.422000e+02 2.450842e+01 5.125308e-02
3.422000e+02 2.454486e+01 5.275074e-02
3.422000e+02 2.450703e+01 5.265671e-02
3.422000e+02 2.448943e+01 5.315658e-02
3.422000e+02 2.441772e+01 5.295482e-02
3.422000e+02 2.459099e+01 5.318041e-02
3.422000e+02 2.456474e+01 5.354102e-02
3.422000e+02 2.453362e+01 5.268783e-02
3.422000e+02 2.456873e+01 5.187571e-02
3.424000e+02 2.523374e+01 5.442380e-02
3.424000e+02 2.521964e+01 5.407743e-02
3.424000e+02 2.529089e+01 5.481044e-02
3.424000e+02 2.527117e+01 5.555731e-02
3.424000e+02 2.515424e+01 5.207486e-02
3.424000e+02 2.537155e+01 5.501202e-02
3.424000e+02 2.525718e+01 5.285690e-02
3.424000e+02 2.519264e+01 5.444055e-02
3.424000e+02 2.536464e+01 5.558878e-02
3.424000e+02 2.523599e+01 5.410854e-02
3.424000e+02 2.519200e+01 5.395668e-02
3.424000e+02 2.527478e+01 5.459661e-02
3.424000e+02 2.515872e+01 5.281938e-02
3.424000e+02 2.521003e+01 5.460490e-02
3.424000e+02 2.524384e+01 5.405652e-02
3.424000e+02 2.524290e+01 5.491296e-02
3.424000e+02 2.527000e+01 5.354373e-02
3.424000e+02 2.529403e+01 5.384232e-02
3.424000e+02 2.534920e+01 5.698915e-02
3.426000e+02 2.593264e+01 5.439977e-02
3.426000e+02 2.595739e+01 5.458844e-02
3.426000e+02 2.609325e+01 5.735870e-02
3.426000e+02 2.612481e+01 5.544964e-02
3.426000e+02 2.600680e+01 5.520895e-02
3.426000e+02 2.610591e+01 5.554433e-02
3.426000e+02 2.603895e+01 5.752617e-02
3.426000e+02 2.604332e+01 5.669243e-02
3.426000e+02 2.601013e+01 5.498823e-02
3.426000e+02 2.604685e+01 5.559200e-02
3.426000e+02 2.603990e+01 5.557033e-02
3.426000e+02 2.601317e+01 5.653360e-02
3.426000e+02 2.594305e+01 5.597248e-02
3.426000e+02 2.600397e+01 5.485574e-02
3.426000e+02 2.605138e+01 5.553712e-02
3.426000e+02 2.608007e+01 5.587419e-02
3.426000e+02 2.592540e+01 5.577488e-02
3.426000e+02 2.609936e+01 5.629262e-02
3.426000e+02 2.610581e+01 5.867144e-02
3.428000e+02 2.681556e+01 5.800576e-02
3.428000e+02 2.685791e+01 5.803901e-02
3.428000e+02 2.688967e+01 5.756227e-02
3.428000e+02 2.694921e+01 5.998135e-02
3.428000e+02 2.685712e+01 5.789299e-02
3.428000e+02 2.681742e+01 5.854633e-02
3.428000e+02 2.689199e+01 5.809517e-02
3.428000e+02 2.695289e+01 5.682629e-02
3.428000e+02 2.695600e+01 5.628803e-02
3.428000e+02 2.687487e+01 5.763860e-02
3.428000e+02 2.697803e+01 5.965244e-02
3.428000e+02 2.685060e+01 5.759117e-02
3.428000e+02 2.701080e+01 5.879803e-02
3.428000e+02 2.685838e+01 5.778621e-02
3.428000e+02 2.692334e+01 5.873387e-02
3.428000e+02 2.686790e+01 5.612975e-02
3.428000e+02 2.694214e+01 5.701643e-02
3.428000e+02 2.694075e+01 5.836873e-02
3.428000e+02 2.691812e+01 5.887135e-02
3.428000e+02 2.689078e+01 5.947074e-02
3.430000e+02 2.784313e+01 5.995962e-02
3.430000e+02 2.783403e+01 5.826396e-02
3.430000e+02 2.768955e+01 6.111748e-02
3.430000e+02 2.781562e+01 6.019274e-02
3.430000e+02 2.784361e+01 6.109030e-02
3.430000e+02 2.775257e+01 6.088202e-02
3.430000e+02 2.779682e+01 5.957192e-02
3.430000e+02 2.784806e+01 6.163832e-02
3.430000e+02 2.791391e+01 6.182305e-02
3.430000e+02 2.790493e+01 5.997455e-02
3.430000e+02 2.775348e+01 6.123617e-02
3.430000e+02 2.773737e+01 6.023859e-02
3.430000e+02 2.778583e+01 6.037079e-02
3.430000e+02 2.781685e+01 6.089891e-02
3.430000e+02 2.783809e+01 6.111706e-02
3.430000e+02 2.776471e+01 6.055004e-02
3.430000e+02 2.781608e+01 5.981591e-02
3.430000e+02 2.792994e+01 5.826173e-02
3.430000e+02 2.787094e+01 5.962632e-02
3.430000e+02 2.784916e+01 6.041846e-02
3.432000e+02 2.879020e+01 6.411337e-02
3.432000e+02 2.880610e+01 6.271580e-02
3.432000e+02 2.877010e+01 6.369679e-02
3.432000e+02 2.884271e+01 6.248224e-02
3.432000e+02 2.883149e+01 6.400000e-02
3.432000e+02 2.891998e+01 6.264703e-02
3.432000e+02 2.882346e+01 6.142349e-02
3.432000e+02 2.875354e+01 6.239176e-02
3.432000e+02 2.888332e+01 6.233477e-02
3.432000e+02 2.880716e+01 6.242862e-02
3.432000e+02 2.877073e+01 6.081964e-02
3.432000e+02 2.890115e+01 6.287854e-02
3.432000e+02 2.889357e+01 6.283421e-02
3.432000e+02 2.877688e+01 6.403751e-02
3.432000e+02 2.880559e+01 6.331699e-02
3.432000e+02 2.874162e+01 6.302881e-02
3.432000e+02 2.883394e+01 6.643716e-02
3.432000e+02 2.881816e+01 6.395947e-02
3.432000e+02 2.874346e+01 6.283395e-02
3.432000e+02 2.883982e+01 6.038845e-02
3.434000e+02 2.989555e+01 6.600043e-02
3.434000e+02 2.989576e+01 6.627647e-02
3.434000e+02 2.991318e+01 6.428719e-02
3.434000e+02 2.985114e+01 6.362465e-02
3.434000e+02 2.994072e+01 6.588143e-02
3.434000e+02 2.987903e+01 6.645802e-02
3.434000e+02 2.987220e+01 6.526305e-02
3.434000e+02 2.983574e+01 6.549817e-02
3.434000e+02 2.979256e+01 6.425318e-02
3.434000e+02 2.992110e+01 6.468480e-02
3.434000e+02 2.996130e+01 6.804573e-02
3.434000e+02 2.986131e+01 6.739113e-02
3.434000e+02 2.992905e+01 6.593241e-02
3.434000e+02 2.998803e+01 6.392696e-02
3.434000e+02 2.995595e+01 6.670666e-02
3.434000e+02 2.999452e+01 6.707091e-02
3.434000e+02 2.991209e+01 6.502879e-02
3.434000e+02 2.991466e+01 6.531716e-02
3.434000e+02 2.988044e+01 6.526081e-02
3.434000e+02 2.997368e+01 6.477191e-02
3.436000e+02 3.117728e+01 7.024008e-02
3.436000e+02 3.107853e+01 6.753667e-02
3.436000e+02 3.114506e+01 7.195653e-02
3.436000e+02 3.110485e+01 6.762256e-02
3.436000e+02 3.111213e+01 6.987836e-02
3.436000e+02 3.108608e+01 6.705323e-02
3.436000e+02 3.115983e+01 6.793936e-02
3.436000e+02 3.098237e+01 6.957078e-02
3.436000e+02 3.108993e+01 6.797727e-02
3.436000e+02 3.114433e+01 6.666506e-02
3.436000e+02 3.124437e+01 7.142659e-02
3.436000e+02 3.109909e+01 6.875742e-02
3.436000e+02 3.123746e+01 6.938595e-02
3.436000e+02 3.120862e+01 6.850028e-02
3.436000e+02 3.112512e+01 6.899780e-02
3.436000e+02 3.115621e+01 6.911587e-02
3.436000e+02 3.125451e+01 7.024526e-02
3.436000e+02 3.112549e+01 6.764585e-02
3.436000e+02 3.115338e+01 6.834476e-02
3.436000e+02 3.104519e+01 6.821246e-02
3.438000e+02 3.254456e+01 7.050000e-02
3.438000e+02 3.250096e+01 7.151868e-02
3.438000e+02 3.252236e+01 6.961808e-02
3.438000e+02 3.250060e+01 7.000831e-02
3.438000e+02 3.242506e+01 7.149049e-02
3.438000e+02 3.251758e+01 6.997885e-02
3.438000e+02 3.247560e+01 7.132238e-02
3.438000e+02 3.244022e+01 7.044568e-02
3.438000e+02 3.241555e+01 7.210446e-02
3.438000e+02 3.247997e+01 7.330280e-02
3.438000e+02 3.258676e+01 6.970205e-02
3.438000e+02 3.249511e+01 7.269773e-02
3.438000e+02 3.244535e+01 7.197002e-02
3.438000e+02 3.253654e+01 7.339670e-02
3.438000e+02 3.259412e+01 7.300945e-02
3.438000e+02 3.246599e+01 7.195860e-02
3.438000e+02 3.237475e+01 7.630692e-02
3.438000e+02 3.249009e+01 7.163188e-02
3.438000e+02 3.255371e+01 7.378063e-02
3.440000e+02 3.401545e+01 7.512998e-02
3.440000e+02 3.401531e+01 7.512774e-02
3.440000e+02 3.397720e+01 7.686173e-02
3.440000e+02 3.396313e+01 7.531476e-02
3.440000e+02 3.390600e+01 7.543744e-02
3.440000e+02 3.398508e+01 7.707396e-02
3.440000e+02 3.398907e+01 7.485697e-02
3.440000e+02 3.399552e+01 7.836003e-02
3.440000e+02 3.401990e+01 7.639285e-02
3.440000e+02 3.394431e+01 7.627857e-02
3.440000e+02 3.411122e+01 7.484976e-02
3.440000e+02 3.394007e+01 7.428585e-02
3.440000e+02 3.404063e+01 7.466728e-02
3.440000e+02 3.406775e+01 7.545368e-02
3.440000e+02 3.385921e+01 7.366369e-02
3.440000e+02 3.395213e+01 7.555128e-02
3.440000e+02 3.402927e+01 7.470128e-02
3.440000e+02 3.410863e+01 7.463576e-02
3.440000e+02 3.404006e+01 7.489051e-02
3.440000e+02 3.397355e+01 7.721543e-02
3.442000e+02 3.571022e+01 8.337865e-02
3.442000e+02 3.564711e+01 7.805343e-02
3.442000e+02 3.552777e+01 7.853352e-02
3.442000e+02 3.579634e+01 7.918208e-02
3.442000e+02 3.581601e+01 8.201682e-02
3.442000e+02 3.572683e+01 7.809081e-02
3.442000e+02 3.568761e+01 7.933247e-02
3.442000e+02 3.577917e+01 7.962089e-02
3.442000e+02 3.556397e+01 7.888428e-02
3.442000e+02 3.568544e+01 7.720383e-02
3.442000e+02 3.579205e+01 8.083105e-02
3.442000e+02 3.570637e+01 8.160129e-02
3.442000e+02 3.561012e+01 7.985157e-02
3.442000e+02 3.565720e+01 7.961483e-02
3.442000e+02 3.564472e+01 8.030291e-02
3.442000e+02 3.567250e+01 8.039565e-02
3.442000e+02 3.571159e+01 8.285986e-02
3.442000e+02 3.568860e+01 8.119600e-02
3.442000e+02 3.568599e+01 8.116068e-02
3.442000e+02 3.566934e+01 8.131073e-02
3.444000e+02 3.751047e+01 8.188773e-02
3.444000e+02 3.754457e+01 8.367656e-02
3.444000e+02 3.761134e+01 8.149282e-02
3.444000e+02 3.759574e+01 8.377515e-02
3.444000e+02 3.760797e+01 8.350719e-02
3.444000e+02 3.757148e+01 8.379597e-02
3.444000e+02 3.751082e+01 8.634281e-02
3.444000e+02 3.761792e+01 8.092692e-02
3.444000e+02 3.746931e+01 8.228233e-02
3.444000e+02 3.761772e+01 8.643706e-02
3.444000e+02 3.750178e+01 8.152315e-02
3.444000e+02 3.742899e+01 8.779961e-02
3.444000e+02 3.748253e+01 8.332900e-02
3.444000e+02 3.754527e+01 8.737634e-02
3.444000e+02 3.753971e+01 8.219756e-02
3.444000e+02 3.750335e+01 8.389072e-02
3.444000e+02 3.756515e+01 8.595834e-02
3.444000e+02 3.765474e+01 8.521264e-02
3.444000e+02 3.746572e+01 8.462995e-02
3.444000e+02 3.748424e+01 8.445818e-02
3.446000e+02 3.956645e+01 8.632170e-02
3.446000e+02 3.986467e+01 9.030139e-02
3.446000e+02 3.978746e+01 9.405227e-02
3.446000e+02 3.964642e+01 8.964535e-02
3.446000e+02 3.963776e+01 9.190605e-02
3.446000e+02 3.973116e+01 8.786485e-02
3.446000e+02 3.972074e+01 8.740145e-02
3.446000e+02 3.977301e+01 8.828226e-02
3.446000e+02 3.950616e+01 8.834649e-02
3.446000e+02 3.981828e+01 9.154660e-02
3.446000e+02 3.980056e+01 8.609675e-02
3.446000e+02 3.963397e+01 8.849355e-02
3.446000e+02 3.960266e+01 9.099062e-02
3.446000e+02 3.974523e+01 9.068125e-02
3.446000e+02 3.978945e+01 8.823435e-02
3.446000e+02 3.972538e+01 8.936267e-02
3.446000e+02 3.959150e+01 9.085412e-02
3.446000e+02 3.974717e+01 9.141088e-02
3.446000e+02 3.971505e+01 9.276838e-02
3.448000e+02 4.214973e+01 9.397147e-02
3.448000e+02 4.201677e+01 9.799349e-02
3.448000e+02 4.217247e+01 1.027716e-01
3.448000e+02 4.231354e+01 9.348893e-02
3.448000e+02 4.223479e+01 9.488183e-02
3.448000e+02 4.216147e+01 9.522425e-02
3.448000e+02 4.207374e+01 9.597679e-02
3.448000e+02 4.211251e+01 9.744284e-02
3.448000e+02 4.224248e+01 9.546446e-02
3.448000e+02 4.224125e+01 9.508721e-02
3.448000e+02 4.231196e+01 9.480656e-02
3.448000e+02 4.229930e+01 9.418929e-02
3.448000e+02 4.232288e+01 9.458601e-02
3.448000e+02 4.219613e+01 9.705260e-02
3.448000e+02 4.218015e+01 9.457718e-02
3.448000e+02 4.224226e+01 9.571193e-02
3.448000e+02 4.230006e+01 9.638977e-02
3.448000e+02 4.224014e+01 9.863954e-02
3.448000e+02 4.208154e+01 9.692771e-02
3.448000e+02 4.224974e+01 9.684649e-02
3.450000e+02 4.513450e+01 1.030184e-01
3.450000e+02 4.499179e+01 1.079274e-01
3.450000e+02 4.502320e+01 1.037880e-01
3.450000e+02 4.499149e+01 1.080278e-01
3.450000e+02 4.513668e+01 1.020726e-01
3.450000e+02 4.508411e+01 1.070553e-01
3.450000e+02 4.485074e+01 1.011574e-01
3.450000e+02 4.502191e+01 1.040872e-01
3.450000e+02 4.517913e+01 1.050307e-01
3.450000e+02 4.485336e+01 1.039733e-01
3.450000e+02 4.520218e+01 1.022527e-01
3.450000e+02 4.514118e+01 1.056480e-01
3.450000e+02 4.508233e+01 1.042488e-01
3.450000e+02 4.509370e+01 1.062333e-01
3.450000e+02 4.506766e+01 1.025849e-01
3.450000e+02 4.517209e+01 1.031420e-01
3.450000e+02 4.485040e+01 1.021269e-01
3.450000e+02 4.492454e+01 1.037065e-01
3.450000e+02 4.492779e+01 9.957968e-02
3.452000e+02 4.830141e+01 1.090710e-01
3.452000e+02 4.821605e+01 1.135152e-01
3.452000e+02 4.815469e+01 1.092630e-01
3.452000e+02 4.831448e+01 1.115279e-01
3.452000e+02 4.834515e+01 1.150700e-01
3.452000e+02 4.834130e+01 1.109558e-01
3.452000e+02 4.841200e+01 1.080747e-01
3.452000e+02 4.824328e+01 1.106755e-01
3.452000e+02 4.826272e+01 1.082888e-01
3.452000e+02 4.810636e+01 1.100004e-01
3.452000e+02 4.827070e+01 1.129992e-01
3.452000e+02 4.848114e+01 1.130953e-01
3.452000e+02 4.802863e+01 1.116878e-01
3.452000e+02 4.808698e+01 1.109497e-01
3.452000e+02 4.824049e+01 1.103605e-01
3.452000e+02 4.840547e+01 1.095424e-01
3.452000e+02 4.841747e+01 1.140020e-01
3.452000e+02 4.811836e+01 1.143308e-01
3.452000e+02 4.825777e+01 1.097111e-01
3.452000e+02 4.827227e+01 1.105444e-01
3.454000e+02 5.183667e+01 1.207011e-01
3.454000e+02 5.188673e+01 1.141546e-01
3.454000e+02 5.186752e+01 1.198510e-01
3.454000e+02 5.215617e+01 1.280157e-01
3.454000e+02 5.192743e+01 1.160714e-01
3.454000e+02 5.214215e+01 1.243581e-01
3.454000e+02 5.197617e+01 1.205215e-01
3.454000e+02 5.214485e+01 1.172530e-01
3.454000e+02 5.177778e+01 1.221020e-01
3.454000e+02 5.180947e+01 1.237654e-01
3.454000e+02 5.206315e+01 1.205334e-01
3.454000e+02 5.191735e+01 1.198968e-01
3.454000e+02 5.204824e+01 1.273844e-01
3.454000e+02 5.203561e+01 1.186468e-01
3.454000e+02 5.194674e+01 1.191646e-01
3.454000e+02 5.197956e+01 1.251460e-01
3.454000e+02 5.209261e+01 1.190724e-01
3.454000e+02 5.193922e+01 1.254139e-01
3.454000e+02 5.195204e+01 1.179338e-01
3.454000e+02 5.189524e+01 1.236263e-01
3.456000e+02 5.622729e+01 1.357208e-01
3.456000e+02 5.636817e+01 1.320450e-01
3.456000e+02 5.617905e+01 1.325069e-01
3.456000e+02 5.601146e+01 1.287268e-01
3.456000e+02 5.616513e+01 1.377765e-01
3.456000e+02 5.639620e+01 1.316604e-01
3.456000e+02 5.626707e+01 1.371012e-01
3.456000e+02 5.627870e+01 1.361061e-01
3.456000e+02 5.630347e+01 1.346003e-01
3.456000e+02 5.616877e+01 1.294043e-01
3.456000e+02 5.613593e+01 1.291807e-01
3.456000e+02 5.634876e+01 1.289414e-01
3.456000e+02 5.612086e+01 1.282389e-01
3.456000e+02 5.635364e+01 1.317476e-01
3.456000e+02 5.618182e+01 1.330814e-01
3.456000e+02 5.633078e+01 1.325659e-01
3.456000e+02 5.604596e+01 1.302957e-01
3.456000e+02 5.623386e+01 1.346231e-01
3.456000e+02 5.634520e+01 1.315438e-01
3.458000e+02 6.102772e+01 1.504852e-01
3.458000e+02 6.085814e+01 1.400882e-01
3.458000e+02 6.105585e+01 1.462647e-01
3.458000e+02 6.109192e+01 1.434266e-01
3.458000e+02 6.097225e+01 1.461715e-01
3.458000e+02 6.093964e+01 1.411020e-01
3.458000e+02 6.098488e+01 1.423954e-01
3.458000e+02 6.120088e+01 1.399413e-01
3.458000e+02 6.098065e+01 1.452285e-01
3.458000e+02 6.125550e+01 1.434430e-01
3.458000e+02 6.082117e+01 1.451326e-01
3.458000e+02 6.097181e+01 1.463181e-01
3.458000e+02 6.115117e+01 1.451483e-01
3.458000e+02 6.066805e+01 1.442460e-01
3.458000e+02 6.112693e+01 1.432380e-01
3.458000e+02 6.105608e+01 1.464643e-01
3.458000e+02 6.079908e+01 1.423442e-01
3.458000e+02 6.108930e+01 1.462962e-01
3.458000e+02 6.127643e+01 1.510690e-01
3.460000e+02 6.665895e+01 1.528851e-01
3.460000e+02 6.641498e+01 1.550732e-01
3.460000e+02 6.610776e+01 1.554430e-01
3.460000e+02 6.615858e+01 1.512353e-01
3.460000e+02 6.596563e+01 1.541450e-01
3.460000e+02 6.615324e+01 1.587549e-01
3.460000e+02 6.663594e+01 1.556610e-01
3.460000e+02 6.614773e+01 1.579974e-01
3.460000e+02 6.627815e+01 1.583422e-01
3.460000e+02 6.618943e+01 1.587229e-01
3.460000e+02 6.631567e+01 1.561801e-01
3.460000e+02 6.586474e+01 1.570506e-01
3.460000e+02 6.625513e+01 1.495711e-01
3.460000e+02 6.638791e+01 1.553292e-01
3.460000e+02 6.608621e+01 1.534747e-01
3.460000e+02 6.658308e+01 1.613065e-01
3.460000e+02 6.609373e+01 1.572830e-01
3.460000e+02 6.638543e+01 1.505591e-01
3.460000e+02 6.645481e+01 1.542872e-01
3.462000e+02 7.180860e+01 1.558759e-01
3.462000e+02 7.162516e+01 1.553187e-01
3.462000e+02 7.206339e+01 1.564611e-01
3.462000e+02 7.214739e+01 1.527439e-01
3.462000e+02 7.177913e+01 1.559472e-01
3.462000e+02 7.182322e+01 1.566144e-01
3.462000e+02 7.207061e+01 1.569902e-01
3.462000e+02 7.194884e+01 1.524126e-01
3.462000e+02 7.198724e+01 1.546455e-01
3.462000e+02 7.230945e+01 1.565247e-01
3.462000e+02 7.203902e+01 1.579161e-01
3.462000e+02 7.211653e+01 1.556936e-01
3.462000e+02 7.206298e+01 1.530650e-01
3.462000e+02 7.175961e+01 1.553489e-01
3.462000e+02 7.227429e+01 1.569691e-01
3.462000e+02 7.204022e+01 1.556488e-01
3.462000e+02 7.195400e+01 1.584067e-01
3.462000e+02 7.185373e+01 1.550639e-01
3.462000e+02 7.205765e+01 1.628713e-01
3.462000e+02 7.218940e+01 1.623634e-01
3.464000e+02 7.822681e+01 1.700597e-01
3.464000e+02 7.818841e+01 1.675935e-01
3.464000e+02 7.835979e+01 1.748794e-01
3.464000e+02 7.834381e+01 1.693349e-01
3.464000e+02 7.803518e+01 1.665398e-01
3.464000e+02 7.842772e+01 1.744141e-01
3.464000e+02 7.791725e+01 1.721273e-01
3.464000e+02 7.835567e+01 1.667869e-01
3.464000e+02 7.815324e+01 1.651373e-01
3.464000e+02 7.818072e+01 1.704658e-01
3.464000e+02 7.835018e+01 1.719998e-01
3.464000e+02 7.818887e+01 1.706842e-01
3.464000e+02 7.846811e+01 1.881094e-01
3.464000e+02 7.815636e+01 1.679436e-01
3.464000e+02 7.830764e+01 1.651114e-01
3.464000e+02 7.813101e+01 1.736114e-01
3.464000e+02 7.825378e+01 1.725885e-01
3.464000e+02 7.822786e+01 1.653823e-01
3.464000e+02 7.819429e+01 1.822773e-01
3.466000e+02 8.447800e+01 1.851823e-01
3.466000e+02 8.474280e+01 1.780969e-01
3.466000e+02 8.501508e+01 1.844647e-01
3.466000e+02 8.478423e+01 1.817030e-01
3.466000e+02 8.494057e+01 1.860211e-01
3.466000e+02 8.456713e+01 1.878781e-01
3.466000e+02 8.442794e+01 1.827302e-01
3.466000e+02 8.428924e+01 1.785606e-01
3.466000e+02 8.466395e+01 1.805800e-01
3.466000e+02 8.489004e+01 1.822198e-01
3.466000e+02 8.487191e+01 1.829141e-01
3.466000e+02 8.461021e+01 1.798392e-01
3.466000e+02 8.457297e+01 1.830478e-01
3.466000e+02 8.477799e+01 1.865647e-01
3.466000e+02 8.433424e+01 1.774962e-01
3.466000e+02 8.478292e+01 1.795888e-01
3.466000e+02 8.483792e+01 1.856103e-01
3.466000e+02 8.481435e+01 1.829081e-01
3.466000e+02 8.471304e+01 1.906488e-01
3.466000e+02 8.472368e+01 1.784954e-01
3.468000e+02 9.077600e+01 1.977457e-01
3.468000e+02 9.117075e+01 1.922041e-01
3.468000e+02 9.130750e+01 1.963145e-01
3.468000e+02 9.166901e+01 1.987149e-01
3.468000e+02 9.103576e+01 1.990168e-01
3.468000e+02 9.151004e+01 2.011174e-01
3.468000e+02 9.140446e+01 2.038510e-01
3.468000e+02 9.125566e+01 1.928233e-01
3.468000e+02 9.137180e+01 1.999415e-01
3.468000e+02 9.123419e+01 1.964023e-01
3.468000e+02 9.139871e+01 1.988971e-01
3.468000e+02 9.124533e+01 1.941525e-01
3.468000e+02 9.128885e+01 1.981821e-01
3.468000e+02 9.126790e+01 1.971589e-01
3.468000e+02 9.140632e+01 2.021412e-01
3.468000e+02 9.170672e+01 1.941366e-01
3.468000e+02 9.134852e+01 2.084376e-01
3.468000e+02 9.101663e+01 1.979113e-01
3.470000e+02 9.819766e+01 2.261765e-01
3.470000e+02 9.789675e+01 2.108816e-01
3.470000e+02 9.769061e+01 2.137422e-01
3.470000e+02 9.798373e+01 2.110076e-01
3.470000e+02 9.750528e+01 2.163871e-01
3.470000e+02 9.806059e+01 2.117280e-01
3.470000e+02 9.796540e+01 2.076710e-01
3.470000e+02 9.786499e+01 2.124061e-01
3.470000e+02 9.789337e+01 2.077834e-01
3.470000e+02 9.815952e+01 2.090221e-01
3.470000e+02 9.735721e+01 2.092049e-01
3.470000e+02 9.809200e+01 2.172514e-01
3.470000e+02 9.814886e+01 2.110375e-01
3.470000e+02 9.815162e+01 2.139830e-01
3.470000e+02 9.803951e+01 2.131667e-01
3.470000e+02 9.778395e+01 2.073943e-01
3.470000e+02 9.838657e+01 2.146162e-01
3.470000e+02 9.813558e+01 2.099193e-01
3.470000e+02 9.794149e+01 2.079020e-01
3.470000e+02 9.787069e+01 2.095254e-01
3.472000e+02 1.047992e+02 2.244084e-01
3.472000e+02 1.046902e+02 2.225479e-01
3.472000e+02 1.047630e+02 2.250533e-01
3.472000e+02 1.046980e+02 2.261094e-01
3.472000e+02 1.042838e+02 2.312948e-01
3.472000e+02 1.042549e+02 2.264744e-01
3.472000e+02 1.043822e+02 2.201008e-01
3.472000e+02 1.048760e+02 2.256098e-01
3.472000e+02 1.048881e+02 2.235815e-01
3.472000e+02 1.044558e+02 2.275258e-01
3.472000e+02 1.043058e+02 2.201199e-01
3.472000e+02 1.049786e+02 2.248235e-01
3.472000e+02 1.051210e+02 2.296803e-01
3.472000e+02 1.044375e+02 2.266994e-01
3.472000e+02 1.048240e+02 2.222237e-01
3.472000e+02 1.048926e+02 2.274188e-01
3.472000e+02 1.047060e+02 2.224700e-01
3.472000e+02 1.049461e+02 2.241761e-01
3.472000e+02 1.048389e+02 2.243934e-01
3.472000e+02 1.045373e+02 2.214120e-01
3.474000e+02 1.115099e+02 2.384904e-01
3.474000e+02 1.115592e+02 2.401039e-01
3.474000e+02 1.113149e+02 2.394794e-01
3.474000e+02 1.111091e+02 2.352580e-01
3.474000e+02 1.109524e+02 2.411550e-01
3.474000e+02 1.111565e+02 2.349348e-01
3.474000e+02 1.114344e+02 2.403414e-01
3.474000e+02 1.114060e+02 2.377529e-01
3.474000e+02 1.110378e+02 2.365086e-01
3.474000e+02 1.116834e+02 2.371833e-01
3.474000e+02 1.111037e+02 2.365546e-01
3.474000e+02 1.116303e+02 2.376885e-01
3.474000e+02 1.113689e+02 2.392137e-01
3.474000e+02 1.109330e+02 2.367564e-01
3.474000e+02 1.110458e+02 2.376191e-01
3.474000e+02 1.112216e+02 2.373149e-01
3.474000e+02 1.112327e+02 2.402345e-01
3.474000e+02 1.109832e+02 2.440577e-01
3.474000e+02 1.113964e+02 2.444181e-01
3.476000e+02 1.179298e+02 2.529065e-01
3.476000e+02 1.184886e+02 2.569628e-01
3.476000e+02 1.182378e+02 2.608434e-01
3.476000e+02 1.175750e+02 2.541413e-01
3.476000e+02 1.180279e+02 2.583050e-01
3.476000e+02 1.179677e+02 2.568110e-01
3.476000e+02 1.178749e+02 2.544613e-01
3.476000e+02 1.177781e+02 2.581130e-01
3.476000e+02 1.179081e+02 2.554117e-01
3.476000e+02 1.176608e+02 2.549579e-01
3.476000e+02 1.178666e+02 2.536125e-01
3.476000e+02 1.185283e+02 2.535418e-01
3.476000e+02 1.181011e+02 2.520121e-01
3.476000e+02 1.180642e+02 2.540239e-01
3.476000e+02 1.180437e+02 2.579199e-01
3.476000e+02 1.178757e+02 2.556654e-01
3.476000e+02 1.172001e+02 2.480822e-01
3.476000e+02 1.178128e+02 2.550871e-01
3.476000e+02 1.177976e+02 2.479617e-01
3.478000e+02 1.244199e+02 2.694124e-01
3.478000e+02 1.246528e+02 2.702718e-01
3.478000e+02 1.244619e+02 2.693735e-01
3.478000e+02 1.242635e+02 2.682079e-01
3.478000e+02 1.239016e+02 2.636296e-01
3.478000e+02 1.244896e+02 2.609435e-01
3.478000e+02 1.245790e+02 2.693634e-01
3.478000e+02 1.242210e+02 2.682856e-01
3.478000e+02 1.244926e+02 2.721430e-01
3.478000e+02 1.242635e+02 2.643769e-01
3.478000e+02 1.250200e+02 2.683042e-01
3.478000e+02 1.244055e+02 2.629050e-01
3.478000e+02 1.241066e+02 2.757571e-01
3.478000e+02 1.244677e+02 2.739054e-01
3.478000e+02 1.243686e+02 2.787490e-01
3.478000e+02 1.245584e+02 2.629939e-01
3.478000e+02 1.245393e+02 2.703705e-01
3.478000e+02 1.245491e+02 2.739890e-01
3.478000e+02 1.246917e+02 2.701529e-01
3.478000e+02 1.246910e+02 2.708166e-01
3.480000e+02 1.306018e+02 2.847141e-01
3.480000e+02 1.310723e+02 2.857762e-01
3.480000e+02 1.309362e+02 2.838683e-01
3.480000e+02 1.307349e+02 2.851452e-01
3.480000e+02 1.308614e+02 2.795085e-01
3.480000e+02 1.307014e+02 2.822294e-01
3.480000e+02 1.310106e+02 2.833432e-01
3.480000e+02 1.302864e+02 2.857858e-01
3.480000e+02 1.307780e+02 2.828691e-01
3.480000e+02 1.310901e+02 2.829318e-01
3.480000e+02 1.307182e+02 2.797714e-01
3.480000e+02 1.305383e+02 2.802016e-01
3.480000e+02 1.306630e+02 2.833709e-01
3.480000e+02 1.309100e+02 2.782702e-01
3.480000e+02 1.305951e+02 2.808258e-01
3.480000e+02 1.310000e+02 2.789668e-01
3.480000e+02 1.307199e+02 2.843134e-01
3.480000e+02 1.307734e+02 2.801315e-01
3.480000e+02 1.310286e+02 2.823646e-01
3.480000e+02 1.309465e+02 2.817859e-01
3.482000e+02 1.368616e+02 2.910634e-01
3.482000e+02 1.363465e+02 2.955603e-01
3.482000e+02 1.365594e+02 2.933307e-01
3.482000e+02 1.374920e+02 2.929732e-01
3.482000e+02 1.372630e+02 2.998387e-01
3.482000e+02 1.368209e+02 3.139736e-01
3.482000e+02 1.373402e+02 2.988927e-01
3.482000e+02 1.371827e+02 3.029144e-01
3.482000e+02 1.372524e+02 2.951480e-01
3.482000e+02 1.364045e+02 2.955966e-01
3.482000e+02 1.367507e+02 2.943347e-01
3.482000e+02 1.371784e+02 3.078785e-01
3.482000e+02 1.367627e+02 2.965695e-01
3.482000e+02 1.373507e+02 2.970831e-01
3.482000e+02 1.371069e+02 2.951069e-01
3.482000e+02 1.371641e+02 2.984512e-01
3.482000e+02 1.373118e+02 2.987526e-01
3.482000e+02 1.370418e+02 2.981209e-01
3.482000e+02 1.365759e+02 2.969180e-01
3.482000e+02 1.371863e+02 3.068413e-01
3.484000e+02 1.429862e+02 3.135594e-01
3.484000e+02 1.432868e+02 3.204350e-01
3.484000e+02 1.431763e+02 3.080841e-01
3.484000e+02 1.430998e+02 3.088413e-01
3.484000e+02 1.437875e+02 3.171350e-01
3.484000e+02 1.436546e+02 3.005937e-01
3.484000e+02 1.426272e+02 3.158726e-01
3.484000e+02 1.428652e+02 3.091527e-01
3.484000e+02 1.433129e+02 3.105547e-01
3.484000e+02 1.433530e+02 3.087982e-01
3.484000e+02 1.427172e+02 3.187025e-01
3.484000e+02 1.431270e+02 3.147967e-01
3.484000e+02 1.430687e+02 3.094126e-01
3.484000e+02 1.435891e+02 3.093259e-01
3.484000e+02 1.432475e+02 3.134544e-01
3.484000e+02 1.431822e+02 3.074417e-01
3.484000e+02 1.436342e+02 3.065669e-01
3.484000e+02 1.428682e+02 3.050803e-01
3.484000e+02 1.430306e+02 3.125956e-01
3.486000e+02 1.498206e+02 3.291233e-01
3.486000e+02 1.493401e+02 3.319856e-01
3.486000e+02 1.500761e+02 3.296220e-01
3.486000e+02 1.492684e+02 3.263322e-01
3.486000e+02 1.491917e+02 3.319361e-01
3.486000e+02 1.490816e+02 3.280658e-01
3.486000e+02 1.486267e+02 3.304977e-01
3.486000e+02 1.488796e+02 3.330987e-01
3.486000e+02 1.494413e+02 3.307713e-01
3.486000e+02 1.495718e+02 3.283456e-01
3.486000e+02 1.493867e+02 3.223434e-01
3.486000e+02 1.493753e+02 3.245061e-01
3.486000e+02 1.490104e+02 3.297780e-01
3.486000e+02 1.497115e+02 3.274944e-01
3.486000e+02 1.495378e+02 3.296659e-01
3.486000e+02 1.490168e+02 3.289221e-01
3.486000e+02 1.494233e+02 3.263484e-01
3.486000e+02 1.489402e+02 3.249472e-01
3.486000e+02 1.494835e+02 3.253567e-01
3.486000e+02 1.491744e+02 3.265927e-01
3.488000e+02 1.556114e+02 3.379517e-01
3.488000e+02 1.552782e+02 3.453827e-01
3.488000e+02 1.553836e+02 3.422676e-01
3.488000e+02 1.545017e+02 3.450843e-01
3.488000e+02 1.553069e+02 3.413567e-01
3.488000e+02 1.545860e+02 3.410986e-01
3.488000e+02 1.548860e+02 3.438729e-01
3.488000e+02 1.554883e+02 3.397878e-01
3.488000e+02 1.548988e+02 3.453160e-01
3.488000e+02 1.553563e+02 3.327471e-01
3.488000e+02 1.545668e+02 3.367881e-01
3.488000e+02 1.547959e+02 3.412044e-01
3.488000e+02 1.551464e+02 3.355352e-01
3.488000e+02 1.548084e+02 3.542684e-01
3.488000e+02 1.554206e+02 3.382740e-01
3.488000e+02 1.555577e+02 3.380193e-01
3.488000e+02 1.550422e+02 3.397335e-01
3.488000e+02 1.557567e+02 3.382216e-01
3.488000e+02 1.552552e+02 3.547906e-01
3.488000e+02 1.551516e+02 3.395230e-01
3.490000e+02 1.611501e+02 3.561914e-01
3.490000e+02 1.608839e+02 3.558917e-01
3.490000e+02 1.612578e+02 3.574184e-01
3.490000e+02 1.605095e+02 3.538520e-01
3.490000e+02 1.606415e+02 3.549245e-01
3.490000e+02 1.612797e+02 3.733722e-01
3.490000e+02 1.610518e+02 3.521836e-01
3.490000e+02 1.605642e+02 3.529150e-01
3.490000e+02 1.605547e+02 3.560787e-01
3.490000e+02 1.611129e+02 3.594855e-01
3.490000e+02 1.605615e+02 3.477953e-01
3.490000e+02 1.605399e+02 3.533740e-01
3.490000e+02 1.616237e+02 3.582069e-01
3.490000e+02 1.611595e+02 3.525853e-01
3.490000e+02 1.614017e+02 3.546040e-01
3.490000e+02 1.606741e+02 3.530530e-01
3.490000e+02 1.612811e+02 3.506551e-01
3.490000e+02 1.606287e+02 3.529067e-01
3.490000e+02 1.609057e+02 3.504370e-01
3.490000e+02 1.609948e+02 3.574358e-01
3.492000e+02 1.663168e+02 3.664958e-01
3.492000e+02 1.663113e+02 3.679303e-01
3.492000e+02 1.667880e+02 3.631848e-01
3.492000e+02 1.672257e+02 3.698803e-01
3.492000e+02 1.665614e+02 3.699558e-01
3.492000e+02 1.670728e+02 3.671344e-01
3.492000e+02 1.661597e+02 3.654229e-01
3.492000e+02 1.662714e+02 3.616690e-01
3.492000e+02 1.665905e+02 3.704612e-01
3.492000e+02 1.669112e+02 3.656064e-01
3.492000e+02 1.662991e+02 3.659525e-01
3.492000e+02 1.663501e+02 3.672716e-01
3.492000e+02 1.664902e+02 3.694049e-01
3.492000e+02 1.662193e+02 3.636241e-01
3.492000e+02 1.665723e+02 3.674809e-01
3.492000e+02 1.663005e+02 3.692619e-01
3.492000e+02 1.663191e+02 3.653981e-01
3.492000e+02 1.666608e+02 3.696480e-01
3.492000e+02 1.668895e+02 3.756240e-01
3.494000e+02 1.716744e+02 3.813530e-01
3.494000e+02 1.721924e+02 3.850781e-01
3.494000e+02 1.721266e+02 3.862025e-01
3.494000e+02 1.719634e+02 3.806524e-01
3.494000e+02 1.728010e+02 3.783491e-01
3.494000e+02 1.716627e+02 3.773107e-01
3.494000e+02 1.725673e+02 3.866814e-01
3.494000e+02 1.723304e+02 3.797964e-01
3.494000e+02 1.727111e+02 3.808196e-01
3.494000e+02 1.714379e+02 3.706707e-01
3.494000e+02 1.729136e+02 3.842025e-01
3.494000e+02 1.718556e+02 3.883890e-01
3.494000e+02 1.722033e+02 3.806605e-01
3.494000e+02 1.719941e+02 3.864779e-01
3.494000e+02 1.722275e+02 3.875126e-01
3.494000e+02 1.719841e+02 3.759776e-01
3.494000e+02 1.722100e+02 3.799386e-01
3.494000e+02 1.722026e+02 3.820952e-01
3.494000e+02 1.727461e+02 3.817749e-01
3.494000e+02 1.722990e+02 3.760426e-01
3.496000e+02 1.779951e+02 3.902863e-01
3.496000e+02 1.771441e+02 3.906736e-01
3.496000e+02 1.784696e+02 3.996659e-01
3.496000e+02 1.782807e+02 4.046838e-01
3.496000e+02 1.771390e+02 3.927074e-01
3.496000e+02 1.775074e+02 4.028490e-01
3.496000e+02 1.777677e+02 3.927698e-01
3.496000e+02 1.781184e+02 3.924580e-01
3.496000e+02 1.772481e+02 3.943338e-01
3.496000e+02 1.776787e+02 3.930892e-01
3.496000e+02 1.779501e+02 3.875565e-01
3.496000e+02 1.779627e+02 3.974968e-01
3.496000e+02 1.776963e+02 3.969248e-01
3.496000e+02 1.779127e+02 3.906333e-01
3.496000e+02 1.783122e+02 4.014767e-01
3.496000e+02 1.777790e+02 3.964436e-01
3.496000e+02 1.778788e+02 3.993563e-01
3.496000e+02 1.780782e+02 4.274676e-01
3.496000e+02 1.781959e+02 3.960823e-01
3.496000e+02 1.770583e+02 3.928043e-01
3.498000e+02 1.826422e+02 4.110524e-01
3.498000e+02 1.828483e+02 4.111361e-01
3.498000e+02 1.827634e+02 4.041980e-01
3.498000e+02 1.829423e+02 4.024655e-01
3.498000e+02 1.827931e+02 4.079404e-01
3.498000e+02 1.831669e+02 4.032989e-01
3.498000e+02 1.828744e+02 4.065841e-01
3.498000e+02 1.831660e+02 4.153217e-01
3.498000e+02 1.827927e+02 4.045660e-01
3.498000e+02 1.832412e+02 4.064936e-01
3.498000e+02 1.829191e+02 4.400985e-01
3.498000e+02 1.833462e+02 4.093030e-01
3.498000e+02 1.827436e+02 4.050777e-01
3.498000e+02 1.833378e+02 4.084681e-01
3.498000e+02 1.829805e+02 4.133155e-01
3.498000e+02 1.831505e+02 4.039608e-01
3.498000e+02 1.835830e+02 4.161047e-01
3.498000e+02 1.826836e+02 4.079994e-01
3.498000e+02 1.834468e+02 4.125868e-01
3.498000e+02 1.832667e+02 4.078923e-01
3.500000e+02 1.882938e+02 4.143258e-01
3.500000e+02 1.878380e+02 4.310905e-01
3.500000e+02 1.883517e+02 4.240976e-01
3.500000e+02 1.884968e+02 4.280530e-01
3.500000e+02 1.881651e+02 4.170365e-01
3.500000e+02 1.889499e+02 4.435902e-01
3.500000e+02 1.882047e+02 4.242848e-01
3.500000e+02 1.884273e+02 4.254628e-01
3.500000e+02 1.874685e+02 4.182915e-01
3.500000e+02 1.879584e+02 4.246788e-01
3.500000e+02 1.885105e+02 4.136457e-01
3.500000e+02 1.880144e+02 4.211839e-01
3.500000e+02 1.885331e+02 4.158254e-01
3.500000e+02 1.884254e+02 4.289955e-01
3.500000e+02 1.879829e+02 4.152314e-01
3.500000e+02 1.879726e+02 4.209922e-01
3.500000e+02 1.879068e+02 4.154403e-01
3.500000e+02 1.881574e+02 4.210983e-01
3.500000e+02 1.882431e+02 4.247490e-01
3.500000e+02 1.877191e+02 4.172066e-01
3.510000e+02 2.129308e+02 4.854244e-01
3.510000e+02 2.140300e+02 4.870762e-01
3.510000e+02 2.132211e+02 4.802720e-01
3.510000e+02 2.133070e+02 4.974063e-01
3.510000e+02 2.134586e+02 4.809316e-01
3.510000e+02 2.138265e+02 4.957457e-01
3.510000e+02 2.134409e+02 4.807089e-01
3.510000e+02 2.135109e+02 4.918565e-01
3.510000e+02 2.138513e+02 4.930519e-01
3.510000e+02 2.135958e+02 4.877990e-01
3.510000e+02 2.129608e+02 4.914007e-01
3.510000e+02 2.134288e+02 4.959991e-01
3.510000e+02 2.132203e+02 4.838429e-01
3.510000e+02 2.129240e+02 4.879462e-01
3.510000e+02 2.138068e+02 4.981717e-01
3.510000e+02 2.126093e+02 4.791919e-01
3.510000e+02 2.134408e+02 4.896906e-01
3.510000e+02 2.135313e+02 4.930989e-01
3.510000e+02 2.137313e+02 4.878254e-01
3.510000e+02 2.132737e+02 4.910743e-01
3.520000e+02 2.365587e+02 5.574732e-01
3.520000e+02 2.355442e+02 5.471103e-01
3.520000e+02 2.363998e+02 5.553813e-01
3.520000e+02 2.367346e+02 5.418607e-01
3.520000e+02 2.367451e+02 5.428485e-01
3.520000e+02 2.367446e+02 5.371997e-01
3.520000e+02 2.363060e+02 5.457177e-01
3.520000e+02 2.365107e+02 5.485693e-01
3.520000e+02 2.362817e+02 5.540947e-01
3.520000e+02 2.368568e+02 5.453918e-01
3.520000e+02 2.365290e+02 5.449017e-01
3.520000e+02 2.360911e+02 5.466443e-01
3.520000e+02 2.359297e+02 5.543892e-01
3.520000e+02 2.367154e+02 5.462477e-01
3.520000e+02 2.361684e+02 5.408810e-01
3.520000e+02 2.368622e+02 5.525071e-01
3.520000e+02 2.363821e+02 5.538176e-01
3.520000e+02 2.363443e+02 5.711607e-01
3.520000e+02 2.351337e+02 5.431120e-01
3.520000e+02 2.366358e+02 5.484061e-01
3.530000e+02 2.568561e+02 6.141547e-01
3.530000e+02 2.573044e+02 6.048727e-01
3.530000e+02 2.582293e+02 6.256974e-01
3.530000e+02 2.578593e+02 6.141097e-01
3.530000e+02 2.580756e+02 6.164207e-01
3.530000e+02 2.577535e+02 5.992958e-01
3.530000e+02 2.568008e+02 6.069098e-01
3.530000e+02 2.571003e+02 6.084667e-01
3.530000e+02 2.570223e+02 6.057794e-01
3.530000e+02 2.577340e+02 6.014625e-01
3.530000e+02 2.571848e+02 6.029227e-01
3.530000e+02 2.569202e+02 5.851476e-01
3.530000e+02 2.571077e+02 5.976058e-01
3.530000e+02 2.574779e+02 6.108805e-01
3.530000e+02 2.571346e+02 6.079518e-01
3.530000e+02 2.575361e+02 6.171551e-01
3.530000e+02 2.582166e+02 6.102153e-01
3.530000e+02 2.577670e+02 6.105203e-01
3.530000e+02 2.582025e+02 5.950481e-01
3.530000e+02 2.581281e+02 6.095296e-01
3.540000e+02 2.777994e+02 6.435684e-01
3.540000e+02 2.778747e+02 6.487250e-01
3.540000e+02 2.770434e+02 6.591227e-01
3.540000e+02 2.770267e+02 6.585811e-01
3.540000e+02 2.763313e+02 6.469178e-01
3.540000e+02 2.777390e+02 6.427757e-01
3.540000e+02 2.788651e+02 6.765757e-01
3.540000e+02 2.774406e+02 6.571633e-01
3.540000e+02 2.775409e+02 6.445756e-01
3.540000e+02 2.766906e+02 6.569282e-01
3.540000e+02 2.773640e+02 6.681851e-01
3.540000e+02 2.793048e+02 6.590229e-01
3.540000e+02 2.769338e+02 6.635250e-01
3.540000e+02 2.771509e+02 6.440649e-01
3.540000e+02 2.767607e+02 6.527215e-01
3.540000e+02 2.788886e+02 6.613625e-01
3.540000e+02 2.777416e+02 6.540045e-01
3.540000e+02 2.777137e+02 6.430038e-01
3.540000e+02 2.779771e+02 6.471022e-01
3.540000e+02 2.773481e+02 6.533582e-01
3.550000e+02 2.956588e+02 7.063995e-01
3.550000e+02 2.957966e+02 6.961688e-01
3.550000e+02 2.953476e+02 7.069732e-01
3.550000e+02 2.955682e+02 7.139189e-01
3.550000e+02 2.964538e+02 6.986879e-01
3.550000e+02 2.953998e+02 6.834022e-01
3.550000e+02 2.949644e+02 6.779104e-01
3.550000e+02 2.953370e+02 6.920460e-01
3.550000e+02 2.953576e+02 6.874526e-01
3.550000e+02 2.961416e+02 7.003041e-01
3.550000e+02 2.969402e+02 6.898243e-01
3.550000e+02 2.949363e+02 6.845917e-01
3.550000e+02 2.947459e+02 6.957379e-01
3.550000e+02 2.950774e+02 6.944652e-01
3.550000e+02 2.959462e+02 7.067654e-01
3.550000e+02 2.974768e+02 7.100420e-01
3.550000e+02 2.954154e+02 7.017576e-01
3.550000e+02 2.955370e+02 6.923331e-01
3.550000e+02 2.958265e+02 6.954980e-01
3.550000e+02 2.952004e+02 6.764892e-01
3.560000e+02 3.126997e+02 7.500618e-01
3.560000e+02 3.135393e+02 7.401654e-01
3.560000e+02 3.140481e+02 7.342134e-01
3.560000e+02 3.129436e+02 7.624261e-01
3.560000e+02 3.129836e+02 7.343189e-01
3.560000e+02 3.132076e+02 7.367639e-01
3.560000e+02 3.131523e+02 7.293559e-01
3.560000e+02 3.136215e+02 7.510390e-01
3.560000e+02 3.118258e+02 7.359731e-01
3.560000e+02 3.131028e+02 7.337760e-01
3.560000e+02 3.139450e+02 7.542383e-01
3.560000e+02 3.130813e+02 7.382657e-01
3.560000e+02 3.143278e+02 7.451157e-01
3.560000e+02 3.127232e+02 7.420402e-01
3.560000e+02 3.132232e+02 7.378923e-01
3.560000e+02 3.138074e+02 7.439138e-01
3.560000e+02 3.128900e+02 7.479089e-01
3.560000e+02 3.138739e+02 7.494158e-01
3.570000e+02 3.291909e+02 7.828188e-01
3.570000e+02 3.301048e+02 7.797739e-01
3.570000e+02 3.305138e+02 7.920250e-01
3.570000e+02 3.293982e+02 7.828719e-01
3.570000e+02 3.283479e+02 7.861884e-01
3.570000e+02 3.297127e+02 7.968505e-01
3.570000e+02 3.295476e+02 7.915766e-01
3.570000e+02 3.292337e+02 7.827605e-01
3.570000e+02 3.295596e+02 7.842377e-01
3.570000e+02 3.308775e+02 7.798553e-01
3.570000e+02 3.297137e+02 8.049992e-01
3.570000e+02 3.299572e+02 7.796422e-01
3.570000e+02 3.289402e+02 7.779051e-01
3.570000e+02 3.301106e+02 7.895410e-01
3.570000e+02 3.287514e+02 7.851177e-01
3.570000e+02 3.294945e+02 7.732451e-01
3.570000e+02 3.296021e+02 7.888401e-01
3.570000e+02 3.290029e+02 7.875425e-01
3.570000e+02 3.297261e+02 7.805295e-01
3.570000e+02 3.305770e+02 7.759416e-01
3.580000e+02 3.443953e+02 8.352633e-01
3.580000e+02 3.450354e+02 8.289152e-01
3.580000e+02 3.450621e+02 8.023558e-01
3.580000e+02 3.455211e+02 8.323750e-01
3.580000e+02 3.449833e+02 8.329179e-01
3.580000e+02 3.459467e+02 8.185325e-01
3.580000e+02 3.456272e+02 8.161168e-01
3.580000e+02 3.449063e+02 8.331826e-01
3.580000e+02 3.454652e+02 8.126434e-01
3.580000e+02 3.452116e+02 8.349390e-01
3.580000e+02 3.440150e+02 8.391872e-01
3.580000e+02 3.462720e+02 8.055744e-01
3.580000e+02 3.463213e+02 8.331814e-01
3.580000e+02 3.450101e+02 8.174701e-01
3.580000e+02 3.457825e+02 8.175202e-01
3.580000e+02 3.461918e+02 8.455571e-01
3.580000e+02 3.449597e+02 8.170157e-01
3.580000e+02 3.439388e+02 8.254404e-01
3.580000e+02 3.437589e+02 8.417135e-01
3.580000e+02 3.452037e+02 8.384765e-01
3.590000e+02 3.596274e+02 8.700729e-01
3.590000e+02 3.603542e+02 8.404049e-01
3.590000e+02 3.601847e+02 8.548576e-01
3.590000e+02 3.604331e+02 8.694533e-01
3.590000e+02 3.602191e+02 8.569951e-01
3.590000e+02 3.585772e+02 8.532654e-01
3.590000e+02 3.596679e+02 8.749336e-01
3.590000e+02 3.598575e+02 8.576710e-01
3.590000e+02 3.591919e+02 8.368115e-01
3.590000e+02 3.592196e+02 8.548148e-01
3.590000e+02 3.601036e+02 8.481724e-01
3.590000e+02 3.607467e+02 8.598290e-01
3.590000e+02 3.607251e+02 8.543095e-01
3.590000e+02 3.602009e+02 8.574674e-01
3.590000e+02 3.586776e+02 8.526078e-01
3.590000e+02 3.594146e+02 8.774338e-01
3.590000e+02 3.601675e+02 8.679729e-01
3.590000e+02 3.584322e+02 8.664236e-01
3.590000e+02 3.610766e+02 8.845871e-01
3.590000e+02 3.608393e+02 8.796129e-01
3.600000e+02 3.726513e+02 8.960709e-01
3.600000e+02 3.754112e+02 9.032709e-01
3.600000e+02 3.746742e+02 8.797351e-01
3.600000e+02 3.737907e+02 9.022069e-01
3.600000e+02 3.745540e+02 8.776826e-01
3.600000e+02 3.753028e+02 8.922129e-01
3.600000e+02 3.752373e+02 9.103939e-01
3.600000e+02 3.741126e+02 9.009132e-01
3.600000e+02 3.740795e+02 8.945288e-01
3.600000e+02 3.751229e+02 9.091297e-01
3.600000e+02 3.752486e+02 9.150045e-01
3.600000e+02 3.738155e+02 8.665688e-01
3.600000e+02 3.732512e+02 8.876238e-01
3.600000e+02 3.723898e+02 8.921533e-01
3.600000e+02 3.746894e+02 9.019436e-01
3.600000e+02 3.726070e+02 9.135775e-01
3.600000e+02 3.749890e+02 8.945740e-01
3.600000e+02 3.748373e+02 9.217052e-01
3.600000e+02 3.751891e+02 9.067544e-01
3.650000e+02 4.348377e+02 1.063714e+00
3.650000e+02 4.341001e+02 1.047980e+00
3.650000e+02 4.354352e+02 1.027398e+00
3.650000e+02 4.360879e+02 1.074633e+00
3.650000e+02 4.343076e+02 1.057583e+00
3.650000e+02 4.356277e+02 1.049223e+00
3.650000e+02 4.349891e+02 1.058379e+00
3.650000e+02 4.359030e+02 1.056440e+00
3.650000e+02 4.359906e+02 1.076918e+00
3.650000e+02 4.348700e+02 1.073328e+00
3.650000e+02 4.354444e+02 1.075049e+00
3.650000e+02 4.347345e+02 1.049867e+00
3.650000e+02 4.357636e+02 1.056661e+00
3.650000e+02 4.342359e+02 1.072068e+00
3.650000e+02 4.353573e+02 1.049392e+00
3.650000e+02 4.363880e+02 1.071895e+00
3.650000e+02 4.351616e+02 1.037002e+00
3.650000e+02 4.342085e+02 1.047311e+00
3.650000e+02 4.333331e+02 1.077756e+00
3.650000e+02 4.352074e+02 1.043088e+00
3.700000e+02 4.855786e+02 1.183044e+00
3.700000e+02 4.827589e+02 1.187555e+00
3.700000e+02 4.837947e+02 1.171678e+00
3.700000e+02 4.849105e+02 1.186940e+00
3.700000e+02 4.830186e+02 1.187210e+00
3.700000e+02 4.835003e+02 1.158843e+00
3.700000e+02 4.846616e+02 1.180139e+00
3.700000e+02 4.830864e+02 1.191361e+00
3.700000e+02 4.850656e+02 1.168776e+00
3.700000e+02 4.828497e+02 1.186129e+00
3.700000e+02 4.831489e+02 1.161563e+00
3.700000e+02 4.836422e+02 1.201540e+00
3.700000e+02 4.863888e+02 1.185775e+00
3.700000e+02 4.824459e+02 1.183447e+00
3.700000e+02 4.859911e+02 1.189099e+00
3.700000e+02 4.853214e+02 1.192407e+00
3.700000e+02 4.860788e+02 1.188494e+00
3.700000e+02 4.844723e+02 1.188946e+00
3.700000e+02 4.844556e+02 1.181996e+00
3.700000e+02 4.841400e+02 1.178131e+00
3.750000e+02 5.250086e+02 1.284994e+00
3.750000e+02 5.225382e+02 1.323906e+00
3.750000e+02 5.250139e+02 1.284273e+00
3.750000e+02 5.246374e+02 1.248878e+00
3.750000e+02 5.253487e+02 1.310411e+00
3.750000e+02 5.247887e+02 1.291282e+00
3.750000e+02 5.256353e+02 1.293235e+00
3.750000e+02 5.242848e+02 1.309447e+00
3.750000e+02 5.223100e+02 1.282435e+00
3.750000e+02 5.239943e+02 1.309181e+00
3.750000e+02 5.251077e+02 1.295302e+00
3.750000e+02 5.220839e+02 1.272583e+00
3.750000e+02 5.238717e+02 1.326744e+00
3.750000e+02 5.237622e+02 1.301554e+00
3.750000e+02 5.257144e+02 1.311854e+00
3.750000e+02 5.236655e+02 1.276316e+00
3.750000e+02 5.240634e+02 1.277789e+00
3.750000e+02 5.244121e+02 1.267466e+00
3.750000e+02 5.257116e+02 1.304321e+00
3.750000e+02 5.229192e+02 1.284430e+00
3.800000e+02 5.591908e+02 1.366740e+00
3.800000e+02 5.568403e+02 1.417570e+00
3.800000e+02 5.568786e+02 1.375405e+00
3.800000e+02 5.587786e+02 1.340834e+00
3.800000e+02 5.565650e+02 1.382278e+00
3.800000e+02 5.579900e+02 1.397540e+00
3.800000e+02 5.552708e+02 1.358475e+00
3.800000e+02 5.577083e+02 1.371511e+00
3.800000e+02 5.581017e+02 1.371524e+00
3.800000e+02 5.570553e+02 1.344258e+00
3.800000e+02 5.582757e+02 1.374828e+00
3.800000e+02 5.566931e+02 1.357061e+00
3.800000e+02 5.564552e+02 1.384924e+00
3.800000e+02 5.566098e+02 1.362915e+00
3.800000e+02 5.592939e+02 1.373961e+00
3.800000e+02 5.604099e+02 1.363027e+00
3.800000e+02 5.586236e+02 1.389847e+00
3.800000e+02 5.567460e+02 1.365801e+00
3.800000e+02 5.582638e+02 1.373031e+00
3.850000e+02 5.864605e+02 1.448378e+00
3.850000e+02 5.837737e+02 1.408150e+00
3.850000e+02 5.848120e+02 1.443827e+00
3.850000e+02 5.848834e+02 1.406859e+00
3.850000e+02 5.829899e+02 1.432473e+00
3.850000e+02 5.856383e+02 1.433245e+00
3.850000e+02 5.857998e+02 1.437328e+00
3.850000e+02 5.840497e+02 1.414105e+00
3.850000e+02 5.843031e+02 1.449260e+00
3.850000e+02 5.870847e+02 1.448231e+00
3.850000e+02 5.833956e+02 1.459158e+00
3.850000e+02 5.862815e+02 1.463426e+00
3.850000e+02 5.822575e+02 1.400455e+00
3.850000e+02 5.867438e+02 1.424335e+00
3.850000e+02 5.839958e+02 1.425920e+00
3.850000e+02 5.846350e+02 1.446696e+00
3.850000e+02 5.862429e+02 1.477699e+00
3.850000e+02 5.856111e+02 1.473805e+00
3.850000e+02 5.834888e+02 1.461974e+00
3.850000e+02 5.850539e+02 1.442612e+00
