3.250000e+02 -6.530032e+00 4.813188e-02
3.250000e+02 -6.540852e+00 5.191979e-02
3.250000e+02 -6.362361e+00 6.069115e-02
3.250000e+02 -6.444566e+00 5.638798e-02
3.250000e+02 -6.534294e+00 4.712849e-02
3.250000e+02 -6.560862e+00 3.979183e-02
3.250000e+02 -6.474024e+00 4.752017e-02
3.250000e+02 -6.447160e+00 6.183631e-02
3.250000e+02 -6.489858e+00 4.981073e-02
3.250000e+02 -6.469714e+00 5.154016e-02
3.250000e+02 -6.502389e+00 6.005564e-02
3.250000e+02 -6.523876e+00 5.057484e-02
3.250000e+02 -6.550034e+00 4.462251e-02
3.250000e+02 -6.443899e+00 5.802300e-02
3.250000e+02 -6.493117e+00 5.265715e-02
3.250000e+02 -6.531556e+00 5.857318e-02
3.250000e+02 -6.365144e+00 5.710295e-02
3.250000e+02 -6.476507e+00 4.610672e-02
3.260000e+02 -6.799763e+00 5.763200e-02
3.260000e+02 -6.831303e+00 5.831555e-02
3.260000e+02 -6.872725e+00 4.918159e-02
3.260000e+02 -6.852238e+00 4.764541e-02
3.260000e+02 -6.728898e+00 6.637344e-02
3.260000e+02 -6.882283e+00 6.053899e-02
3.260000e+02 -6.829546e+00 5.169926e-02
3.260000e+02 -6.807464e+00 5.443537e-02
3.260000e+02 -6.801535e+00 4.581886e-02
3.260000e+02 -6.892833e+00 5.108787e-02
3.260000e+02 -6.833499e+00 4.642838e-02
3.260000e+02 -6.752732e+00 5.402790e-02
3.260000e+02 -6.740770e+00 5.126197e-02
3.260000e+02 -6.845420e+00 5.090291e-02
3.260000e+02 -6.827719e+00 5.099739e-02
3.260000e+02 -6.789004e+00 5.692768e-02
3.260000e+02 -6.858918e+00 5.452233e-02
3.260000e+02 -6.841968e+00 5.506545e-02
3.260000e+02 -6.815158e+00 5.051726e-02
3.270000e+02 -7.193875e+00 5.533161e-02
3.270000e+02 -7.242604e+00 5.241962e-02
3.270000e+02 -7.170787e+00 5.496826e-02
3.270000e+02 -7.153051e+00 4.804204e-02
3.270000e+02 -7.126111e+00 5.585769e-02
3.270000e+02 -7.188622e+00 5.813661e-02
3.270000e+02 -7.097162e+00 6.397779e-02
3.270000e+02 -7.238613e+00 5.236971e-02
3.270000e+02 -7.143151e+00 8.370547e-02
3.270000e+02 -7.143735e+00 5.548817e-02
3.270000e+02 -7.186278e+00 5.626058e-02
3.270000e+02 -7.204182e+00 5.222008e-02
3.270000e+02 -7.202254e+00 5.586198e-02
3.270000e+02 -7.161962e+00 4.883549e-02
3.270000e+02 -7.134392e+00 6.408780e-02
3.270000e+02 -7.222656e+00 4.989689e-02
3.270000e+02 -7.089966e+00 5.890603e-02
3.270000e+02 -7.192160e+00 6.558232e-02
3.270000e+02 -7.137576e+00 5.309887e-02
3.270000e+02 -7.098627e+00 5.838124e-02
3.280000e+02 -7.593079e+00 5.745147e-02
3.280000e+02 -7.529304e+00 7.234222e-02
3.280000e+02 -7.583056e+00 4.801259e-02
3.280000e+02 -7.433848e+00 5.805407e-02
3.280000e+02 -7.426022e+00 8.104933e-02
3.280000e+02 -7.536446e+00 6.549731e-02
3.280000e+02 -7.518236e+00 5.095207e-02
3.280000e+02 -7.620058e+00 5.838781e-02
3.280000e+02 -7.609081e+00 6.055643e-02
3.280000e+02 -7.530420e+00 7.420302e-02
3.280000e+02 -7.618162e+00 5.295725e-02
3.280000e+02 -7.585302e+00 5.493816e-02
3.280000e+02 -7.462814e+00 6.684954e-02
3.280000e+02 -7.390325e+00 7.961947e-02
3.280000e+02 -7.477604e+00 5.962238e-02
3.280000e+02 -7.525961e+00 5.477310e-02
3.280000e+02 -7.524060e+00 5.820169e-02
3.280000e+02 -7.463446e+00 6.327077e-02
3.280000e+02 -7.561190e+00 5.088617e-02
3.280000e+02 -7.535015e+00 6.076390e-02
3.290000e+02 -7.999092e+00 5.670336e-02
3.290000e+02 -7.963082e+00 5.671200e-02
3.290000e+02 -7.914221e+00 6.614704e-02
3.290000e+02 -7.903239e+00 6.541420e-02
3.290000e+02 -7.935197e+00 5.936194e-02
3.290000e+02 -8.024976e+00 6.230363e-02
3.290000e+02 -7.944702e+00 6.876637e-02
3.290000e+02 -7.977324e+00 5.064190e-02
3.290000e+02 -7.901761e+00 6.352546e-02
3.290000e+02 -7.970851e+00 5.380899e-02
3.290000e+02 -7.939561e+00 6.887268e-02
3.290000e+02 -7.927704e+00 5.864239e-02
3.290000e+02 -7.820433e+00 8.685790e-02
3.290000e+02 -7.945622e+00 6.532957e-02
3.290000e+02 -8.005147e+00 6.592471e-02
3.290000e+02 -8.012771e+00 6.866748e-02
3.290000e+02 -7.813410e+00 8.561227e-02
3.290000e+02 -7.913099e+00 6.128097e-02
3.290000e+02 -7.984701e+00 5.839365e-02
3.290000e+02 -7.906258e+00 7.096675e-02
3.300000e+02 -8.438575e+00 6.246689e-02
3.300000e+02 -8.451500e+00 5.744715e-02
3.300000e+02 -8.392773e+00 6.080330e-02
3.300000e+02 -8.341193e+00 6.792831e-02
3.300000e+02 -8.420942e+00 6.454030e-02
3.300000e+02 -8.531954e+00 5.864079e-02
3.300000e+02 -8.491738e+00 6.548280e-02
3.300000e+02 -8.307154e+00 6.894992e-02
3.300000e+02 -8.337815e+00 6.313843e-02
3.300000e+02 -8.390372e+00 6.055497e-02
3.300000e+02 -8.485204e+00 8.063464e-02
3.300000e+02 -8.337675e+00 6.950519e-02
3.300000e+02 -8.376487e+00 6.428499e-02
3.300000e+02 -8.360700e+00 5.510587e-02
3.300000e+02 -8.383730e+00 7.329875e-02
3.300000e+02 -8.397626e+00 5.103279e-02
3.300000e+02 -8.480991e+00 5.545509e-02
3.300000e+02 -8.413699e+00 6.024561e-02
3.300000e+02 -8.408755e+00 7.982789e-02
3.300000e+02 -8.386892e+00 6.601706e-02
3.310000e+02 -9.015276e+00 5.523268e-02
3.310000e+02 -8.685681e+00 1.036357e-01
3.310000e+02 -8.888246e+00 6.550456e-02
3.310000e+02 -8.804505e+00 8.362608e-02
3.310000e+02 -8.803843e+00 7.498437e-02
3.310000e+02 -8.851943e+00 6.778890e-02
3.310000e+02 -8.723422e+00 7.288488e-02
3.310000e+02 -8.873014e+00 6.734707e-02
3.310000e+02 -8.885135e+00 6.281073e-02
3.310000e+02 -8.904625e+00 6.346500e-02
3.310000e+02 -8.849566e+00 6.740132e-02
3.310000e+02 -8.927066e+00 6.161938e-02
3.310000e+02 -8.853494e+00 6.244714e-02
3.310000e+02 -8.922185e+00 6.234760e-02
3.310000e+02 -8.979975e+00 5.492535e-02
3.310000e+02 -8.886391e+00 9.478035e-02
3.310000e+02 -8.697694e+00 8.251553e-02
3.310000e+02 -8.879879e+00 7.446063e-02
3.310000e+02 -8.763788e+00 7.098297e-02
3.310000e+02 -8.743333e+00 7.686003e-02
3.320000e+02 -9.565983e+00 6.804640e-02
3.320000e+02 -9.391511e+00 6.533325e-02
3.320000e+02 -9.357120e+00 6.041401e-02
3.320000e+02 -9.435270e+00 6.892949e-02
3.320000e+02 -9.408513e+00 6.415636e-02
3.320000e+02 -9.274891e+00 7.638754e-02
3.320000e+02 -9.537159e+00 6.623835e-02
3.320000e+02 -9.337498e+00 6.796275e-02
3.320000e+02 -9.335889e+00 6.975397e-02
3.320000e+02 -9.358074e+00 6.491643e-02
3.320000e+02 -9.407031e+00 6.572609e-02
3.320000e+02 -9.469242e+00 5.553391e-02
3.320000e+02 -9.403046e+00 6.603195e-02
3.320000e+02 -9.455027e+00 7.090605e-02
3.320000e+02 -9.329339e+00 5.886268e-02
3.320000e+02 -9.425153e+00 6.846090e-02
3.320000e+02 -9.543847e+00 6.298124e-02
3.320000e+02 -9.401666e+00 6.366393e-02
3.320000e+02 -9.503032e+00 6.268832e-02
3.330000e+02 -9.967022e+00 6.318524e-02
3.330000e+02 -1.006646e+01 6.401726e-02
3.330000e+02 -9.921124e+00 7.171829e-02
3.330000e+02 -9.916034e+00 7.384052e-02
3.330000e+02 -9.939135e+00 6.730200e-02
3.330000e+02 -1.002757e+01 5.989510e-02
3.330000e+02 -9.831818e+00 7.672542e-02
3.330000e+02 -9.891370e+00 9.809882e-02
3.330000e+02 -9.861831e+00 7.842866e-02
3.330000e+02 -9.909498e+00 9.365099e-02
3.330000e+02 -9.828906e+00 8.050294e-02
3.330000e+02 -9.971498e+00 6.668880e-02
3.330000e+02 -9.969373e+00 7.297535e-02
3.330000e+02 -1.001056e+01 6.515924e-02
3.330000e+02 -9.956338e+00 7.363094e-02
3.330000e+02 -1.002176e+01 6.102128e-02
3.330000e+02 -9.899928e+00 7.093038e-02
3.330000e+02 -1.005493e+01 6.568850e-02
3.330000e+02 -9.909394e+00 6.349833e-02
3.340000e+02 -1.051007e+01 7.049206e-02
3.340000e+02 -1.061157e+01 7.121241e-02
3.340000e+02 -1.054672e+01 6.720890e-02
3.340000e+02 -1.062746e+01 7.218013e-02
3.340000e+02 -1.060980e+01 8.169042e-02
3.340000e+02 -1.074675e+01 6.667912e-02
3.340000e+02 -1.062668e+01 6.919256e-02
3.340000e+02 -1.050534e+01 8.217227e-02
3.340000e+02 -1.056185e+01 7.159261e-02
3.340000e+02 -1.055088e+01 8.284442e-02
3.340000e+02 -1.061139e+01 7.090850e-02
3.340000e+02 -1.069532e+01 7.089634e-02
3.340000e+02 -1.046435e+01 1.007735e-01
3.340000e+02 -1.058460e+01 7.175620e-02
3.340000e+02 -1.053253e+01 7.770666e-02
3.340000e+02 -1.058823e+01 7.146094e-02
3.340000e+02 -1.057540e+01 6.852243e-02
3.340000e+02 -1.058102e+01 7.206321e-02
3.340000e+02 -1.042643e+01 7.776020e-02
3.350000e+02 -1.127422e+01 7.313519e-02
3.350000e+02 -1.129106e+01 7.739581e-02
3.350000e+02 -1.128338e+01 8.710126e-02
3.350000e+02 -1.125203e+01 8.449474e-02
3.350000e+02 -1.137354e+01 9.907370e-02
3.350000e+02 -1.135102e+01 6.990109e-02
3.350000e+02 -1.147468e+01 7.807965e-02
3.350000e+02 -1.125242e+01 8.039794e-02
3.350000e+02 -1.134741e+01 7.336197e-02
3.350000e+02 -1.138207e+01 7.446492e-02
3.350000e+02 -1.136457e+01 9.604949e-02
3.350000e+02 -1.129584e+01 6.725661e-02
3.350000e+02 -1.123065e+01 8.282491e-02
3.350000e+02 -1.134527e+01 8.512213e-02
3.350000e+02 -1.129727e+01 8.290274e-02
3.350000e+02 -1.120574e+01 8.456814e-02
3.350000e+02 -1.132964e+01 8.465818e-02
3.350000e+02 -1.130727e+01 6.455749e-02
3.350000e+02 -1.132208e+01 7.100706e-02
3.350000e+02 -1.134560e+01 7.610947e-02
3.360000e+02 -1.208371e+01 8.096557e-02
3.360000e+02 -1.205446e+01 8.272142e-02
3.360000e+02 -1.206699e+01 8.865961e-02
3.360000e+02 -1.213074e+01 8.523732e-02
3.360000e+02 -1.211161e+01 8.442394e-02
3.360000e+02 -1.215956e+01 9.543537e-02
3.360000e+02 -1.215261e+01 9.503836e-02
3.360000e+02 -1.207582e+01 8.269513e-02
3.360000e+02 -1.212733e+01 7.365373e-02
3.360000e+02 -1.211598e+01 9.040285e-02
3.360000e+02 -1.217413e+01 7.235484e-02
3.360000e+02 -1.196502e+01 9.667428e-02
3.360000e+02 -1.206112e+01 8.348722e-02
3.360000e+02 -1.208821e+01 7.289280e-02
3.360000e+02 -1.205473e+01 8.083170e-02
3.360000e+02 -1.204800e+01 8.225780e-02
3.360000e+02 -1.211475e+01 7.569157e-02
3.360000e+02 -1.208795e+01 7.581314e-02
3.360000e+02 -1.210090e+01 7.201647e-02
3.360000e+02 -1.210378e+01 8.903120e-02
3.370000e+02 -1.305342e+01 1.053360e-01
3.370000e+02 -1.311499e+01 7.059360e-02
3.370000e+02 -1.311616e+01 8.508703e-02
3.370000e+02 -1.304538e+01 7.250225e-02
3.370000e+02 -1.305349e+01 7.467268e-02
3.370000e+02 -1.301885e+01 8.673591e-02
3.370000e+02 -1.293647e+01 1.206491e-01
3.370000e+02 -1.301067e+01 1.022477e-01
3.370000e+02 -1.298116e+01 1.083028e-01
3.370000e+02 -1.301056e+01 8.508087e-02
3.370000e+02 -1.296589e+01 8.725985e-02
3.370000e+02 -1.311545e+01 7.118448e-02
3.370000e+02 -1.284897e+01 1.016959e-01
3.370000e+02 -1.296501e+01 1.116512e-01
3.370000e+02 -1.314953e+01 7.378179e-02
3.370000e+02 -1.316466e+01 7.060316e-02
3.370000e+02 -1.303630e+01 8.239700e-02
3.370000e+02 -1.289010e+01 8.914342e-02
3.370000e+02 -1.300806e+01 7.740131e-02
3.370000e+02 -1.287141e+01 1.025064e-01
3.380000e+02 -1.412872e+01 7.666158e-02
3.380000e+02 -1.397160e+01 9.712381e-02
3.380000e+02 -1.428532e+01 1.045233e-01
3.380000e+02 -1.418456e+01 7.749055e-02
3.380000e+02 -1.388885e+01 1.123132e-01
3.380000e+02 -1.415861e+01 8.610973e-02
3.380000e+02 -1.419897e+01 9.303114e-02
3.380000e+02 -1.403555e+01 1.174263e-01
3.380000e+02 -1.417253e+01 9.871241e-02
3.380000e+02 -1.418232e+01 7.592067e-02
3.380000e+02 -1.422285e+01 8.231344e-02
3.380000e+02 -1.400388e+01 1.128614e-01
3.380000e+02 -1.413745e+01 7.858723e-02
3.380000e+02 -1.423908e+01 8.830300e-02
3.380000e+02 -1.417330e+01 9.753215e-02
3.380000e+02 -1.411427e+01 9.145235e-02
3.380000e+02 -1.419784e+01 8.244849e-02
3.380000e+02 -1.405253e+01 9.066768e-02
3.380000e+02 -1.414304e+01 8.096524e-02
3.380000e+02 -1.420987e+01 8.677952e-02
3.390000e+02 -1.556380e+01 8.814245e-02
3.390000e+02 -1.533806e+01 1.058307e-01
3.390000e+02 -1.547369e+01 9.525961e-02
3.390000e+02 -1.534444e+01 9.820625e-02
3.390000e+02 -1.540528e+01 1.146425e-01
3.390000e+02 -1.537348e+01 9.376577e-02
3.390000e+02 -1.538246e+01 8.987464e-02
3.390000e+02 -1.544378e+01 9.599005e-02
3.390000e+02 -1.535349e+01 8.698089e-02
3.390000e+02 -1.543996e+01 7.739228e-02
3.390000e+02 -1.553942e+01 8.435471e-02
3.390000e+02 -1.537587e+01 1.023381e-01
3.390000e+02 -1.556654e+01 8.150869e-02
3.390000e+02 -1.533160e+01 9.396338e-02
3.390000e+02 -1.546881e+01 9.454574e-02
3.390000e+02 -1.554232e+01 8.956879e-02
3.390000e+02 -1.552225e+01 9.766312e-02
3.390000e+02 -1.548440e+01 9.264015e-02
3.390000e+02 -1.532644e+01 1.144705e-01
3.390000e+02 -1.559932e+01 9.502878e-02
3.400000e+02 -1.687729e+01 1.114624e-01
3.400000e+02 -1.687541e+01 1.302534e-01
3.400000e+02 -1.725390e+01 8.299749e-02
3.400000e+02 -1.714091e+01 9.566179e-02
3.400000e+02 -1.705853e+01 1.204383e-01
3.400000e+02 -1.724581e+01 7.694551e-02
3.400000e+02 -1.697854e+01 9.932474e-02
3.400000e+02 -1.704708e+01 1.060200e-01
3.400000e+02 -1.698704e+01 1.079848e-01
3.400000e+02 -1.681706e+01 9.365318e-02
3.400000e+02 -1.696192e+01 9.245940e-02
3.400000e+02 -1.696943e+01 9.253105e-02
3.400000e+02 -1.707253e+01 9.825011e-02
3.400000e+02 -1.701859e+01 9.030544e-02
3.400000e+02 -1.714761e+01 9.288194e-02
3.400000e+02 -1.714620e+01 1.018148e-01
3.400000e+02 -1.704417e+01 1.038597e-01
3.400000e+02 -1.727104e+01 9.100026e-02
3.402000e+02 -1.742381e+01 1.001372e-01
3.402000e+02 -1.746969e+01 9.701094e-02
3.402000e+02 -1.740381e+01 1.143534e-01
3.402000e+02 -1.729736e+01 1.107806e-01
3.402000e+02 -1.739949e+01 9.905086e-02
3.402000e+02 -1.734891e+01 1.147013e-01
3.402000e+02 -1.739332e+01 9.366529e-02
3.402000e+02 -1.725411e+01 1.009318e-01
3.402000e+02 -1.738402e+01 9.899805e-02
3.402000e+02 -1.747352e+01 8.775237e-02
3.402000e+02 -1.749065e+01 9.548016e-02
3.402000e+02 -1.755849e+01 9.474093e-02
3.402000e+02 -1.762427e+01 8.074004e-02
3.402000e+02 -1.746385e+01 9.600565e-02
3.402000e+02 -1.729481e+01 1.192032e-01
3.402000e+02 -1.734829e+01 1.110704e-01
3.402000e+02 -1.743548e+01 9.291407e-02
3.402000e+02 -1.737868e+01 8.938358e-02
3.402000e+02 -1.733822e+01 9.845781e-02
3.402000e+02 -1.746595e+01 8.431383e-02
3.404000e+02 -1.794814e+01 8.972541e-02
3.404000e+02 -1.761754e+01 1.149776e-01
3.404000e+02 -1.775134e+01 9.423295e-02
3.404000e+02 -1.764071e+01 1.181245e-01
3.404000e+02 -1.783033e+01 9.029026e-02
3.404000e+02 -1.752356e+01 1.424453e-01
3.404000e+02 -1.763611e+01 1.039211e-01
3.404000e+02 -1.794982e+01 9.247753e-02
3.404000e+02 -1.789303e+01 8.779247e-02
3.404000e+02 -1.773142e+01 1.011877e-01
3.404000e+02 -1.772372e+01 1.319595e-01
3.404000e+02 -1.780092e+01 1.148792e-01
3.404000e+02 -1.758873e+01 1.037531e-01
3.404000e+02 -1.784054e+01 8.800773e-02
3.404000e+02 -1.779447e+01 1.007325e-01
3.404000e+02 -1.762442e+01 1.048259e-01
3.404000e+02 -1.765131e+01 1.118071e-01
3.404000e+02 -1.782860e+01 8.089828e-02
3.404000e+02 -1.774645e+01 1.095430e-01
3.404000e+02 -1.786311e+01 9.868919e-02
3.406000e+02 -1.820723e+01 9.522414e-02
3.406000e+02 -1.816639e+01 9.471876e-02
3.406000e+02 -1.825808e+01 9.432727e-02
3.406000e+02 -1.816016e+01 8.747372e-02
3.406000e+02 -1.810275e+01 1.054430e-01
3.406000e+02 -1.817028e+01 1.164118e-01
3.406000e+02 -1.824240e+01 8.982363e-02
3.406000e+02 -1.828035e+01 8.617789e-02
3.406000e+02 -1.818530e+01 9.832649e-02
3.406000e+02 -1.815251e+01 1.006215e-01
3.406000e+02 -1.812274e+01 1.111933e-01
3.406000e+02 -1.813619e+01 1.020969e-01
3.406000e+02 -1.836055e+01 8.648021e-02
3.406000e+02 -1.808714e+01 1.027379e-01
3.406000e+02 -1.823720e+01 9.308701e-02
3.406000e+02 -1.823433e+01 9.643699e-02
3.406000e+02 -1.823802e+01 1.115106e-01
3.406000e+02 -1.826988e+01 9.618265e-02
3.406000e+02 -1.813579e+01 9.388258e-02
3.406000e+02 -1.820868e+01 9.781343e-02
3.408000e+02 -1.858355e+01 9.749210e-02
3.408000e+02 -1.837521e+01 1.281642e-01
3.408000e+02 -1.867634e+01 1.003049e-01
3.408000e+02 -1.865425e+01 9.685368e-02
3.408000e+02 -1.863434e+01 1.095351e-01
3.408000e+02 -1.870227e+01 8.979683e-02
3.408000e+02 -1.847688e+01 1.113816e-01
3.408000e+02 -1.845662e+01 1.154560e-01
3.408000e+02 -1.855730e+01 1.193560e-01
3.408000e+02 -1.874945e+01 1.134452e-01
3.408000e+02 -1.868211e+01 1.154074e-01
3.408000e+02 -1.877921e+01 9.547523e-02
3.408000e+02 -1.862766e+01 8.993350e-02
3.408000e+02 -1.849280e+01 1.123737e-01
3.408000e+02 -1.874174e+01 9.478860e-02
3.408000e+02 -1.857351e+01 1.047251e-01
3.408000e+02 -1.872386e+01 9.953640e-02
3.408000e+02 -1.859602e+01 1.108652e-01
3.408000e+02 -1.843517e+01 1.057297e-01
3.408000e+02 -1.860394e+01 1.049165e-01
3.410000e+02 -1.904982e+01 9.538355e-02
3.410000e+02 -1.900999e+01 1.014015e-01
3.410000e+02 -1.901469e+01 1.012478e-01
3.410000e+02 -1.876843e+01 1.179231e-01
3.410000e+02 -1.908378e+01 9.635706e-02
3.410000e+02 -1.919105e+01 9.133488e-02
3.410000e+02 -1.899648e+01 1.091817e-01
3.410000e+02 -1.911071e+01 1.093032e-01
3.410000e+02 -1.892743e+01 1.150505e-01
3.410000e+02 -1.927438e+01 9.644051e-02
3.410000e+02 -1.909654e+01 9.899606e-02
3.410000e+02 -1.906365e+01 1.039359e-01
3.410000e+02 -1.910774e+01 1.117463e-01
3.410000e+02 -1.916087e+01 9.718212e-02
3.410000e+02 -1.902133e+01 9.716059e-02
3.410000e+02 -1.903078e+01 1.036546e-01
3.410000e+02 -1.899835e+01 9.329603e-02
3.410000e+02 -1.921145e+01 9.453513e-02
3.410000e+02 -1.914563e+01 8.379371e-02
3.410000e+02 -1.916395e+01 8.884742e-02
3.412000e+02 -1.957169e+01 1.061339e-01
3.412000e+02 -1.964970e+01 1.066153e-01
3.412000e+02 -1.953328e+01 1.062744e-01
3.412000e+02 -1.942233e+01 9.670512e-02
3.412000e+02 -1.946286e+01 9.923694e-02
3.412000e+02 -1.958002e+01 9.665710e-02
3.412000e+02 -1.956449e+01 1.135096e-01
3.412000e+02 -1.963318e+01 1.041013e-01
3.412000e+02 -1.940405e+01 1.182842e-01
3.412000e+02 -1.943280e+01 1.116166e-01
3.412000e+02 -1.935855e+01 1.158491e-01
3.412000e+02 -1.962353e+01 9.771371e-02
3.412000e+02 -1.946186e+01 9.432584e-02
3.412000e+02 -1.960750e+01 1.091443e-01
3.412000e+02 -1.955090e+01 1.030173e-01
3.412000e+02 -1.966507e+01 1.047250e-01
3.412000e+02 -1.961949e+01 9.202272e-02
3.412000e+02 -1.938747e+01 1.223862e-01
3.412000e+02 -1.934598e+01 1.323027e-01
3.414000e+02 -1.996146e+01 1.056388e-01
3.414000e+02 -2.011753e+01 9.479799e-02
3.414000e+02 -2.009928e+01 1.168070e-01
3.414000e+02 -2.002595e+01 9.780652e-02
3.414000e+02 -2.006203e+01 9.546307e-02
3.414000e+02 -2.008035e+01 8.909411e-02
3.414000e+02 -1.985893e+01 1.342995e-01
3.414000e+02 -1.978356e+01 1.339713e-01
3.414000e+02 -2.004062e+01 1.052533e-01
3.414000e+02 -1.999460e+01 1.222942e-01
3.414000e+02 -2.009837e+01 9.797977e-02
3.414000e+02 -2.007984e+01 1.124514e-01
3.414000e+02 -1.990994e+01 1.148247e-01
3.414000e+02 -2.012480e+01 9.923362e-02
3.414000e+02 -1.995836e+01 1.050428e-01
3.414000e+02 -1.996850e+01 1.176369e-01
3.414000e+02 -1.989214e+01 1.210180e-01
3.414000e+02 -2.002829e+01 1.224868e-01
3.414000e+02 -1.994086e+01 1.200662e-01
3.414000e+02 -1.996889e+01 1.031212e-01
3.416000e+02 -2.032487e+01 1.308201e-01
3.416000e+02 -2.062191e+01 1.023031e-01
3.416000e+02 -2.062781e+01 1.001879e-01
3.416000e+02 -2.055616e+01 1.142933e-01
3.416000e+02 -2.064985e+01 9.878701e-02
3.416000e+02 -2.052707e+01 9.389221e-02
3.416000e+02 -2.036121e+01 1.214863e-01
3.416000e+02 -2.037713e+01 1.099597e-01
3.416000e+02 -2.038769e+01 1.028921e-01
3.416000e+02 -2.073182e+01 9.110253e-02
3.416000e+02 -2.062826e+01 9.975193e-02
3.416000e+02 -2.048477e+01 1.257830e-01
3.416000e+02 -2.064651e+01 1.019740e-01
3.416000e+02 -2.064636e+01 1.172992e-01
3.416000e+02 -2.036603e+01 1.248475e-01
3.416000e+02 -2.047031e+01 9.971733e-02
3.416000e+02 -2.055169e+01 1.059908e-01
3.416000e+02 -2.053476e+01 1.168057e-01
3.416000e+02 -2.061250e+01 1.049072e-01
3.416000e+02 -2.044891e+01 1.121070e-01
3.418000e+02 -2.108566e+01 1.092327e-01
3.418000e+02 -2.111708e+01 9.605953e-02
3.418000e+02 -2.107209e+01 1.004144e-01
3.418000e+02 -2.119398e+01 1.001241e-01
3.418000e+02 -2.107116e+01 1.201987e-01
3.418000e+02 -2.107244e+01 9.890755e-02
3.418000e+02 -2.120135e+01 1.034290e-01
3.418000e+02 -2.110153e+01 1.002384e-01
3.418000e+02 -2.126333e+01 1.079410e-01
3.418000e+02 -2.100000e+01 1.233377e-01
3.418000e+02 -2.120949e+01 1.041802e-01
3.418000e+02 -2.118259e+01 9.348972e-02
3.418000e+02 -2.122653e+01 9.330693e-02
3.418000e+02 -2.095512e+01 1.253677e-01
3.418000e+02 -2.118822e+01 1.037242e-01
3.418000e+02 -2.112524e+01 1.151713e-01
3.418000e+02 -2.118207e+01 9.769571e-02
3.418000e+02 -2.098632e+01 1.244868e-01
3.418000e+02 -2.104427e+01 1.080477e-01
3.418000e+02 -2.101215e+01 1.083658e-01
3.420000e+02 -2.155840e+01 1.197257e-01
3.420000e+02 -2.186435e+01 1.012083e-01
3.420000e+02 -2.135117e+01 1.271990e-01
3.420000e+02 -2.152339e+01 1.114962e-01
3.420000e+02 -2.152477e+01 1.119287e-01
3.420000e+02 -2.167243e+01 1.042735e-01
3.420000e+02 -2.160489e+01 1.233112e-01
3.420000e+02 -2.159476e+01 1.044133e-01
3.420000e+02 -2.167548e+01 9.610535e-02
3.420000e+02 -2.166544e+01 1.027593e-01
3.420000e+02 -2.176554e+01 1.045470e-01
3.420000e+02 -2.164705e+01 1.156600e-01
3.420000e+02 -2.177334e+01 1.214302e-01
3.420000e+02 -2.150037e+01 1.421956e-01
3.420000e+02 -2.165497e+01 1.091047e-01
3.420000e+02 -2.155139e+01 1.098087e-01
3.420000e+02 -2.175550e+01 1.091957e-01
3.420000e+02 -2.161393e+01 1.232131e-01
3.420000e+02 -2.173429e+01 1.109458e-01
3.420000e+02 -2.177850e+01 9.878932e-02
3.422000e+02 -2.239824e+01 9.597722e-02
3.422000e+02 -2.237799e+01 8.973299e-02
3.422000e+02 -2.238558e+01 1.062442e-01
3.422000e+02 -2.240910e+01 9.877449e-02
3.422000e+02 -2.236641e+01 1.094249e-01
3.422000e+02 -2.228980e+01 1.099630e-01
3.422000e+02 -2.230796e+01 1.087552e-01
3.422000e+02 -2.229552e+01 9.916702e-02
3.422000e+02 -2.244347e+01 1.064120e-01
3.422000e+02 -2.262115e+01 1.089574e-01
3.422000e+02 -2.226031e+01 1.043963e-01
3.422000e+02 -2.230617e+01 1.136048e-01
3.422000e+02 -2.246475e+01 1.038561e-01
3.422000e+02 -2.217884e+01 1.277061e-01
3.422000e+02 -2.234134e+01 1.216028e-01
3.422000e+02 -2.219372e+01 1.192348e-01
3.422000e+02 -2.235260e+01 1.221397e-01
3.422000e+02 -2.252384e+01 1.065587e-01
3.422000e+02 -2.214162e+01 1.429514e-01
3.422000e+02 -2.246607e+01 1.131259e-01
3.424000e+02 -2.283262e+01 1.066891e-01
3.424000e+02 -2.297700e+01 1.069162e-01
3.424000e+02 -2.298374e+01 1.385324e-01
3.424000e+02 -2.295217e+01 1.241858e-01
3.424000e+02 -2.284431e+01 1.248667e-01
3.424000e+02 -2.291235e+01 1.224913e-01
3.424000e+02 -2.310634e+01 1.130923e-01
3.424000e+02 -2.305832e+01 1.119829e-01
3.424000e+02 -2.328205e+01 9.426174e-02
3.424000e+02 -2.309416e+01 1.099169e-01
3.424000e+02 -2.300960e+01 1.070640e-01
3.424000e+02 -2.290403e+01 1.203572e-01
3.424000e+02 -2.296587e+01 1.295027e-01
3.424000e+02 -2.303076e+01 1.071048e-01
3.424000e+02 -2.303069e+01 1.016037e-01
3.424000e+02 -2.296208e+01 1.186230e-01
3.424000e+02 -2.295999e+01 1.280618e-01
3.424000e+02 -2.287722e+01 1.283440e-01
3.424000e+02 -2.296089e+01 1.280037e-01
3.426000e+02 -2.367925e+01 1.072641e-01
3.426000e+02 -2.368069e+01 1.304874e-01
3.426000e+02 -2.367798e+01 1.034586e-01
3.426000e+02 -2.360245e+01 1.129389e-01
3.426000e+02 -2.381241e+01 1.019783e-01
3.426000e+02 -2.362176e+01 1.164959e-01
3.426000e+02 -2.378515e+01 1.073458e-01
3.426000e+02 -2.369133e+01 1.109036e-01
3.426000e+02 -2.375210e+01 1.087882e-01
3.426000e+02 -2.367858e+01 1.112964e-01
3.426000e+02 -2.374669e+01 1.205838e-01
3.426000e+02 -2.365042e+01 1.330549e-01
3.426000e+02 -2.361450e+01 1.167793e-01
3.426000e+02 -2.384462e+01 1.150761e-01
3.426000e+02 -2.369973e+01 1.106359e-01
3.426000e+02 -2.385015e+01 1.176955e-01
3.426000e+02 -2.377628e+01 1.082096e-01
3.426000e+02 -2.380187e+01 1.071765e-01
3.426000e+02 -2.371565e+01 1.164870e-01
3.428000e+02 -2.449519e+01 1.205095e-01
3.428000e+02 -2.448322e+01 1.078701e-01
3.428000e+02 -2.436459e+01 1.221675e-01
3.428000e+02 -2.458017e+01 1.258222e-01
3.428000e+02 -2.445570e+01 1.133381e-01
3.428000e+02 -2.446768e+01 1.087926e-01
3.428000e+02 -2.437463e+01 1.228624e-01
3.428000e+02 -2.450389e+01 1.141616e-01
3.428000e+02 -2.447757e+01 1.036612e-01
3.428000e+02 -2.443853e+01 1.170486e-01
3.428000e+02 -2.443562e+01 1.203086e-01
3.428000e+02 -2.435922e+01 1.240323e-01
3.428000e+02 -2.434666e+01 1.459576e-01
3.428000e+02 -2.445147e+01 1.215988e-01
3.428000e+02 -2.449674e+01 1.035781e-01
3.428000e+02 -2.442034e+01 1.332201e-01
3.428000e+02 -2.436688e+01 1.224793e-01
3.428000e+02 -2.455969e+01 1.291341e-01
3.430000e+02 -2.559472e+01 1.131137e-01
3.430000e+02 -2.508148e+01 1.415581e-01
3.430000e+02 -2.530206e+01 1.050487e-01
3.430000e+02 -2.500203e+01 1.686472e-01
3.430000e+02 -2.534597e+01 1.485149e-01
3.430000e+02 -2.528068e+01 1.195003e-01
3.430000e+02 -2.531023e+01 1.122073e-01
3.430000e+02 -2.556989e+01 1.089066e-01
3.430000e+02 -2.522275e+01 1.379489e-01
3.430000e+02 -2.544415e+01 1.315988e-01
3.430000e+02 -2.533591e+01 1.305735e-01
3.430000e+02 -2.532343e+01 1.013903e-01
3.430000e+02 -2.551455e+01 1.058594e-01
3.430000e+02 -2.529643e+01 1.104282e-01
3.430000e+02 -2.550372e+01 1.257462e-01
3.430000e+02 -2.549405e+01 1.162023e-01
3.430000e+02 -2.517795e+01 1.189277e-01
3.430000e+02 -2.538113e+01 1.126169e-01
3.430000e+02 -2.516271e+01 1.252362e-01
3.432000e+02 -2.624507e+01 1.196339e-01
3.432000e+02 -2.602347e+01 1.300491e-01
3.432000e+02 -2.614853e+01 1.309272e-01
3.432000e+02 -2.614480e+01 1.121684e-01
3.432000e+02 -2.614085e+01 1.156421e-01
3.432000e+02 -2.633138e+01 1.204704e-01
3.432000e+02 -2.631158e+01 1.154485e-01
3.432000e+02 -2.638407e+01 1.166195e-01
3.432000e+02 -2.615932e+01 1.290248e-01
3.432000e+02 -2.601704e+01 1.088826e-01
3.432000e+02 -2.616835e+01 1.106927e-01
3.432000e+02 -2.642371e+01 1.077608e-01
3.432000e+02 -2.623758e+01 1.141463e-01
3.432000e+02 -2.608890e+01 1.365247e-01
3.432000e+02 -2.620742e+01 1.129919e-01
3.432000e+02 -2.611975e+01 1.159002e-01
3.432000e+02 -2.608872e+01 1.535050e-01
3.432000e+02 -2.615759e+01 1.470763e-01
3.432000e+02 -2.589558e+01 1.331646e-01
3.432000e+02 -2.626956e+01 1.234306e-01
3.434000e+02 -2.723849e+01 1.162034e-01
3.434000e+02 -2.738498e+01 1.206378e-01
3.434000e+02 -2.719850e+01 1.323335e-01
3.434000e+02 -2.729937e+01 1.240088e-01
3.434000e+02 -2.736518e+01 1.149189e-01
3.434000e+02 -2.715305e+01 1.164590e-01
3.434000e+02 -2.705177e+01 1.234426e-01
3.434000e+02 -2.713379e+01 1.245496e-01
3.434000e+02 -2.713408e+01 1.225587e-01
3.434000e+02 -2.735218e+01 1.206412e-01
3.434000e+02 -2.723534e+01 1.255501e-01
3.434000e+02 -2.714510e+01 1.331906e-01
3.434000e+02 -2.724539e+01 1.227407e-01
3.434000e+02 -2.730505e+01 1.326320e-01
3.434000e+02 -2.733155e+01 1.306722e-01
3.434000e+02 -2.728661e+01 1.100212e-01
3.434000e+02 -2.694373e+01 1.823556e-01
3.434000e+02 -2.731270e+01 1.227643e-01
3.434000e+02 -2.702081e+01 1.361474e-01
3.436000e+02 -2.821607e+01 1.246467e-01
3.436000e+02 -2.806037e+01 1.461744e-01
3.436000e+02 -2.840147e+01 1.147859e-01
3.436000e+02 -2.822060e+01 1.468762e-01
3.436000e+02 -2.812269e+01 1.439831e-01
3.436000e+02 -2.847551e+01 1.165660e-01
3.436000e+02 -2.810669e+01 1.286428e-01
3.436000e+02 -2.826292e+01 1.239370e-01
3.436000e+02 -2.836810e+01 1.157291e-01
3.436000e+02 -2.827562e+01 1.258078e-01
3.436000e+02 -2.819154e+01 1.375160e-01
3.436000e+02 -2.800447e+01 1.517070e-01
3.436000e+02 -2.851630e+01 1.121324e-01
3.436000e+02 -2.828030e+01 1.165346e-01
3.436000e+02 -2.816130e+01 1.161128e-01
3.436000e+02 -2.829264e+01 1.130784e-01
3.436000e+02 -2.834970e+01 1.313053e-01
3.436000e+02 -2.842591e+01 1.273209e-01
3.436000e+02 -2.815947e+01 1.550488e-01
3.436000e+02 -2.820191e+01 1.327755e-01
3.438000e+02 -2.934282e+01 1.297485e-01
3.438000e+02 -2.942232e+01 1.206640e-01
3.438000e+02 -2.932171e+01 1.220909e-01
3.438000e+02 -2.950248e+01 1.232587e-01
3.438000e+02 -2.946357e+01 1.687698e-01
3.438000e+02 -2.939497e+01 1.260497e-01
3.438000e+02 -2.941454e+01 1.231062e-01
3.438000e+02 -2.964068e+01 1.155348e-01
3.438000e+02 -2.937528e+01 1.404762e-01
3.438000e+02 -2.930427e+01 1.107002e-01
3.438000e+02 -2.953169e+01 1.108867e-01
3.438000e+02 -2.953108e+01 1.200818e-01
3.438000e+02 -2.920469e+01 1.583955e-01
3.438000e+02 -2.927507e+01 1.270530e-01
3.438000e+02 -2.933945e+01 1.211015e-01
3.438000e+02 -2.949091e+01 1.105911e-01
3.438000e+02 -2.904050e+01 1.397200e-01
3.438000e+02 -2.928330e+01 1.245539e-01
3.438000e+02 -2.932913e+01 1.400383e-01
3.440000e+02 -3.057049e+01 1.278351e-01
3.440000e+02 -3.063139e+01 1.190451e-01
3.440000e+02 -3.075950e+01 1.230856e-01
3.440000e+02 -3.062327e+01 1.180516e-01
3.440000e+02 -3.055636e+01 1.620122e-01
3.440000e+02 -3.065317e+01 1.332149e-01
3.440000e+02 -3.069461e+01 1.287422e-01
3.440000e+02 -3.066684e+01 1.303188e-01
3.440000e+02 -3.035033e+01 1.446940e-01
3.440000e+02 -3.090272e+01 1.316001e-01
3.440000e+02 -3.093905e+01 1.065585e-01
3.440000e+02 -3.061434e+01 1.471540e-01
3.440000e+02 -3.064936e+01 1.201086e-01
3.440000e+02 -3.087570e+01 1.152447e-01
3.440000e+02 -3.046060e+01 1.389465e-01
3.440000e+02 -3.083233e+01 1.314975e-01
3.440000e+02 -3.079578e+01 1.164761e-01
3.440000e+02 -3.082273e+01 1.202566e-01
3.440000e+02 -3.067116e+01 1.328412e-01
3.440000e+02 -3.065719e+01 1.502801e-01
3.442000e+02 -3.191196e+01 1.424347e-01
3.442000e+02 -3.194119e+01 1.314892e-01
3.442000e+02 -3.195697e+01 1.382806e-01
3.442000e+02 -3.214064e+01 1.375268e-01
3.442000e+02 -3.227798e+01 1.213376e-01
3.442000e+02 -3.214709e+01 1.168765e-01
3.442000e+02 -3.183884e+01 1.471584e-01
3.442000e+02 -3.176801e+01 1.314710e-01
3.442000e+02 -3.174842e+01 1.514819e-01
3.442000e+02 -3.188178e+01 1.436225e-01
3.442000e+02 -3.238388e+01 1.226609e-01
3.442000e+02 -3.179992e+01 1.222732e-01
3.442000e+02 -3.209597e+01 1.352425e-01
3.442000e+02 -3.190261e+01 1.552646e-01
3.442000e+02 -3.214122e+01 1.410015e-01
3.442000e+02 -3.191551e+01 1.360553e-01
3.442000e+02 -3.192211e+01 1.404682e-01
3.442000e+02 -3.207454e+01 1.309676e-01
3.442000e+02 -3.198790e+01 1.408171e-01
3.442000e+02 -3.186261e+01 1.530973e-01
3.444000e+02 -3.368613e+01 1.278786e-01
3.444000e+02 -3.370684e+01 1.396917e-01
3.444000e+02 -3.365265e+01 1.228985e-01
3.444000e+02 -3.329090e+01 1.453833e-01
3.444000e+02 -3.388754e+01 1.331338e-01
3.444000e+02 -3.384688e+01 1.252488e-01
3.444000e+02 -3.350470e+01 1.270175e-01
3.444000e+02 -3.367641e+01 1.239225e-01
3.444000e+02 -3.366611e+01 1.348286e-01
3.444000e+02 -3.354330e+01 1.592218e-01
3.444000e+02 -3.359105e+01 1.307042e-01
3.444000e+02 -3.348545e+01 1.451965e-01
3.444000e+02 -3.352503e+01 1.422089e-01
3.444000e+02 -3.364020e+01 1.216673e-01
3.444000e+02 -3.375587e+01 1.392987e-01
3.444000e+02 -3.360393e+01 1.625968e-01
3.444000e+02 -3.358491e+01 1.399613e-01
3.444000e+02 -3.354203e+01 1.322670e-01
3.444000e+02 -3.353519e+01 1.548843e-01
3.444000e+02 -3.371244e+01 1.368376e-01
3.446000e+02 -3.511650e+01 1.508586e-01
3.446000e+02 -3.541594e+01 1.288497e-01
3.446000e+02 -3.518991e+01 1.442786e-01
3.446000e+02 -3.540349e+01 1.228201e-01
3.446000e+02 -3.546574e+01 1.347892e-01
3.446000e+02 -3.510140e+01 1.333550e-01
3.446000e+02 -3.545969e+01 1.318120e-01
3.446000e+02 -3.500452e+01 1.345902e-01
3.446000e+02 -3.523246e+01 1.468787e-01
3.446000e+02 -3.512246e+01 1.371031e-01
3.446000e+02 -3.546495e+01 1.590026e-01
3.446000e+02 -3.526795e+01 1.576653e-01
3.446000e+02 -3.521316e+01 1.540008e-01
3.446000e+02 -3.529010e+01 1.353695e-01
3.446000e+02 -3.508083e+01 1.689382e-01
3.446000e+02 -3.523233e+01 1.542639e-01
3.446000e+02 -3.508418e+01 1.410869e-01
3.446000e+02 -3.520624e+01 1.603426e-01
3.446000e+02 -3.525759e+01 1.357559e-01
3.446000e+02 -3.535880e+01 1.337053e-01
3.448000e+02 -3.691481e+01 1.644094e-01
3.448000e+02 -3.735171e+01 1.528193e-01
3.448000e+02 -3.727295e+01 1.447871e-01
3.448000e+02 -3.732543e+01 1.355176e-01
3.448000e+02 -3.738572e+01 1.455214e-01
3.448000e+02 -3.714737e+01 1.479894e-01
3.448000e+02 -3.731084e+01 1.352800e-01
3.448000e+02 -3.729607e+01 1.572778e-01
3.448000e+02 -3.698908e+01 1.391898e-01
3.448000e+02 -3.738029e+01 1.451603e-01
3.448000e+02 -3.718463e+01 1.411553e-01
3.448000e+02 -3.714552e+01 1.313633e-01
3.448000e+02 -3.735945e+01 1.633326e-01
3.448000e+02 -3.696773e+01 1.506891e-01
3.448000e+02 -3.696849e+01 1.478944e-01
3.448000e+02 -3.732248e+01 1.409272e-01
3.448000e+02 -3.737915e+01 1.363962e-01
3.448000e+02 -3.721485e+01 1.568418e-01
3.448000e+02 -3.721157e+01 1.451978e-01
3.448000e+02 -3.705772e+01 1.525680e-01
3.450000e+02 -3.939410e+01 1.489031e-01
3.450000e+02 -3.951248e+01 1.633753e-01
3.450000e+02 -3.946065e+01 1.597257e-01
3.450000e+02 -3.972591e+01 1.564389e-01
3.450000e+02 -3.956719e+01 1.429578e-01
3.450000e+02 -3.961876e+01 1.483754e-01
3.450000e+02 -3.939634e+01 1.391942e-01
3.450000e+02 -3.918219e+01 1.703291e-01
3.450000e+02 -3.953064e+01 1.826816e-01
3.450000e+02 -3.918598e+01 1.567403e-01
3.450000e+02 -3.972692e+01 1.704089e-01
3.450000e+02 -3.948080e+01 1.394525e-01
3.450000e+02 -3.964192e+01 1.474106e-01
3.450000e+02 -3.944457e+01 1.547522e-01
3.450000e+02 -3.926896e+01 1.328679e-01
3.450000e+02 -3.934943e+01 1.454524e-01
3.450000e+02 -3.950229e+01 1.577172e-01
3.450000e+02 -3.927019e+01 2.070475e-01
3.450000e+02 -3.939518e+01 1.517212e-01
3.450000e+02 -3.939203e+01 1.555950e-01
3.452000e+02 -4.224468e+01 1.626587e-01
3.452000e+02 -4.172812e+01 1.877060e-01
3.452000e+02 -4.190829e+01 1.500973e-01
3.452000e+02 -4.220091e+01 1.569470e-01
3.452000e+02 -4.188689e+01 1.781315e-01
3.452000e+02 -4.190492e+01 1.645177e-01
3.452000e+02 -4.165915e+01 1.534972e-01
3.452000e+02 -4.225441e+01 1.594496e-01
3.452000e+02 -4.181827e+01 1.680741e-01
3.452000e+02 -4.217138e+01 1.489095e-01
3.452000e+02 -4.203908e+01 1.422534e-01
3.452000e+02 -4.197745e+01 1.478769e-01
3.452000e+02 -4.192345e+01 1.557118e-01
3.452000e+02 -4.166009e+01 1.779473e-01
3.452000e+02 -4.193488e+01 1.421082e-01
3.452000e+02 -4.189825e+01 1.778472e-01
3.452000e+02 -4.165238e+01 1.599995e-01
3.452000e+02 -4.189158e+01 1.589118e-01
3.452000e+02 -4.188462e+01 1.435291e-01
3.454000e+02 -4.451060e+01 2.051169e-01
3.454000e+02 -4.498487e+01 1.823643e-01
3.454000e+02 -4.474711e+01 1.903628e-01
3.454000e+02 -4.487357e+01 1.902209e-01
3.454000e+02 -4.456100e+01 1.873274e-01
3.454000e+02 -4.480960e+01 1.655648e-01
3.454000e+02 -4.503268e+01 1.585036e-01
3.454000e+02 -4.489897e+01 1.626504e-01
3.454000e+02 -4.472491e+01 1.731980e-01
3.454000e+02 -4.470120e+01 1.988189e-01
3.454000e+02 -4.464904e+01 2.006610e-01
3.454000e+02 -4.488135e+01 1.680515e-01
3.454000e+02 -4.469381e+01 1.658523e-01
3.454000e+02 -4.463888e+01 1.971736e-01
3.454000e+02 -4.479996e+01 1.732859e-01
3.454000e+02 -4.500793e+01 1.519895e-01
3.454000e+02 -4.433709e+01 2.003007e-01
3.454000e+02 -4.485658e+01 1.595269e-01
3.454000e+02 -4.503504e+01 1.711052e-01
3.454000e+02 -4.488195e+01 1.590288e-01
3.456000e+02 -4.803708e+01 1.846962e-01
3.456000e+02 -4.825616e+01 1.726807e-01
3.456000e+02 -4.799964e+01 1.810265e-01
3.456000e+02 -4.797854e+01 2.088906e-01
3.456000e+02 -4.780175e+01 1.932286e-01
3.456000e+02 -4.800989e+01 1.715485e-01
3.456000e+02 -4.796739e+01 1.745415e-01
3.456000e+02 -4.810043e+01 1.795096e-01
3.456000e+02 -4.836883e+01 1.809895e-01
3.456000e+02 -4.780613e+01 2.230437e-01
3.456000e+02 -4.828133e+01 1.619263e-01
3.456000e+02 -4.842623e+01 1.616841e-01
3.456000e+02 -4.817482e+01 1.661154e-01
3.456000e+02 -4.837508e+01 1.613013e-01
3.456000e+02 -4.816577e+01 1.660765e-01
3.456000e+02 -4.822743e+01 1.851667e-01
3.456000e+02 -4.802876e+01 1.998131e-01
3.456000e+02 -4.808860e+01 1.729004e-01
3.456000e+02 -4.793489e+01 1.898205e-01
3.456000e+02 -4.793356e+01 1.771943e-01
3.458000e+02 -5.138046e+01 1.946974e-01
3.458000e+02 -5.182736e+01 1.904740e-01
3.458000e+02 -5.178200e+01 2.129243e-01
3.458000e+02 -5.152178e+01 2.466664e-01
3.458000e+02 -5.188506e+01 2.407504e-01
3.458000e+02 -5.163748e+01 2.290436e-01
3.458000e+02 -5.171851e+01 2.019884e-01
3.458000e+02 -5.165780e+01 1.867187e-01
3.458000e+02 -5.169165e+01 2.088983e-01
3.458000e+02 -5.198295e+01 2.244923e-01
3.458000e+02 -5.191059e+01 1.830765e-01
3.458000e+02 -5.185679e+01 1.801397e-01
3.458000e+02 -5.194578e+01 1.772643e-01
3.458000e+02 -5.166100e+01 1.900769e-01
3.458000e+02 -5.163850e+01 1.917486e-01
3.458000e+02 -5.151156e+01 2.146797e-01
3.458000e+02 -5.170286e+01 2.006621e-01
3.458000e+02 -5.138143e+01 2.253865e-01
3.458000e+02 -5.158551e+01 1.987693e-01
3.458000e+02 -5.174761e+01 2.031101e-01
3.460000e+02 -5.605345e+01 2.044305e-01
3.460000e+02 -5.599031e+01 2.264101e-01
3.460000e+02 -5.590428e+01 2.319673e-01
3.460000e+02 -5.591218e+01 2.159296e-01
3.460000e+02 -5.575313e+01 2.105643e-01
3.460000e+02 -5.614241e+01 2.143564e-01
3.460000e+02 -5.543492e+01 2.164419e-01
3.460000e+02 -5.575222e+01 1.998444e-01
3.460000e+02 -5.600454e+01 2.105966e-01
3.460000e+02 -5.585152e+01 2.311089e-01
3.460000e+02 -5.564742e+01 2.386781e-01
3.460000e+02 -5.597177e+01 1.922898e-01
3.460000e+02 -5.599598e+01 2.084226e-01
3.460000e+02 -5.564982e+01 2.537690e-01
3.460000e+02 -5.555978e+01 2.141880e-01
3.460000e+02 -5.609972e+01 2.050628e-01
3.460000e+02 -5.566052e+01 2.205839e-01
3.460000e+02 -5.585237e+01 2.312173e-01
3.460000e+02 -5.601423e+01 2.021535e-01
3.460000e+02 -5.605291e+01 2.010445e-01
3.462000e+02 -6.038872e+01 2.368719e-01
3.462000e+02 -6.063828e+01 2.353942e-01
3.462000e+02 -5.998943e+01 2.641546e-01
3.462000e+02 -6.053280e+01 2.120688e-01
3.462000e+02 -6.039490e+01 2.710012e-01
3.462000e+02 -6.064767e+01 2.260143e-01
3.462000e+02 -6.051530e+01 2.235065e-01
3.462000e+02 -6.061819e+01 2.130342e-01
3.462000e+02 -6.038473e+01 2.289948e-01
3.462000e+02 -6.055426e+01 2.226964e-01
3.462000e+02 -6.089828e+01 2.088872e-01
3.462000e+02 -6.007527e+01 2.622198e-01
3.462000e+02 -6.036221e+01 2.234509e-01
3.462000e+02 -6.020993e+01 2.196833e-01
3.462000e+02 -6.013129e+01 2.559177e-01
3.462000e+02 -6.045136e+01 2.538349e-01
3.462000e+02 -6.086514e+01 2.338089e-01
3.462000e+02 -6.020320e+01 2.285320e-01
3.462000e+02 -6.059146e+01 2.165467e-01
3.464000e+02 -6.548350e+01 2.602983e-01
3.464000e+02 -6.526583e+01 2.594817e-01
3.464000e+02 -6.581085e+01 2.601084e-01
3.464000e+02 -6.569639e+01 2.252516e-01
3.464000e+02 -6.574350e+01 3.015096e-01
3.464000e+02 -6.604582e+01 2.296506e-01
3.464000e+02 -6.567436e+01 2.284710e-01
3.464000e+02 -6.582221e+01 2.708519e-01
3.464000e+02 -6.502804e+01 2.526595e-01
3.464000e+02 -6.611587e+01 2.220538e-01
3.464000e+02 -6.540004e+01 2.410489e-01
3.464000e+02 -6.547887e+01 2.690389e-01
3.464000e+02 -6.568586e+01 2.446929e-01
3.464000e+02 -6.530257e+01 2.883127e-01
3.464000e+02 -6.591077e+01 2.408625e-01
3.464000e+02 -6.582705e+01 2.705295e-01
3.464000e+02 -6.539192e+01 2.398342e-01
3.464000e+02 -6.536968e+01 2.583790e-01
3.464000e+02 -6.583593e+01 2.257292e-01
3.464000e+02 -6.567429e+01 2.364648e-01
3.466000e+02 -7.067376e+01 2.855651e-01
3.466000e+02 -7.116348e+01 2.520448e-01
3.466000e+02 -7.126227e+01 2.623323e-01
3.466000e+02 -7.083832e+01 2.706508e-01
3.466000e+02 -7.058608e+01 2.841951e-01
3.466000e+02 -7.096052e+01 2.824088e-01
3.466000e+02 -7.119782e+01 2.756357e-01
3.466000e+02 -7.065169e+01 2.854208e-01
3.466000e+02 -7.088022e+01 2.825487e-01
3.466000e+02 -7.111585e+01 2.349301e-01
3.466000e+02 -7.063309e+01 3.051044e-01
3.466000e+02 -7.081911e+01 2.777450e-01
3.466000e+02 -7.068242e+01 2.795219e-01
3.466000e+02 -7.060311e+01 3.009956e-01
3.466000e+02 -7.028027e+01 3.357592e-01
3.466000e+02 -7.117470e+01 2.348731e-01
3.466000e+02 -7.059094e+01 3.671394e-01
3.466000e+02 -7.108119e+01 2.693990e-01
3.466000e+02 -7.063955e+01 2.839502e-01
3.466000e+02 -7.068110e+01 2.758274e-01
3.468000e+02 -7.568469e+01 3.181867e-01
3.468000e+02 -7.625022e+01 3.250782e-01
3.468000e+02 -7.701167e+01 2.662484e-01
3.468000e+02 -7.687690e+01 2.949557e-01
3.468000e+02 -7.722482e+01 2.806150e-01
3.468000e+02 -7.646961e+01 3.019787e-01
3.468000e+02 -7.660798e+01 2.694262e-01
3.468000e+02 -7.712671e+01 3.299807e-01
3.468000e+02 -7.658741e+01 2.837623e-01
3.468000e+02 -7.639645e+01 2.763585e-01
3.468000e+02 -7.693452e+01 2.888318e-01
3.468000e+02 -7.644120e+01 3.249923e-01
3.468000e+02 -7.646057e+01 2.865733e-01
3.468000e+02 -7.659430e+01 3.208872e-01
3.468000e+02 -7.650462e+01 2.655891e-01
3.468000e+02 -7.662813e+01 2.894786e-01
3.468000e+02 -7.672031e+01 2.957112e-01
3.468000e+02 -7.685871e+01 2.612325e-01
3.468000e+02 -7.621926e+01 3.274408e-01
3.468000e+02 -7.702651e+01 2.636385e-01
3.470000e+02 -8.252682e+01 3.834271e-01
3.470000e+02 -8.259881e+01 3.197838e-01
3.470000e+02 -8.238016e+01 2.935922e-01
3.470000e+02 -8.195142e+01 3.599831e-01
3.470000e+02 -8.284093e+01 2.812638e-01
3.470000e+02 -8.286173e+01 3.317019e-01
3.470000e+02 -8.231795e+01 2.816694e-01
3.470000e+02 -8.240650e+01 3.077069e-01
3.470000e+02 -8.183853e+01 3.536332e-01
3.470000e+02 -8.231342e+01 3.518365e-01
3.470000e+02 -8.260699e+01 2.997902e-01
3.470000e+02 -8.207675e+01 3.767943e-01
3.470000e+02 -8.228791e+01 3.391998e-01
3.470000e+02 -8.240068e+01 3.536038e-01
3.470000e+02 -8.223529e+01 2.983398e-01
3.470000e+02 -8.236344e+01 3.364923e-01
3.470000e+02 -8.255595e+01 2.775501e-01
3.470000e+02 -8.199811e+01 3.455474e-01
3.470000e+02 -8.207103e+01 3.590832e-01
3.470000e+02 -8.231273e+01 2.913372e-01
3.472000e+02 -8.776702e+01 3.248595e-01
3.472000e+02 -8.871437e+01 3.287225e-01
3.472000e+02 -8.821596e+01 3.056065e-01
3.472000e+02 -8.838754e+01 3.305072e-01
3.472000e+02 -8.795722e+01 3.605899e-01
3.472000e+02 -8.844707e+01 3.124666e-01
3.472000e+02 -8.817725e+01 3.382737e-01
3.472000e+02 -8.825569e+01 3.031389e-01
3.472000e+02 -8.841218e+01 3.516510e-01
3.472000e+02 -8.790270e+01 3.433409e-01
3.472000e+02 -8.874778e+01 3.346578e-01
3.472000e+02 -8.834803e+01 3.383873e-01
3.472000e+02 -8.849191e+01 3.363802e-01
3.472000e+02 -8.822244e+01 3.430533e-01
3.472000e+02 -8.855536e+01 3.069189e-01
3.472000e+02 -8.789858e+01 3.785202e-01
3.472000e+02 -8.796605e+01 3.842852e-01
3.472000e+02 -8.808589e+01 3.422506e-01
3.472000e+02 -8.854470e+01 3.219322e-01
3.472000e+02 -8.800606e+01 3.876645e-01
3.474000e+02 -9.425256e+01 3.126352e-01
3.474000e+02 -9.410224e+01 3.293327e-01
3.474000e+02 -9.403383e+01 4.450529e-01
3.474000e+02 -9.460856e+01 3.484035e-01
3.474000e+02 -9.367533e+01 4.229608e-01
3.474000e+02 -9.421389e+01 3.281478e-01
3.474000e+02 -9.421471e+01 3.501134e-01
3.474000e+02 -9.404679e+01 3.673397e-01
3.474000e+02 -9.458127e+01 3.605308e-01
3.474000e+02 -9.378117e+01 3.137647e-01
3.474000e+02 -9.384177e+01 3.451622e-01
3.474000e+02 -9.398686e+01 4.004146e-01
3.474000e+02 -9.478651e+01 3.727284e-01
3.474000e+02 -9.401575e+01 3.497835e-01
3.474000e+02 -9.373767e+01 3.220087e-01
3.474000e+02 -9.458583e+01 3.136593e-01
3.474000e+02 -9.378665e+01 3.823492e-01
3.474000e+02 -9.416863e+01 3.537453e-01
3.474000e+02 -9.414174e+01 3.467797e-01
3.476000e+02 -9.965083e+01 3.791120e-01
3.476000e+02 -9.984232e+01 3.842798e-01
3.476000e+02 -9.983338e+01 4.148218e-01
3.476000e+02 -1.004895e+02 3.304493e-01
3.476000e+02 -1.004381e+02 3.912041e-01
3.476000e+02 -1.004163e+02 3.427036e-01
3.476000e+02 -1.000532e+02 3.478527e-01
3.476000e+02 -1.001259e+02 3.213844e-01
3.476000e+02 -1.009568e+02 3.810584e-01
3.476000e+02 -1.001352e+02 3.319246e-01
3.476000e+02 -1.002242e+02 4.146146e-01
3.476000e+02 -1.004657e+02 3.627673e-01
3.476000e+02 -9.938524e+01 4.121361e-01
3.476000e+02 -1.000980e+02 3.561367e-01
3.476000e+02 -9.980974e+01 3.524181e-01
3.476000e+02 -9.885631e+01 4.275673e-01
3.476000e+02 -1.003355e+02 3.435287e-01
3.476000e+02 -1.003140e+02 3.434329e-01
3.476000e+02 -1.005530e+02 3.232795e-01
3.476000e+02 -9.963536e+01 4.207997e-01
3.478000e+02 -1.062181e+02 4.299122e-01
3.478000e+02 -1.056109e+02 4.296300e-01
3.478000e+02 -1.059862e+02 4.000472e-01
3.478000e+02 -1.056402e+02 3.608070e-01
3.478000e+02 -1.056787e+02 3.493798e-01
3.478000e+02 -1.056657e+02 3.897018e-01
3.478000e+02 -1.055344e+02 3.776182e-01
3.478000e+02 -1.059075e+02 3.496038e-01
3.478000e+02 -1.060076e+02 3.700320e-01
3.478000e+02 -1.057958e+02 3.903706e-01
3.478000e+02 -1.059801e+02 3.558949e-01
3.478000e+02 -1.053284e+02 4.104882e-01
3.478000e+02 -1.050130e+02 5.121365e-01
3.478000e+02 -1.054861e+02 3.793273e-01
3.478000e+02 -1.053802e+02 3.882300e-01
3.478000e+02 -1.053671e+02 3.641473e-01
3.478000e+02 -1.051890e+02 4.137606e-01
3.478000e+02 -1.057568e+02 4.073076e-01
3.478000e+02 -1.060778e+02 3.894649e-01
3.478000e+02 -1.065039e+02 3.573065e-01
3.480000e+02 -1.114212e+02 4.808098e-01
3.480000e+02 -1.110960e+02 4.184122e-01
3.480000e+02 -1.116667e+02 4.241238e-01
3.480000e+02 -1.119464e+02 3.812370e-01
3.480000e+02 -1.110119e+02 5.737799e-01
3.480000e+02 -1.111388e+02 4.286608e-01
3.480000e+02 -1.118270e+02 4.250596e-01
3.480000e+02 -1.109130e+02 4.237974e-01
3.480000e+02 -1.112976e+02 4.419658e-01
3.480000e+02 -1.115508e+02 4.053011e-01
3.480000e+02 -1.116412e+02 4.225383e-01
3.480000e+02 -1.115581e+02 4.396034e-01
3.480000e+02 -1.112651e+02 4.160251e-01
3.480000e+02 -1.108598e+02 5.097531e-01
3.480000e+02 -1.122154e+02 4.031707e-01
3.480000e+02 -1.104242e+02 4.870860e-01
3.480000e+02 -1.116449e+02 4.090611e-01
3.480000e+02 -1.114742e+02 4.202344e-01
3.480000e+02 -1.118855e+02 4.183919e-01
3.480000e+02 -1.113504e+02 4.074569e-01
3.482000e+02 -1.172310e+02 5.000359e-01
3.482000e+02 -1.175123e+02 4.237883e-01
3.482000e+02 -1.176173e+02 4.153914e-01
3.482000e+02 -1.165698e+02 4.113802e-01
3.482000e+02 -1.165820e+02 5.054289e-01
3.482000e+02 -1.168913e+02 4.402134e-01
3.482000e+02 -1.177270e+02 3.799249e-01
3.482000e+02 -1.171993e+02 4.174494e-01
3.482000e+02 -1.169810e+02 4.120626e-01
3.482000e+02 -1.165453e+02 4.198635e-01
3.482000e+02 -1.169560e+02 4.459129e-01
3.482000e+02 -1.167227e+02 5.194449e-01
3.482000e+02 -1.178018e+02 4.264091e-01
3.482000e+02 -1.173032e+02 5.024791e-01
3.482000e+02 -1.164122e+02 4.911402e-01
3.482000e+02 -1.169536e+02 4.309826e-01
3.482000e+02 -1.165696e+02 4.879385e-01
3.482000e+02 -1.172316e+02 4.673500e-01
3.482000e+02 -1.172554e+02 3.867057e-01
3.484000e+02 -1.221354e+02 5.392373e-01
3.484000e+02 -1.229195e+02 4.778733e-01
3.484000e+02 -1.231614e+02 4.615720e-01
3.484000e+02 -1.226059e+02 5.330762e-01
3.484000e+02 -1.223408e+02 4.929855e-01
3.484000e+02 -1.228241e+02 4.472397e-01
3.484000e+02 -1.226893e+02 4.395584e-01
3.484000e+02 -1.226198e+02 4.672335e-01
3.484000e+02 -1.231944e+02 3.839618e-01
3.484000e+02 -1.219278e+02 4.481263e-01
3.484000e+02 -1.224447e+02 4.513254e-01
3.484000e+02 -1.227925e+02 4.688772e-01
3.484000e+02 -1.230818e+02 3.932495e-01
3.484000e+02 -1.230620e+02 4.380595e-01
3.484000e+02 -1.224731e+02 4.783646e-01
3.484000e+02 -1.219919e+02 4.581032e-01
3.484000e+02 -1.230689e+02 4.275169e-01
3.484000e+02 -1.233670e+02 4.117283e-01
3.484000e+02 -1.225215e+02 4.158827e-01
3.484000e+02 -1.228586e+02 4.105505e-01
3.486000e+02 -1.279889e+02 4.586365e-01
3.486000e+02 -1.280889e+02 5.458905e-01
3.486000e+02 -1.277375e+02 4.854361e-01
3.486000e+02 -1.285784e+02 4.994964e-01
3.486000e+02 -1.274648e+02 4.626980e-01
3.486000e+02 -1.281571e+02 5.173831e-01
3.486000e+02 -1.285191e+02 4.860486e-01
3.486000e+02 -1.281405e+02 4.782921e-01
3.486000e+02 -1.288282e+02 4.575736e-01
3.486000e+02 -1.278257e+02 4.383137e-01
3.486000e+02 -1.283125e+02 4.482346e-01
3.486000e+02 -1.281593e+02 4.431803e-01
3.486000e+02 -1.280644e+02 4.804566e-01
3.486000e+02 -1.283200e+02 4.201041e-01
3.486000e+02 -1.281652e+02 4.601693e-01
3.486000e+02 -1.283322e+02 4.690289e-01
3.486000e+02 -1.286608e+02 4.618198e-01
3.486000e+02 -1.275696e+02 4.758826e-01
3.486000e+02 -1.279429e+02 4.584418e-01
3.486000e+02 -1.276674e+02 5.436365e-01
3.488000e+02 -1.330785e+02 4.851511e-01
3.488000e+02 -1.334633e+02 4.666170e-01
3.488000e+02 -1.330243e+02 4.925848e-01
3.488000e+02 -1.338772e+02 4.957529e-01
3.488000e+02 -1.328658e+02 5.173263e-01
3.488000e+02 -1.340971e+02 4.631695e-01
3.488000e+02 -1.323315e+02 5.579009e-01
3.488000e+02 -1.331053e+02 5.073067e-01
3.488000e+02 -1.334661e+02 4.783663e-01
3.488000e+02 -1.329080e+02 4.989003e-01
3.488000e+02 -1.326486e+02 4.860037e-01
3.488000e+02 -1.337904e+02 5.217674e-01
3.488000e+02 -1.332156e+02 4.603923e-01
3.488000e+02 -1.332469e+02 4.607041e-01
3.488000e+02 -1.333891e+02 4.403764e-01
3.488000e+02 -1.339273e+02 4.580362e-01
3.488000e+02 -1.330170e+02 5.241170e-01
3.488000e+02 -1.335294e+02 5.190492e-01
3.488000e+02 -1.324143e+02 5.964719e-01
3.488000e+02 -1.333758e+02 4.885086e-01
3.490000e+02 -1.384141e+02 4.878973e-01
3.490000e+02 -1.392208e+02 4.436252e-01
3.490000e+02 -1.373133e+02 5.294842e-01
3.490000e+02 -1.382920e+02 4.930689e-01
3.490000e+02 -1.385966e+02 4.897920e-01
3.490000e+02 -1.390302e+02 4.916219e-01
3.490000e+02 -1.394475e+02 4.879605e-01
3.490000e+02 -1.396235e+02 5.077348e-01
3.490000e+02 -1.382379e+02 4.774754e-01
3.490000e+02 -1.388851e+02 4.778879e-01
3.490000e+02 -1.385015e+02 4.855796e-01
3.490000e+02 -1.379355e+02 4.978257e-01
3.490000e+02 -1.387228e+02 5.213230e-01
3.490000e+02 -1.381915e+02 4.802414e-01
3.490000e+02 -1.382900e+02 5.576136e-01
3.490000e+02 -1.396158e+02 4.842328e-01
3.490000e+02 -1.378392e+02 5.282349e-01
3.490000e+02 -1.384916e+02 4.734315e-01
3.490000e+02 -1.388065e+02 5.119610e-01
3.492000e+02 -1.434904e+02 4.961484e-01
3.492000e+02 -1.434611e+02 5.082155e-01
3.492000e+02 -1.435350e+02 5.193388e-01
3.492000e+02 -1.438164e+02 5.218283e-01
3.492000e+02 -1.434401e+02 5.517933e-01
3.492000e+02 -1.431721e+02 5.955251e-01
3.492000e+02 -1.436976e+02 5.079186e-01
3.492000e+02 -1.445325e+02 5.091086e-01
3.492000e+02 -1.440344e+02 4.972138e-01
3.492000e+02 -1.440498e+02 4.943836e-01
3.492000e+02 -1.433679e+02 5.993544e-01
3.492000e+02 -1.428312e+02 5.421584e-01
3.492000e+02 -1.441607e+02 4.868925e-01
3.492000e+02 -1.426063e+02 5.470683e-01
3.492000e+02 -1.444310e+02 5.440530e-01
3.492000e+02 -1.427224e+02 6.216181e-01
3.492000e+02 -1.440455e+02 4.951070e-01
3.492000e+02 -1.431022e+02 4.897861e-01
3.492000e+02 -1.430972e+02 5.644569e-01
3.492000e+02 -1.437923e+02 5.016319e-01
3.494000e+02 -1.483319e+02 5.413147e-01
3.494000e+02 -1.491126e+02 5.832747e-01
3.494000e+02 -1.477268e+02 5.828015e-01
3.494000e+02 -1.484626e+02 5.622672e-01
3.494000e+02 -1.483937e+02 5.342668e-01
3.494000e+02 -1.501071e+02 5.236877e-01
3.494000e+02 -1.488625e+02 5.269671e-01
3.494000e+02 -1.488529e+02 5.707837e-01
3.494000e+02 -1.491975e+02 5.316200e-01
3.494000e+02 -1.485153e+02 5.795294e-01
3.494000e+02 -1.479764e+02 5.596281e-01
3.494000e+02 -1.486711e+02 5.111594e-01
3.494000e+02 -1.484354e+02 5.466035e-01
3.494000e+02 -1.477086e+02 6.198062e-01
3.494000e+02 -1.488623e+02 5.513000e-01
3.494000e+02 -1.483007e+02 4.951762e-01
3.494000e+02 -1.492234e+02 5.220404e-01
3.494000e+02 -1.482808e+02 5.356982e-01
3.494000e+02 -1.485504e+02 4.852841e-01
3.494000e+02 -1.486657e+02 5.401017e-01
3.496000e+02 -1.523731e+02 5.810066e-01
3.496000e+02 -1.535497e+02 5.590893e-01
3.496000e+02 -1.537948e+02 5.378629e-01
3.496000e+02 -1.542092e+02 5.196910e-01
3.496000e+02 -1.525404e+02 6.853198e-01
3.496000e+02 -1.533678e+02 6.044894e-01
3.496000e+02 -1.528786e+02 5.249789e-01
3.496000e+02 -1.531542e+02 5.479637e-01
3.496000e+02 -1.527196e+02 5.948511e-01
3.496000e+02 -1.540162e+02 5.186461e-01
3.496000e+02 -1.535946e+02 5.504814e-01
3.496000e+02 -1.530744e+02 5.767088e-01
3.496000e+02 -1.539346e+02 6.057558e-01
3.496000e+02 -1.538492e+02 5.078914e-01
3.496000e+02 -1.530926e+02 5.439376e-01
3.496000e+02 -1.538010e+02 5.479038e-01
3.496000e+02 -1.525952e+02 6.063211e-01
3.496000e+02 -1.538509e+02 5.899984e-01
3.498000e+02 -1.573978e+02 5.289672e-01
3.498000e+02 -1.586425e+02 5.815339e-01
3.498000e+02 -1.574807e+02 6.136859e-01
3.498000e+02 -1.587388e+02 5.346481e-01
3.498000e+02 -1.576458e+02 5.841792e-01
3.498000e+02 -1.585304e+02 5.786556e-01
3.498000e+02 -1.577418e+02 6.005763e-01
3.498000e+02 -1.572953e+02 6.033647e-01
3.498000e+02 -1.585590e+02 5.706623e-01
3.498000e+02 -1.587158e+02 5.880889e-01
3.498000e+02 -1.581800e+02 5.475449e-01
3.498000e+02 -1.577300e+02 5.972752e-01
3.498000e+02 -1.586841e+02 6.642886e-01
3.498000e+02 -1.590790e+02 5.616115e-01
3.498000e+02 -1.589725e+02 5.754278e-01
3.498000e+02 -1.584084e+02 6.039541e-01
3.498000e+02 -1.598317e+02 5.104552e-01
3.498000e+02 -1.579378e+02 5.451336e-01
3.498000e+02 -1.581684e+02 5.889035e-01
3.498000e+02 -1.591911e+02 5.680773e-01
3.500000e+02 -1.631249e+02 6.192835e-01
3.500000e+02 -1.623912e+02 6.492732e-01
3.500000e+02 -1.630444e+02 5.624608e-01
3.500000e+02 -1.629444e+02 6.277668e-01
3.500000e+02 -1.631911e+02 5.784784e-01
3.500000e+02 -1.618788e+02 5.847424e-01
3.500000e+02 -1.637543e+02 5.729934e-01
3.500000e+02 -1.634987e+02 6.109522e-01
3.500000e+02 -1.632388e+02 5.664754e-01
3.500000e+02 -1.634338e+02 6.099959e-01
3.500000e+02 -1.638244e+02 5.989562e-01
3.500000e+02 -1.630131e+02 5.420963e-01
3.500000e+02 -1.635514e+02 6.578995e-01
3.500000e+02 -1.629578e+02 5.990374e-01
3.500000e+02 -1.632400e+02 5.979081e-01
3.500000e+02 -1.636523e+02 6.219222e-01
3.500000e+02 -1.629365e+02 6.019563e-01
3.500000e+02 -1.631940e+02 5.901025e-01
3.500000e+02 -1.638532e+02 5.920441e-01
3.500000e+02 -1.626121e+02 6.502335e-01
3.510000e+02 -1.860614e+02 6.841371e-01
3.510000e+02 -1.849398e+02 8.136383e-01
3.510000e+02 -1.860444e+02 6.400874e-01
3.510000e+02 -1.846811e+02 6.810095e-01
3.510000e+02 -1.851702e+02 7.246088e-01
3.510000e+02 -1.855547e+02 6.211958e-01
3.510000e+02 -1.841770e+02 7.463523e-01
3.510000e+02 -1.855668e+02 7.034490e-01
3.510000e+02 -1.857182e+02 6.893145e-01
3.510000e+02 -1.859841e+02 6.974345e-01
3.510000e+02 -1.846963e+02 8.281192e-01
3.510000e+02 -1.858477e+02 6.485979e-01
3.510000e+02 -1.857619e+02 6.421091e-01
3.510000e+02 -1.854979e+02 6.855126e-01
3.510000e+02 -1.849231e+02 7.441430e-01
3.510000e+02 -1.849821e+02 8.262802e-01
3.510000e+02 -1.867524e+02 6.220941e-01
3.510000e+02 -1.859849e+02 6.648410e-01
3.510000e+02 -1.849918e+02 7.156735e-01
3.520000e+02 -2.049108e+02 7.865138e-01
3.520000e+02 -2.053092e+02 7.940036e-01
3.520000e+02 -2.067766e+02 7.731695e-01
3.520000e+02 -2.063966e+02 9.784439e-01
3.520000e+02 -2.053044e+02 8.395322e-01
3.520000e+02 -2.054017e+02 7.292826e-01
3.520000e+02 -2.050916e+02 7.650748e-01
3.520000e+02 -2.065513e+02 7.989828e-01
3.520000e+02 -2.057913e+02 7.999427e-01
3.520000e+02 -2.061179e+02 7.310882e-01
3.520000e+02 -2.051492e+02 7.818510e-01
3.520000e+02 -2.065923e+02 8.001093e-01
3.520000e+02 -2.059200e+02 7.179739e-01
3.520000e+02 -2.065738e+02 7.360521e-01
3.520000e+02 -2.044307e+02 8.248548e-01
3.520000e+02 -2.062934e+02 7.258695e-01
3.520000e+02 -2.047682e+02 9.372697e-01
3.520000e+02 -2.056789e+02 8.286227e-01
3.520000e+02 -2.052494e+02 7.207189e-01
3.520000e+02 -2.056642e+02 7.294851e-01
3.530000e+02 -2.240808e+02 9.389966e-01
3.530000e+02 -2.231525e+02 9.872621e-01
3.530000e+02 -2.245101e+02 9.681701e-01
3.530000e+02 -2.228194e+02 1.018004e+00
3.530000e+02 -2.234235e+02 8.985173e-01
3.530000e+02 -2.256520e+02 8.455034e-01
3.530000e+02 -2.252337e+02 8.622528e-01
3.530000e+02 -2.253185e+02 8.100421e-01
3.530000e+02 -2.246801e+02 8.162766e-01
3.530000e+02 -2.237125e+02 1.066904e+00
3.530000e+02 -2.249510e+02 8.497136e-01
3.530000e+02 -2.241350e+02 8.476308e-01
3.530000e+02 -2.240756e+02 9.308907e-01
3.530000e+02 -2.251879e+02 9.243115e-01
3.530000e+02 -2.227985e+02 9.528516e-01
3.530000e+02 -2.251630e+02 8.038549e-01
3.530000e+02 -2.241799e+02 9.320436e-01
3.530000e+02 -2.239452e+02 8.601823e-01
3.530000e+02 -2.235151e+02 8.792027e-01
3.540000e+02 -2.423202e+02 1.004830e+00
3.540000e+02 -2.432329e+02 9.565417e-01
3.540000e+02 -2.424105e+02 1.152773e+00
3.540000e+02 -2.427781e+02 8.889312e-01
3.540000e+02 -2.429913e+02 8.469084e-01
3.540000e+02 -2.436642e+02 8.947993e-01
3.540000e+02 -2.431707e+02 1.022030e+00
3.540000e+02 -2.404424e+02 1.007122e+00
3.540000e+02 -2.422344e+02 1.039880e+00
3.540000e+02 -2.444476e+02 8.920721e-01
3.540000e+02 -2.428167e+02 9.030521e-01
3.540000e+02 -2.434147e+02 1.012894e+00
3.540000e+02 -2.432903e+02 9.467393e-01
3.540000e+02 -2.442129e+02 9.320578e-01
3.540000e+02 -2.432763e+02 9.627228e-01
3.540000e+02 -2.427074e+02 9.780971e-01
3.540000e+02 -2.415674e+02 9.179076e-01
3.540000e+02 -2.415974e+02 1.090902e+00
3.540000e+02 -2.437553e+02 9.034082e-01
3.550000e+02 -2.590740e+02 1.076505e+00
3.550000e+02 -2.593607e+02 1.030470e+00
3.550000e+02 -2.586528e+02 1.102080e+00
3.550000e+02 -2.591875e+02 1.048812e+00
3.550000e+02 -2.591438e+02 1.006222e+00
3.550000e+02 -2.576339e+02 1.204638e+00
3.550000e+02 -2.570565e+02 1.205198e+00
3.550000e+02 -2.593738e+02 9.844024e-01
3.550000e+02 -2.593326e+02 1.129708e+00
3.550000e+02 -2.572428e+02 1.068370e+00
3.550000e+02 -2.588263e+02 1.039512e+00
3.550000e+02 -2.600294e+02 1.180654e+00
3.550000e+02 -2.591920e+02 9.944073e-01
3.550000e+02 -2.596004e+02 1.039499e+00
3.550000e+02 -2.579013e+02 9.999360e-01
3.550000e+02 -2.588918e+02 1.229457e+00
3.550000e+02 -2.604968e+02 9.898559e-01
3.550000e+02 -2.596927e+02 1.082981e+00
3.550000e+02 -2.599627e+02 1.085685e+00
3.550000e+02 -2.585701e+02 1.045648e+00
3.560000e+02 -2.770412e+02 1.032057e+00
3.560000e+02 -2.769785e+02 1.263608e+00
3.560000e+02 -2.738687e+02 1.150168e+00
3.560000e+02 -2.751934e+02 1.043236e+00
3.560000e+02 -2.728072e+02 1.135221e+00
3.560000e+02 -2.752802e+02 1.145696e+00
3.560000e+02 -2.734022e+02 1.201565e+00
3.560000e+02 -2.767790e+02 1.025324e+00
3.560000e+02 -2.763986e+02 1.059893e+00
3.560000e+02 -2.752381e+02 1.145641e+00
3.560000e+02 -2.758405e+02 1.113795e+00
3.560000e+02 -2.736324e+02 1.172787e+00
3.560000e+02 -2.776400e+02 1.042053e+00
3.560000e+02 -2.763854e+02 1.060151e+00
3.560000e+02 -2.748696e+02 1.274342e+00
3.560000e+02 -2.745456e+02 1.075911e+00
3.560000e+02 -2.766877e+02 1.055413e+00
3.560000e+02 -2.738331e+02 1.043861e+00
3.560000e+02 -2.747630e+02 1.115190e+00
3.570000e+02 -2.903753e+02 1.329965e+00
3.570000e+02 -2.914946e+02 1.140264e+00
3.570000e+02 -2.909364e+02 1.196696e+00
3.570000e+02 -2.909070e+02 1.158062e+00
3.570000e+02 -2.878863e+02 1.341402e+00
3.570000e+02 -2.891446e+02 1.152140e+00
3.570000e+02 -2.904303e+02 1.199209e+00
3.570000e+02 -2.878811e+02 1.315263e+00
3.570000e+02 -2.900405e+02 1.148867e+00
3.570000e+02 -2.928428e+02 1.222131e+00
3.570000e+02 -2.928949e+02 1.129649e+00
3.570000e+02 -2.903245e+02 1.178937e+00
3.570000e+02 -2.907369e+02 1.325720e+00
3.570000e+02 -2.902075e+02 1.204866e+00
3.570000e+02 -2.912007e+02 1.094862e+00
3.570000e+02 -2.911919e+02 1.150875e+00
3.570000e+02 -2.893617e+02 1.221899e+00
3.570000e+02 -2.888220e+02 1.356503e+00
3.570000e+02 -2.924333e+02 1.140715e+00
3.570000e+02 -2.897272e+02 1.211224e+00
3.580000e+02 -3.041320e+02 1.276331e+00
3.580000e+02 -3.051198e+02 1.255938e+00
3.580000e+02 -3.049355e+02 1.198318e+00
3.580000e+02 -3.031616e+02 1.353634e+00
3.580000e+02 -3.042365e+02 1.309748e+00
3.580000e+02 -3.048124e+02 1.537202e+00
3.580000e+02 -3.037073e+02 1.317274e+00
3.580000e+02 -3.042424e+02 1.336579e+00
3.580000e+02 -3.028800e+02 1.376009e+00
3.580000e+02 -3.021634e+02 1.206329e+00
3.580000e+02 -3.040056e+02 1.198249e+00
3.580000e+02 -3.010689e+02 1.380682e+00
3.580000e+02 -3.055918e+02 1.260538e+00
3.580000e+02 -3.047141e+02 1.233859e+00
3.580000e+02 -3.062111e+02 1.319225e+00
3.580000e+02 -3.047649e+02 1.226631e+00
3.580000e+02 -3.038465e+02 1.148558e+00
3.580000e+02 -3.009352e+02 1.463141e+00
3.580000e+02 -3.023085e+02 1.487814e+00
3.580000e+02 -3.047923e+02 1.290149e+00
3.590000e+02 -3.169621e+02 1.309540e+00
3.590000e+02 -3.178603e+02 1.352166e+00
3.590000e+02 -3.170997e+02 1.341388e+00
3.590000e+02 -3.185952e+02 1.358465e+00
3.590000e+02 -3.162876e+02 1.313520e+00
3.590000e+02 -3.171593e+02 1.430322e+00
3.590000e+02 -3.156426e+02 1.261242e+00
3.590000e+02 -3.185681e+02 1.447081e+00
3.590000e+02 -3.139066e+02 1.572969e+00
3.590000e+02 -3.196863e+02 1.200062e+00
3.590000e+02 -3.190030e+02 1.464054e+00
3.590000e+02 -3.183346e+02 1.684035e+00
3.590000e+02 -3.193517e+02 1.274041e+00
3.590000e+02 -3.138494e+02 1.406339e+00
3.590000e+02 -3.168029e+02 1.307245e+00
3.590000e+02 -3.176446e+02 1.425679e+00
3.590000e+02 -3.177120e+02 1.415859e+00
3.590000e+02 -3.165403e+02 1.464541e+00
3.590000e+02 -3.173669e+02 1.205514e+00
3.600000e+02 -3.271785e+02 1.621871e+00
3.600000e+02 -3.279267e+02 1.476738e+00
3.600000e+02 -3.307483e+02 1.455204e+00
3.600000e+02 -3.304082e+02 1.370756e+00
3.600000e+02 -3.297911e+02 1.399196e+00
3.600000e+02 -3.313419e+02 1.336962e+00
3.600000e+02 -3.303146e+02 1.412409e+00
3.600000e+02 -3.295811e+02 1.667065e+00
3.600000e+02 -3.289635e+02 1.524563e+00
3.600000e+02 -3.294406e+02 1.458417e+00
3.600000e+02 -3.324177e+02 1.299407e+00
3.600000e+02 -3.327357e+02 1.411399e+00
3.600000e+02 -3.301514e+02 1.463821e+00
3.600000e+02 -3.299395e+02 1.513063e+00
3.600000e+02 -3.312042e+02 1.416461e+00
3.600000e+02 -3.292092e+02 1.587494e+00
3.600000e+02 -3.283635e+02 1.546711e+00
3.600000e+02 -3.300772e+02 1.336118e+00
3.650000e+02 -3.907020e+02 1.820556e+00
3.650000e+02 -3.861514e+02 1.771878e+00
3.650000e+02 -3.852860e+02 1.748309e+00
3.650000e+02 -3.860572e+02 1.848796e+00
3.650000e+02 -3.847084e+02 1.788673e+00
3.650000e+02 -3.877818e+02 1.655426e+00
3.650000e+02 -3.844067e+02 1.890054e+00
3.650000e+02 -3.865650e+02 1.839830e+00
3.650000e+02 -3.871087e+02 1.907314e+00
3.650000e+02 -3.874552e+02 1.851692e+00
3.650000e+02 -3.856645e+02 1.939929e+00
3.650000e+02 -3.857682e+02 1.794504e+00
3.650000e+02 -3.808682e+02 2.277634e+00
3.650000e+02 -3.906266e+02 1.947845e+00
3.650000e+02 -3.861613e+02 1.844788e+00
3.650000e+02 -3.887098e+02 1.620604e+00
3.650000e+02 -3.852419e+02 1.860035e+00
3.650000e+02 -3.868009e+02 2.227701e+00
3.650000e+02 -3.841178e+02 1.864705e+00
3.700000e+02 -4.350226e+02 2.130087e+00
3.700000e+02 -4.349381e+02 1.793066e+00
3.700000e+02 -4.341308e+02 2.011766e+00
3.700000e+02 -4.309632e+02 2.173683e+00
3.700000e+02 -4.365517e+02 2.023331e+00
3.700000e+02 -4.327657e+02 2.023041e+00
3.700000e+02 -4.294950e+02 2.379328e+00
3.700000e+02 -4.320576e+02 2.279863e+00
3.700000e+02 -4.295312e+02 2.655878e+00
3.700000e+02 -4.325037e+02 2.271351e+00
3.700000e+02 -4.326239e+02 2.149485e+00
3.700000e+02 -4.300536e+02 2.324949e+00
3.700000e+02 -4.320751e+02 2.287210e+00
3.700000e+02 -4.339094e+02 1.948932e+00
3.700000e+02 -4.292969e+02 2.206836e+00
3.700000e+02 -4.292570e+02 2.256321e+00
3.700000e+02 -4.266643e+02 2.561965e+00
3.700000e+02 -4.306053e+02 2.266510e+00
3.700000e+02 -4.374821e+02 1.948736e+00
3.700000e+02 -4.315722e+02 2.364033e+00
3.750000e+02 -4.746918e+02 2.223298e+00
3.750000e+02 -4.758709e+02 2.159143e+00
3.750000e+02 -4.741364e+02 2.655895e+00
3.750000e+02 -4.738206e+02 2.381411e+00
3.750000e+02 -4.700324e+02 2.159013e+00
3.750000e+02 -4.716156e+02 2.432840e+00
3.750000e+02 -4.737257e+02 2.265373e+00
3.750000e+02 -4.672938e+02 2.583002e+00
3.750000e+02 -4.703574e+02 2.387944e+00
3.750000e+02 -4.711111e+02 2.225847e+00
3.750000e+02 -4.735682e+02 2.410409e+00
3.750000e+02 -4.708464e+02 2.988128e+00
3.750000e+02 -4.693532e+02 2.232712e+00
3.750000e+02 -4.745088e+02 2.267452e+00
3.750000e+02 -4.714649e+02 3.059533e+00
3.750000e+02 -4.713151e+02 2.510933e+00
3.750000e+02 -4.701981e+02 2.490247e+00
3.750000e+02 -4.758957e+02 2.474041e+00
3.750000e+02 -4.707626e+02 2.886280e+00
3.750000e+02 -4.686959e+02 2.798598e+00
3.800000e+02 -5.003986e+02 3.004002e+00
3.800000e+02 -5.006879e+02 2.979192e+00
3.800000e+02 -5.005988e+02 3.272863e+00
3.800000e+02 -5.006324e+02 3.903676e+00
3.800000e+02 -5.037029e+02 3.268857e+00
3.800000e+02 -5.064457e+02 2.748100e+00
3.800000e+02 -5.013015e+02 2.647045e+00
3.800000e+02 -5.081489e+02 2.521185e+00
3.800000e+02 -5.026917e+02 2.736769e+00
3.800000e+02 -5.021120e+02 2.388814e+00
3.800000e+02 -5.018418e+02 2.749874e+00
3.800000e+02 -5.053825e+02 2.508457e+00
3.800000e+02 -4.973924e+02 2.891417e+00
3.800000e+02 -5.013412e+02 2.927743e+00
3.800000e+02 -5.055387e+02 2.782222e+00
3.800000e+02 -5.035424e+02 2.958398e+00
3.800000e+02 -5.042705e+02 2.567733e+00
3.800000e+02 -5.052027e+02 3.049263e+00
3.800000e+02 -5.044410e+02 2.952008e+00
3.800000e+02 -5.040830e+02 2.681951e+00
3.850000e+02 -5.252655e+02 3.285246e+00
3.850000e+02 -5.310084e+02 2.836227e+00
3.850000e+02 -5.317138e+02 2.788976e+00
3.850000e+02 -5.333316e+02 2.797928e+00
3.850000e+02 -5.349557e+02 2.600434e+00
3.850000e+02 -5.290687e+02 3.038627e+00
3.850000e+02 -5.284153e+02 3.421615e+00
3.850000e+02 -5.329014e+02 2.533380e+00
3.850000e+02 -5.306946e+02 2.917141e+00
3.850000e+02 -5.309747e+02 3.163374e+00
3.850000e+02 -5.299484e+02 3.259232e+00
3.850000e+02 -5.339765e+02 2.618093e+00
3.850000e+02 -5.318982e+02 3.023241e+00
3.850000e+02 -5.294558e+02 3.276588e+00
3.850000e+02 -5.291815e+02 3.303364e+00
3.850000e+02 -5.279594e+02 3.162383e+00
3.850000e+02 -5.291811e+02 2.800482e+00
3.850000e+02 -5.314279e+02 2.756677e+00
3.850000e+02 -5.315075e+02 2.693120e+00
3.850000e+02 -5.324464e+02 2.876596e+00
