3.250000e+02 7.774241e+00 1.811962e-02
3.250000e+02 7.791860e+00 1.806223e-02
3.250000e+02 7.755038e+00 1.821586e-02
3.250000e+02 7.836579e+00 1.825966e-02
3.250000e+02 7.802288e+00 1.826379e-02
3.250000e+02 7.764890e+00 1.813404e-02
3.250000e+02 7.792088e+00 1.838648e-02
3.250000e+02 7.785086e+00 1.804257e-02
3.250000e+02 7.819068e+00 1.827298e-02
3.250000e+02 7.793096e+00 1.809489e-02
3.250000e+02 7.782371e+00 1.814737e-02
3.250000e+02 7.775530e+00 1.820191e-02
3.250000e+02 7.778245e+00 1.826299e-02
3.250000e+02 7.778537e+00 1.820161e-02
3.250000e+02 7.793428e+00 1.788326e-02
3.260000e+02 8.253914e+00 1.960190e-02
3.260000e+02 8.299456e+00 1.940961e-02
3.260000e+02 8.229247e+00 1.949783e-02
3.260000e+02 8.230452e+00 1.890040e-02
3.260000e+02 8.232868e+00 1.973754e-02
3.260000e+02 8.272375e+00 1.913307e-02
3.260000e+02 8.235212e+00 1.917451e-02
3.260000e+02 8.249045e+00 1.906826e-02
3.260000e+02 8.229855e+00 1.920962e-02
3.260000e+02 8.275973e+00 1.930680e-02
3.260000e+02 8.277408e+00 1.931409e-02
3.260000e+02 8.225229e+00 1.957907e-02
3.260000e+02 8.265361e+00 1.954489e-02
3.260000e+02 8.284603e+00 1.909352e-02
3.260000e+02 8.280649e+00 1.943450e-02
3.260000e+02 8.259625e+00 1.944305e-02
3.260000e+02 8.255058e+00 1.940731e-02
3.260000e+02 8.234240e+00 1.946868e-02
3.260000e+02 8.238959e+00 1.934998e-02
3.270000e+02 8.740200e+00 2.021505e-02
3.270000e+02 8.772121e+00 2.060450e-02
3.270000e+02 8.733854e+00 2.061419e-02
3.270000e+02 8.764120e+00 2.062997e-02
3.270000e+02 8.770323e+00 2.039366e-02
3.270000e+02 8.798988e+00 2.054875e-02
3.270000e+02 8.743465e+00 2.098668e-02
3.270000e+02 8.722232e+00 2.048525e-02
3.270000e+02 8.738530e+00 2.047209e-02
3.270000e+02 8.723577e+00 2.068676e-02
3.270000e+02 8.769503e+00 2.055864e-02
3.270000e+02 8.697021e+00 2.047990e-02
3.270000e+02 8.751909e+00 2.048925e-02
3.270000e+02 8.769553e+00 2.083458e-02
3.270000e+02 8.746791e+00 2.061011e-02
3.270000e+02 8.746093e+00 2.052097e-02
3.270000e+02 8.754851e+00 2.035575e-02
3.270000e+02 8.754503e+00 2.047158e-02
3.270000e+02 8.788719e+00 2.050270e-02
3.270000e+02 8.751139e+00 2.043792e-02
3.280000e+02 9.305527e+00 2.187815e-02
3.280000e+02 9.284951e+00 2.186426e-02
3.280000e+02 9.304107e+00 2.202029e-02
3.280000e+02 9.285537e+00 2.204150e-02
3.280000e+02 9.297640e+00 2.196392e-02
3.280000e+02 9.293248e+00 2.185559e-02
3.280000e+02 9.281223e+00 2.172092e-02
3.280000e+02 9.291789e+00 2.246134e-02
3.280000e+02 9.271900e+00 2.191204e-02
3.280000e+02 9.295759e+00 2.194407e-02
3.280000e+02 9.270816e+00 2.204147e-02
3.280000e+02 9.278895e+00 2.200506e-02
3.280000e+02 9.290149e+00 2.160471e-02
3.280000e+02 9.306977e+00 2.156553e-02
3.280000e+02 9.266043e+00 2.217347e-02
3.280000e+02 9.305880e+00 2.168865e-02
3.280000e+02 9.296746e+00 2.155209e-02
3.280000e+02 9.278869e+00 2.198037e-02
3.280000e+02 9.316709e+00 2.199540e-02
3.290000e+02 9.912405e+00 2.349986e-02
3.290000e+02 9.916596e+00 2.338588e-02
3.290000e+02 9.940542e+00 2.366555e-02
3.290000e+02 9.888584e+00 2.318346e-02
3.290000e+02 9.880958e+00 2.313333e-02
3.290000e+02 9.914538e+00 2.338669e-02
3.290000e+02 9.897274e+00 2.327672e-02
3.290000e+02 9.854165e+00 2.325248e-02
3.290000e+02 9.914000e+00 2.369950e-02
3.290000e+02 9.879923e+00 2.345235e-02
3.290000e+02 9.916099e+00 2.325253e-02
3.290000e+02 9.871057e+00 2.322270e-02
3.290000e+02 9.908270e+00 2.367270e-02
3.290000e+02 9.891464e+00 2.303724e-02
3.290000e+02 9.942240e+00 2.354996e-02
3.290000e+02 9.918221e+00 2.344375e-02
3.290000e+02 9.892968e+00 2.356269e-02
3.290000e+02 9.875133e+00 2.368116e-02
3.290000e+02 9.899734e+00 2.346956e-02
3.290000e+02 9.884787e+00 2.334592e-02
3.300000e+02 1.053445e+01 2.538516e-02
3.300000e+02 1.057887e+01 2.546786e-02
3.300000e+02 1.058423e+01 2.493167e-02
3.300000e+02 1.057058e+01 2.528810e-02
3.300000e+02 1.060032e+01 2.473711e-02
3.300000e+02 1.057348e+01 2.495884e-02
3.300000e+02 1.060490e+01 2.525267e-02
3.300000e+02 1.057660e+01 2.495674e-02
3.300000e+02 1.054382e+01 2.494391e-02
3.300000e+02 1.056366e+01 2.520533e-02
3.300000e+02 1.055399e+01 2.482007e-02
3.300000e+02 1.055183e+01 2.496235e-02
3.300000e+02 1.054775e+01 2.516995e-02
3.300000e+02 1.056786e+01 2.503922e-02
3.300000e+02 1.055249e+01 2.528426e-02
3.300000e+02 1.054601e+01 2.515671e-02
3.300000e+02 1.054479e+01 2.517290e-02
3.300000e+02 1.050940e+01 2.502246e-02
3.300000e+02 1.055528e+01 2.507134e-02
3.300000e+02 1.053196e+01 2.503675e-02
3.310000e+02 1.129834e+01 2.712502e-02
3.310000e+02 1.127801e+01 2.727700e-02
3.310000e+02 1.131999e+01 2.688278e-02
3.310000e+02 1.130456e+01 2.732300e-02
3.310000e+02 1.130019e+01 2.714907e-02
3.310000e+02 1.125257e+01 2.689629e-02
3.310000e+02 1.132323e+01 2.696531e-02
3.310000e+02 1.129070e+01 2.689469e-02
3.310000e+02 1.137198e+01 2.742976e-02
3.310000e+02 1.131033e+01 2.727723e-02
3.310000e+02 1.130587e+01 2.686388e-02
3.310000e+02 1.129956e+01 2.721758e-02
3.310000e+02 1.131393e+01 2.698223e-02
3.310000e+02 1.133017e+01 2.706178e-02
3.310000e+02 1.129435e+01 2.681163e-02
3.310000e+02 1.131608e+01 2.737526e-02
3.310000e+02 1.126841e+01 2.708119e-02
3.310000e+02 1.130945e+01 2.685828e-02
3.310000e+02 1.132119e+01 2.685876e-02
3.310000e+02 1.130825e+01 2.706933e-02
3.320000e+02 1.212276e+01 2.943250e-02
3.320000e+02 1.212656e+01 2.906365e-02
3.320000e+02 1.213957e+01 2.944507e-02
3.320000e+02 1.218896e+01 2.957588e-02
3.320000e+02 1.215694e+01 2.911110e-02
3.320000e+02 1.215561e+01 2.921719e-02
3.320000e+02 1.218343e+01 2.912722e-02
3.320000e+02 1.212838e+01 2.896803e-02
3.320000e+02 1.217208e+01 2.950440e-02
3.320000e+02 1.216782e+01 3.025961e-02
3.320000e+02 1.222356e+01 2.955800e-02
3.320000e+02 1.214975e+01 2.887032e-02
3.320000e+02 1.215250e+01 2.892385e-02
3.320000e+02 1.217157e+01 2.935559e-02
3.320000e+02 1.215347e+01 2.919842e-02
3.320000e+02 1.215514e+01 2.946968e-02
3.320000e+02 1.215720e+01 2.906406e-02
3.320000e+02 1.217575e+01 2.886442e-02
3.320000e+02 1.217160e+01 2.924698e-02
3.320000e+02 1.213738e+01 3.027002e-02
3.330000e+02 1.311322e+01 3.169760e-02
3.330000e+02 1.309845e+01 3.182693e-02
3.330000e+02 1.305110e+01 3.157170e-02
3.330000e+02 1.310212e+01 3.161094e-02
3.330000e+02 1.308463e+01 3.101753e-02
3.330000e+02 1.305003e+01 3.149396e-02
3.330000e+02 1.302357e+01 3.152870e-02
3.330000e+02 1.309594e+01 3.156594e-02
3.330000e+02 1.312092e+01 3.201700e-02
3.330000e+02 1.307732e+01 3.203675e-02
3.330000e+02 1.308542e+01 3.202309e-02
3.330000e+02 1.310998e+01 3.162415e-02
3.330000e+02 1.312846e+01 3.147510e-02
3.330000e+02 1.308503e+01 3.189414e-02
3.330000e+02 1.309269e+01 3.169180e-02
3.330000e+02 1.312286e+01 3.139441e-02
3.330000e+02 1.306788e+01 3.186685e-02
3.330000e+02 1.306420e+01 3.168697e-02
3.330000e+02 1.318657e+01 3.215931e-02
3.330000e+02 1.313999e+01 3.212029e-02
3.340000e+02 1.417744e+01 3.472408e-02
3.340000e+02 1.414295e+01 3.422800e-02
3.340000e+02 1.420162e+01 3.459825e-02
3.340000e+02 1.419807e+01 3.439254e-02
3.340000e+02 1.413966e+01 3.400379e-02
3.340000e+02 1.421164e+01 3.493469e-02
3.340000e+02 1.419640e+01 3.463150e-02
3.340000e+02 1.417382e+01 3.465005e-02
3.340000e+02 1.422344e+01 3.428597e-02
3.340000e+02 1.419849e+01 3.444960e-02
3.340000e+02 1.414996e+01 3.510465e-02
3.340000e+02 1.415051e+01 3.423332e-02
3.340000e+02 1.419345e+01 3.471550e-02
3.340000e+02 1.421509e+01 3.436474e-02
3.340000e+02 1.428167e+01 3.442620e-02
3.340000e+02 1.417211e+01 3.416661e-02
3.340000e+02 1.420397e+01 3.511813e-02
3.340000e+02 1.422236e+01 3.426611e-02
3.340000e+02 1.418164e+01 3.443770e-02
3.340000e+02 1.420802e+01 3.400339e-02
3.350000e+02 1.544647e+01 3.996505e-02
3.350000e+02 1.540560e+01 3.837513e-02
3.350000e+02 1.543276e+01 3.800692e-02
3.350000e+02 1.550135e+01 3.774298e-02
3.350000e+02 1.550469e+01 3.871666e-02
3.350000e+02 1.549112e+01 3.868123e-02
3.350000e+02 1.546544e+01 3.867117e-02
3.350000e+02 1.550473e+01 3.788391e-02
3.350000e+02 1.546024e+01 3.756908e-02
3.350000e+02 1.543667e+01 3.767998e-02
3.350000e+02 1.548210e+01 3.840173e-02
3.350000e+02 1.541089e+01 3.848218e-02
3.350000e+02 1.553097e+01 3.814074e-02
3.350000e+02 1.545104e+01 3.751681e-02
3.350000e+02 1.545539e+01 3.787165e-02
3.350000e+02 1.548962e+01 3.759325e-02
3.350000e+02 1.542190e+01 3.805669e-02
3.350000e+02 1.548664e+01 3.903812e-02
3.350000e+02 1.545138e+01 3.796511e-02
3.350000e+02 1.553492e+01 3.730911e-02
3.360000e+02 1.693064e+01 4.084036e-02
3.360000e+02 1.694021e+01 4.101835e-02
3.360000e+02 1.699831e+01 4.247596e-02
3.360000e+02 1.694879e+01 4.114958e-02
3.360000e+02 1.694752e+01 4.163901e-02
3.360000e+02 1.695739e+01 4.242945e-02
3.360000e+02 1.694204e+01 4.111901e-02
3.360000e+02 1.699788e+01 4.230510e-02
3.360000e+02 1.696345e+01 4.188824e-02
3.360000e+02 1.694165e+01 4.217618e-02
3.360000e+02 1.692114e+01 4.158981e-02
3.360000e+02 1.691785e+01 4.134874e-02
3.360000e+02 1.697726e+01 4.195743e-02
3.360000e+02 1.695983e+01 4.303057e-02
3.360000e+02 1.695823e+01 4.231942e-02
3.360000e+02 1.692827e+01 4.097315e-02
3.360000e+02 1.692452e+01 4.190938e-02
3.360000e+02 1.688382e+01 4.217854e-02
3.360000e+02 1.699154e+01 4.209928e-02
3.360000e+02 1.694372e+01 4.189767e-02
3.370000e+02 1.872204e+01 4.672992e-02
3.370000e+02 1.880373e+01 4.684755e-02
3.370000e+02 1.878857e+01 4.679929e-02
3.370000e+02 1.867139e+01 4.694455e-02
3.370000e+02 1.885634e+01 4.711014e-02
3.370000e+02 1.869928e+01 4.721913e-02
3.370000e+02 1.876860e+01 4.668438e-02
3.370000e+02 1.875782e+01 4.669979e-02
3.370000e+02 1.871506e+01 4.720665e-02
3.370000e+02 1.877742e+01 4.710226e-02
3.370000e+02 1.876498e+01 4.711702e-02
3.370000e+02 1.879078e+01 4.716271e-02
3.370000e+02 1.871795e+01 4.635935e-02
3.370000e+02 1.880732e+01 4.662643e-02
3.370000e+02 1.877475e+01 4.695536e-02
3.370000e+02 1.874140e+01 4.599066e-02
3.370000e+02 1.874873e+01 4.579583e-02
3.370000e+02 1.874701e+01 4.731879e-02
3.370000e+02 1.873079e+01 4.733145e-02
3.370000e+02 1.878815e+01 4.724747e-02
3.380000e+02 2.099136e+01 5.285608e-02
3.380000e+02 2.086948e+01 5.191224e-02
3.380000e+02 2.091915e+01 5.245515e-02
3.380000e+02 2.095269e+01 5.302799e-02
3.380000e+02 2.083334e+01 5.208672e-02
3.380000e+02 2.083384e+01 5.293927e-02
3.380000e+02 2.089367e+01 5.216664e-02
3.380000e+02 2.096864e+01 5.373785e-02
3.380000e+02 2.090465e+01 5.263965e-02
3.380000e+02 2.086101e+01 5.301341e-02
3.380000e+02 2.092840e+01 5.222525e-02
3.380000e+02 2.094904e+01 5.368324e-02
3.380000e+02 2.096291e+01 5.168355e-02
3.380000e+02 2.097459e+01 5.350691e-02
3.380000e+02 2.107933e+01 5.315517e-02
3.380000e+02 2.099480e+01 5.297073e-02
3.380000e+02 2.093804e+01 5.076506e-02
3.380000e+02 2.089893e+01 5.278151e-02
3.380000e+02 2.096789e+01 5.107348e-02
3.380000e+02 2.099318e+01 5.303603e-02
3.390000e+02 2.368687e+01 5.987640e-02
3.390000e+02 2.365292e+01 6.009472e-02
3.390000e+02 2.376677e+01 6.137949e-02
3.390000e+02 2.373077e+01 6.249422e-02
3.390000e+02 2.368543e+01 6.042858e-02
3.390000e+02 2.371769e+01 5.908972e-02
3.390000e+02 2.360373e+01 6.017581e-02
3.390000e+02 2.374669e+01 6.092972e-02
3.390000e+02 2.361204e+01 6.017209e-02
3.390000e+02 2.375889e+01 6.005596e-02
3.390000e+02 2.361939e+01 6.003083e-02
3.390000e+02 2.371170e+01 5.938953e-02
3.390000e+02 2.362749e+01 5.907518e-02
3.390000e+02 2.381609e+01 5.948361e-02
3.390000e+02 2.371562e+01 6.001146e-02
3.390000e+02 2.365640e+01 5.871886e-02
3.390000e+02 2.364033e+01 6.073905e-02
3.390000e+02 2.363933e+01 6.063364e-02
3.390000e+02 2.374249e+01 6.079700e-02
3.390000e+02 2.367877e+01 6.075122e-02
3.400000e+02 2.710005e+01 7.041437e-02
3.400000e+02 2.713479e+01 7.026490e-02
3.400000e+02 2.723694e+01 7.171110e-02
3.400000e+02 2.717443e+01 7.039442e-02
3.400000e+02 2.726878e+01 6.935478e-02
3.400000e+02 2.708536e+01 6.937501e-02
3.400000e+02 2.716997e+01 7.029495e-02
3.400000e+02 2.715225e+01 6.897458e-02
3.400000e+02 2.714174e+01 6.948930e-02
3.400000e+02 2.720493e+01 6.891396e-02
3.400000e+02 2.718675e+01 6.943994e-02
3.400000e+02 2.719022e+01 7.089243e-02
3.400000e+02 2.730296e+01 6.946133e-02
3.400000e+02 2.727043e+01 6.920304e-02
3.400000e+02 2.718310e+01 6.972280e-02
3.400000e+02 2.705808e+01 6.919549e-02
3.400000e+02 2.717364e+01 6.960712e-02
3.400000e+02 2.715009e+01 6.890085e-02
3.400000e+02 2.715899e+01 7.000557e-02
3.400000e+02 2.720767e+01 6.987261e-02
3.402000e+02 2.806440e+01 7.287462e-02
3.402000e+02 2.807569e+01 7.230303e-02
3.402000e+02 2.812409e+01 7.193843e-02
3.402000e+02 2.813172e+01 7.077666e-02
3.402000e+02 2.813021e+01 7.712279e-02
3.402000e+02 2.806905e+01 7.194885e-02
3.402000e+02 2.813378e+01 7.215464e-02
3.402000e+02 2.798420e+01 7.108028e-02
3.402000e+02 2.805943e+01 7.351173e-02
3.402000e+02 2.787925e+01 6.898860e-02
3.402000e+02 2.795543e+01 7.297189e-02
3.402000e+02 2.808250e+01 7.385742e-02
3.402000e+02 2.800686e+01 7.260251e-02
3.402000e+02 2.801601e+01 7.163733e-02
3.402000e+02 2.810551e+01 7.279866e-02
3.402000e+02 2.794746e+01 7.217196e-02
3.402000e+02 2.800842e+01 7.083591e-02
3.402000e+02 2.793101e+01 7.203970e-02
3.402000e+02 2.808438e+01 7.332834e-02
3.402000e+02 2.820039e+01 7.319669e-02
3.404000e+02 2.898511e+01 7.597581e-02
3.404000e+02 2.886488e+01 7.283726e-02
3.404000e+02 2.885841e+01 7.493685e-02
3.404000e+02 2.889565e+01 7.401978e-02
3.404000e+02 2.896845e+01 7.318772e-02
3.404000e+02 2.883576e+01 7.446643e-02
3.404000e+02 2.896953e+01 7.593244e-02
3.404000e+02 2.882339e+01 7.340163e-02
3.404000e+02 2.882363e+01 7.257394e-02
3.404000e+02 2.901052e+01 7.481235e-02
3.404000e+02 2.883152e+01 7.460902e-02
3.404000e+02 2.890204e+01 7.316873e-02
3.404000e+02 2.889917e+01 7.464754e-02
3.404000e+02 2.900807e+01 7.616761e-02
3.404000e+02 2.885656e+01 7.559018e-02
3.404000e+02 2.882349e+01 7.461309e-02
3.404000e+02 2.901609e+01 7.443757e-02
3.404000e+02 2.882552e+01 7.427026e-02
3.404000e+02 2.895563e+01 7.499152e-02
3.404000e+02 2.886288e+01 7.645593e-02
3.406000e+02 2.985544e+01 7.570681e-02
3.406000e+02 2.991282e+01 7.735509e-02
3.406000e+02 2.989361e+01 7.978559e-02
3.406000e+02 2.985881e+01 7.719831e-02
3.406000e+02 2.978269e+01 7.703011e-02
3.406000e+02 2.979728e+01 7.831857e-02
3.406000e+02 2.980567e+01 7.673462e-02
3.406000e+02 2.982195e+01 7.697355e-02
3.406000e+02 2.980640e+01 7.576327e-02
3.406000e+02 2.985891e+01 8.024820e-02
3.406000e+02 2.981362e+01 7.736654e-02
3.406000e+02 2.986609e+01 7.715169e-02
3.406000e+02 2.972625e+01 7.673154e-02
3.406000e+02 2.981955e+01 7.446750e-02
3.406000e+02 2.977145e+01 7.879824e-02
3.406000e+02 2.990883e+01 7.618790e-02
3.406000e+02 2.972969e+01 7.846032e-02
3.406000e+02 2.990875e+01 7.645950e-02
3.406000e+02 2.982020e+01 7.815041e-02
3.406000e+02 2.980184e+01 7.793825e-02
3.408000e+02 3.073555e+01 7.876279e-02
3.408000e+02 3.094196e+01 7.875779e-02
3.408000e+02 3.075228e+01 8.017640e-02
3.408000e+02 3.086070e+01 7.909754e-02
3.408000e+02 3.079804e+01 8.016822e-02
3.408000e+02 3.091436e+01 7.954994e-02
3.408000e+02 3.088044e+01 8.152329e-02
3.408000e+02 3.069624e+01 8.046355e-02
3.408000e+02 3.070828e+01 8.288905e-02
3.408000e+02 3.097416e+01 7.824106e-02
3.408000e+02 3.084716e+01 7.901545e-02
3.408000e+02 3.086527e+01 8.133296e-02
3.408000e+02 3.077925e+01 7.789417e-02
3.408000e+02 3.084413e+01 7.956328e-02
3.408000e+02 3.088022e+01 8.021384e-02
3.408000e+02 3.066096e+01 7.659511e-02
3.408000e+02 3.078404e+01 7.858425e-02
3.408000e+02 3.071786e+01 8.043402e-02
3.408000e+02 3.074814e+01 7.968703e-02
3.408000e+02 3.087606e+01 7.796892e-02
3.410000e+02 3.191145e+01 8.331773e-02
3.410000e+02 3.199316e+01 8.308048e-02
3.410000e+02 3.181253e+01 8.196484e-02
3.410000e+02 3.190254e+01 8.345585e-02
3.410000e+02 3.188137e+01 8.098822e-02
3.410000e+02 3.191521e+01 8.297922e-02
3.410000e+02 3.195715e+01 8.352206e-02
3.410000e+02 3.175145e+01 8.126296e-02
3.410000e+02 3.195762e+01 8.986259e-02
3.410000e+02 3.181633e+01 8.208823e-02
3.410000e+02 3.180432e+01 7.974205e-02
3.410000e+02 3.187616e+01 8.339599e-02
3.410000e+02 3.208283e+01 8.308646e-02
3.410000e+02 3.167656e+01 8.399719e-02
3.410000e+02 3.191621e+01 8.424113e-02
3.410000e+02 3.206022e+01 8.377123e-02
3.410000e+02 3.188819e+01 8.103712e-02
3.410000e+02 3.186788e+01 8.261863e-02
3.410000e+02 3.184484e+01 8.263734e-02
3.410000e+02 3.185148e+01 8.290584e-02
3.412000e+02 3.315985e+01 8.753397e-02
3.412000e+02 3.306948e+01 8.539551e-02
3.412000e+02 3.306704e+01 8.385275e-02
3.412000e+02 3.287085e+01 8.541147e-02
3.412000e+02 3.299778e+01 8.363468e-02
3.412000e+02 3.311342e+01 8.566635e-02
3.412000e+02 3.307962e+01 8.625102e-02
3.412000e+02 3.312489e+01 9.780098e-02
3.412000e+02 3.298998e+01 8.703145e-02
3.412000e+02 3.306826e+01 9.148067e-02
3.412000e+02 3.286566e+01 8.264175e-02
3.412000e+02 3.300343e+01 8.441185e-02
3.412000e+02 3.290248e+01 8.505053e-02
3.412000e+02 3.312611e+01 8.952129e-02
3.412000e+02 3.286387e+01 8.583641e-02
3.412000e+02 3.294517e+01 8.632987e-02
3.412000e+02 3.302031e+01 8.513539e-02
3.412000e+02 3.290745e+01 8.539595e-02
3.412000e+02 3.316871e+01 9.155914e-02
3.412000e+02 3.290803e+01 8.563716e-02
3.414000e+02 3.413045e+01 8.634698e-02
3.414000e+02 3.440721e+01 8.856420e-02
3.414000e+02 3.423844e+01 8.964272e-02
3.414000e+02 3.425742e+01 9.050547e-02
3.414000e+02 3.433176e+01 8.707442e-02
3.414000e+02 3.409395e+01 8.949166e-02
3.414000e+02 3.431791e+01 8.863855e-02
3.414000e+02 3.413908e+01 8.859091e-02
3.414000e+02 3.429035e+01 8.800924e-02
3.414000e+02 3.435028e+01 8.803075e-02
3.414000e+02 3.442139e+01 8.816224e-02
3.414000e+02 3.430148e+01 8.775518e-02
3.414000e+02 3.422080e+01 8.921913e-02
3.414000e+02 3.413872e+01 8.887651e-02
3.414000e+02 3.425545e+01 8.936409e-02
3.414000e+02 3.425563e+01 9.056225e-02
3.414000e+02 3.425533e+01 8.891642e-02
3.414000e+02 3.426606e+01 8.739307e-02
3.414000e+02 3.409784e+01 8.685564e-02
3.414000e+02 3.421169e+01 8.815192e-02
3.416000e+02 3.553070e+01 9.273263e-02
3.416000e+02 3.546601e+01 9.158622e-02
3.416000e+02 3.548180e+01 9.258759e-02
3.416000e+02 3.540207e+01 9.208040e-02
3.416000e+02 3.544714e+01 9.272306e-02
3.416000e+02 3.541532e+01 9.113991e-02
3.416000e+02 3.560821e+01 9.514813e-02
3.416000e+02 3.566320e+01 9.124764e-02
3.416000e+02 3.572020e+01 9.356057e-02
3.416000e+02 3.546683e+01 9.057382e-02
3.416000e+02 3.549499e+01 9.441985e-02
3.416000e+02 3.532276e+01 9.121322e-02
3.416000e+02 3.550835e+01 9.305041e-02
3.416000e+02 3.554853e+01 9.399476e-02
3.416000e+02 3.553993e+01 9.133540e-02
3.416000e+02 3.537084e+01 9.498062e-02
3.416000e+02 3.556876e+01 9.251800e-02
3.416000e+02 3.549702e+01 9.338155e-02
3.416000e+02 3.562727e+01 9.388142e-02
3.418000e+02 3.702886e+01 9.992065e-02
3.418000e+02 3.676807e+01 9.531672e-02
3.418000e+02 3.696880e+01 9.435264e-02
3.418000e+02 3.696031e+01 9.769344e-02
3.418000e+02 3.695102e+01 9.808507e-02
3.418000e+02 3.691544e+01 9.466833e-02
3.418000e+02 3.705460e+01 1.057532e-01
3.418000e+02 3.714152e+01 9.869358e-02
3.418000e+02 3.684666e+01 9.849304e-02
3.418000e+02 3.706451e+01 9.681875e-02
3.418000e+02 3.702144e+01 1.003429e-01
3.418000e+02 3.676171e+01 9.283753e-02
3.418000e+02 3.709706e+01 9.830944e-02
3.418000e+02 3.713513e+01 9.727392e-02
3.418000e+02 3.707804e+01 9.585131e-02
3.418000e+02 3.679533e+01 9.542697e-02
3.418000e+02 3.687875e+01 9.673054e-02
3.418000e+02 3.695489e+01 9.811645e-02
3.420000e+02 3.840710e+01 9.797274e-02
3.420000e+02 3.848513e+01 1.003635e-01
3.420000e+02 3.848695e+01 1.034743e-01
3.420000e+02 3.831877e+01 9.758188e-02
3.420000e+02 3.855480e+01 1.002065e-01
3.420000e+02 3.831407e+01 1.004402e-01
3.420000e+02 3.868902e+01 1.081590e-01
3.420000e+02 3.842290e+01 1.084407e-01
3.420000e+02 3.861245e+01 1.035144e-01
3.420000e+02 3.829784e+01 1.039302e-01
3.420000e+02 3.844328e+01 9.975371e-02
3.420000e+02 3.848024e+01 1.046758e-01
3.420000e+02 3.840739e+01 1.013014e-01
3.420000e+02 3.830267e+01 9.847237e-02
3.420000e+02 3.847193e+01 1.030818e-01
3.420000e+02 3.836980e+01 1.009720e-01
3.420000e+02 3.851859e+01 9.982444e-02
3.420000e+02 3.838573e+01 1.009613e-01
3.420000e+02 3.845104e+01 1.005062e-01
3.420000e+02 3.865557e+01 1.079902e-01
3.422000e+02 4.004016e+01 1.051164e-01
3.422000e+02 4.018301e+01 1.043215e-01
3.422000e+02 4.000891e+01 1.073403e-01
3.422000e+02 4.017256e+01 1.054218e-01
3.422000e+02 4.024081e+01 1.055062e-01
3.422000e+02 4.012233e+01 1.050034e-01
3.422000e+02 3.991467e+01 1.056904e-01
3.422000e+02 4.015422e+01 1.058117e-01
3.422000e+02 4.028350e+01 1.027187e-01
3.422000e+02 4.007560e+01 1.079935e-01
3.422000e+02 4.011276e+01 1.037299e-01
3.422000e+02 4.018601e+01 1.069017e-01
3.422000e+02 4.007584e+01 1.040611e-01
3.422000e+02 4.011679e+01 1.035258e-01
3.422000e+02 4.007063e+01 1.050017e-01
3.422000e+02 4.009503e+01 1.097598e-01
3.422000e+02 4.019935e+01 1.052588e-01
3.422000e+02 4.005534e+01 1.065907e-01
3.422000e+02 4.001083e+01 1.033111e-01
3.422000e+02 4.002434e+01 1.038712e-01
3.424000e+02 4.191944e+01 1.114777e-01
3.424000e+02 4.177894e+01 1.099521e-01
3.424000e+02 4.202002e+01 1.169755e-01
3.424000e+02 4.192034e+01 1.113591e-01
3.424000e+02 4.192172e+01 1.109859e-01
3.424000e+02 4.189582e+01 1.104689e-01
3.424000e+02 4.175293e+01 1.079120e-01
3.424000e+02 4.164683e+01 1.190260e-01
3.424000e+02 4.176207e+01 1.104816e-01
3.424000e+02 4.191836e+01 1.091529e-01
3.424000e+02 4.181776e+01 1.098891e-01
3.424000e+02 4.181624e+01 1.141334e-01
3.424000e+02 4.172607e+01 1.128119e-01
3.424000e+02 4.182586e+01 1.085258e-01
3.424000e+02 4.197853e+01 1.122736e-01
3.424000e+02 4.186918e+01 1.125263e-01
3.424000e+02 4.168825e+01 1.124339e-01
3.424000e+02 4.209642e+01 1.098133e-01
3.424000e+02 4.173192e+01 1.072829e-01
3.424000e+02 4.170970e+01 1.076744e-01
3.426000e+02 4.375485e+01 1.119188e-01
3.426000e+02 4.399029e+01 1.159206e-01
3.426000e+02 4.375451e+01 1.152564e-01
3.426000e+02 4.399359e+01 1.158677e-01
3.426000e+02 4.397726e+01 1.150383e-01
3.426000e+02 4.387931e+01 1.169095e-01
3.426000e+02 4.379800e+01 1.146929e-01
3.426000e+02 4.393283e+01 1.134262e-01
3.426000e+02 4.393798e+01 1.169293e-01
3.426000e+02 4.376426e+01 1.145459e-01
3.426000e+02 4.399108e+01 1.166513e-01
3.426000e+02 4.374596e+01 1.161820e-01
3.426000e+02 4.353326e+01 1.136408e-01
3.426000e+02 4.399052e+01 1.213486e-01
3.426000e+02 4.389229e+01 1.180234e-01
3.426000e+02 4.386747e+01 1.162160e-01
3.426000e+02 4.382774e+01 1.187070e-01
3.426000e+02 4.390364e+01 1.167362e-01
3.426000e+02 4.361918e+01 1.118923e-01
3.426000e+02 4.374118e+01 1.174936e-01
3.428000e+02 4.589582e+01 1.182604e-01
3.428000e+02 4.594507e+01 1.197635e-01
3.428000e+02 4.601361e+01 1.270152e-01
3.428000e+02 4.585809e+01 1.231627e-01
3.428000e+02 4.597012e+01 1.204869e-01
3.428000e+02 4.593614e+01 1.208612e-01
3.428000e+02 4.576243e+01 1.194090e-01
3.428000e+02 4.603409e+01 1.252745e-01
3.428000e+02 4.618612e+01 1.213934e-01
3.428000e+02 4.595486e+01 1.225299e-01
3.428000e+02 4.610299e+01 1.240589e-01
3.428000e+02 4.588341e+01 1.190958e-01
3.428000e+02 4.586894e+01 1.209189e-01
3.428000e+02 4.598880e+01 1.228898e-01
3.428000e+02 4.607859e+01 1.213797e-01
3.428000e+02 4.588470e+01 1.226631e-01
3.428000e+02 4.609577e+01 1.236780e-01
3.428000e+02 4.602129e+01 1.190410e-01
3.428000e+02 4.609226e+01 1.255285e-01
3.430000e+02 4.842901e+01 1.256479e-01
3.430000e+02 4.820540e+01 1.290121e-01
3.430000e+02 4.814109e+01 1.285671e-01
3.430000e+02 4.817129e+01 1.282929e-01
3.430000e+02 4.835771e+01 1.230314e-01
3.430000e+02 4.811545e+01 1.238405e-01
3.430000e+02 4.832559e+01 1.271823e-01
3.430000e+02 4.819503e+01 1.282355e-01
3.430000e+02 4.830251e+01 1.266346e-01
3.430000e+02 4.823783e+01 1.246758e-01
3.430000e+02 4.824794e+01 1.308649e-01
3.430000e+02 4.843149e+01 1.288692e-01
3.430000e+02 4.824761e+01 1.321710e-01
3.430000e+02 4.815035e+01 1.296835e-01
3.430000e+02 4.830132e+01 1.277133e-01
3.430000e+02 4.836604e+01 1.269528e-01
3.430000e+02 4.833757e+01 1.287769e-01
3.430000e+02 4.822717e+01 1.282561e-01
3.430000e+02 4.841699e+01 1.302247e-01
3.430000e+02 4.791052e+01 1.296543e-01
3.432000e+02 5.084498e+01 1.329630e-01
3.432000e+02 5.105780e+01 1.366997e-01
3.432000e+02 5.072165e+01 1.333288e-01
3.432000e+02 5.072434e+01 1.386170e-01
3.432000e+02 5.085672e+01 1.350388e-01
3.432000e+02 5.087399e+01 1.402511e-01
3.432000e+02 5.080560e+01 1.362951e-01
3.432000e+02 5.066631e+01 1.339946e-01
3.432000e+02 5.097978e+01 1.363653e-01
3.432000e+02 5.084872e+01 1.317959e-01
3.432000e+02 5.075337e+01 1.327713e-01
3.432000e+02 5.057360e+01 1.348957e-01
3.432000e+02 5.074728e+01 1.355069e-01
3.432000e+02 5.083039e+01 1.402406e-01
3.432000e+02 5.069449e+01 1.375156e-01
3.432000e+02 5.053228e+01 1.312348e-01
3.432000e+02 5.074900e+01 1.352686e-01
3.432000e+02 5.064039e+01 1.361987e-01
3.432000e+02 5.085912e+01 1.326553e-01
3.432000e+02 5.095876e+01 1.356862e-01
3.434000e+02 5.364285e+01 1.429532e-01
3.434000e+02 5.361659e+01 1.476329e-01
3.434000e+02 5.366333e+01 1.474922e-01
3.434000e+02 5.379071e+01 1.414096e-01
3.434000e+02 5.357419e+01 1.386289e-01
3.434000e+02 5.367731e+01 1.459656e-01
3.434000e+02 5.356137e+01 1.416289e-01
3.434000e+02 5.357864e+01 1.431871e-01
3.434000e+02 5.368896e+01 1.424557e-01
3.434000e+02 5.356819e+01 1.427655e-01
3.434000e+02 5.363125e+01 1.431110e-01
3.434000e+02 5.373779e+01 1.431756e-01
3.434000e+02 5.360893e+01 1.446633e-01
3.434000e+02 5.350874e+01 1.384093e-01
3.434000e+02 5.381066e+01 1.442951e-01
3.434000e+02 5.354200e+01 1.392161e-01
3.434000e+02 5.357598e+01 1.422595e-01
3.434000e+02 5.364073e+01 1.431019e-01
3.434000e+02 5.347900e+01 1.408990e-01
3.434000e+02 5.341176e+01 1.450705e-01
3.436000e+02 5.674023e+01 1.524012e-01
3.436000e+02 5.665675e+01 1.647324e-01
3.436000e+02 5.688772e+01 1.590516e-01
3.436000e+02 5.665484e+01 1.483957e-01
3.436000e+02 5.664906e+01 1.447743e-01
3.436000e+02 5.678273e+01 1.505461e-01
3.436000e+02 5.681089e+01 1.543406e-01
3.436000e+02 5.662909e+01 1.546598e-01
3.436000e+02 5.691922e+01 1.525473e-01
3.436000e+02 5.663312e+01 1.529747e-01
3.436000e+02 5.655419e+01 1.534991e-01
3.436000e+02 5.672480e+01 1.526993e-01
3.436000e+02 5.687133e+01 1.476380e-01
3.436000e+02 5.671407e+01 1.457985e-01
3.436000e+02 5.667460e+01 1.527729e-01
3.436000e+02 5.684666e+01 1.493444e-01
3.436000e+02 5.671142e+01 1.540570e-01
3.436000e+02 5.685246e+01 1.559343e-01
3.436000e+02 5.655163e+01 1.469765e-01
3.438000e+02 6.031817e+01 1.572586e-01
3.438000e+02 6.016034e+01 1.627659e-01
3.438000e+02 6.020082e+01 1.623781e-01
3.438000e+02 6.011804e+01 1.612378e-01
3.438000e+02 6.008907e+01 1.617287e-01
3.438000e+02 6.023105e+01 1.642637e-01
3.438000e+02 6.017006e+01 1.606764e-01
3.438000e+02 6.020759e+01 1.597763e-01
3.438000e+02 6.025927e+01 1.556896e-01
3.438000e+02 6.021878e+01 1.674927e-01
3.438000e+02 6.012918e+01 1.630515e-01
3.438000e+02 6.045764e+01 1.656258e-01
3.438000e+02 6.026087e+01 1.564682e-01
3.438000e+02 6.043077e+01 1.650015e-01
3.438000e+02 6.005636e+01 1.618750e-01
3.438000e+02 6.050162e+01 1.577796e-01
3.438000e+02 6.018633e+01 1.630757e-01
3.438000e+02 6.018880e+01 1.629392e-01
3.440000e+02 6.410639e+01 1.727880e-01
3.440000e+02 6.401137e+01 1.712508e-01
3.440000e+02 6.427081e+01 1.712704e-01
3.440000e+02 6.408173e+01 1.757799e-01
3.440000e+02 6.394634e+01 1.739073e-01
3.440000e+02 6.398155e+01 1.806510e-01
3.440000e+02 6.405349e+01 1.678531e-01
3.440000e+02 6.416836e+01 1.743024e-01
3.440000e+02 6.442933e+01 1.689385e-01
3.440000e+02 6.412504e+01 1.723175e-01
3.440000e+02 6.445470e+01 1.770121e-01
3.440000e+02 6.414714e+01 1.684373e-01
3.440000e+02 6.424024e+01 1.687879e-01
3.440000e+02 6.407789e+01 1.686343e-01
3.440000e+02 6.415388e+01 1.690538e-01
3.440000e+02 6.416019e+01 1.714671e-01
3.440000e+02 6.387033e+01 1.676247e-01
3.440000e+02 6.407330e+01 1.687433e-01
3.440000e+02 6.409981e+01 1.760807e-01
3.440000e+02 6.396487e+01 1.735429e-01
3.442000e+02 6.840447e+01 1.855466e-01
3.442000e+02 6.846839e+01 1.820318e-01
3.442000e+02 6.860027e+01 1.915598e-01
3.442000e+02 6.821223e+01 1.845240e-01
3.442000e+02 6.891737e+01 1.815103e-01
3.442000e+02 6.853179e+01 1.881950e-01
3.442000e+02 6.848010e+01 1.824009e-01
3.442000e+02 6.836930e+01 1.860246e-01
3.442000e+02 6.877205e+01 1.828577e-01
3.442000e+02 6.869158e+01 1.898878e-01
3.442000e+02 6.858413e+01 1.836620e-01
3.442000e+02 6.875857e+01 1.830975e-01
3.442000e+02 6.858510e+01 1.873689e-01
3.442000e+02 6.860618e+01 1.868866e-01
3.442000e+02 6.848047e+01 1.814742e-01
3.442000e+02 6.850659e+01 1.858253e-01
3.442000e+02 6.865321e+01 1.789872e-01
3.442000e+02 6.863036e+01 1.875891e-01
3.442000e+02 6.820308e+01 1.814751e-01
3.444000e+02 7.317181e+01 1.975698e-01
3.444000e+02 7.360059e+01 2.020379e-01
3.444000e+02 7.375982e+01 1.949758e-01
3.444000e+02 7.368939e+01 1.995149e-01
3.444000e+02 7.324310e+01 1.994617e-01
3.444000e+02 7.425996e+01 2.101033e-01
3.444000e+02 7.367468e+01 1.923601e-01
3.444000e+02 7.369727e+01 1.940235e-01
3.444000e+02 7.404959e+01 1.972718e-01
3.444000e+02 7.376648e+01 2.003040e-01
3.444000e+02 7.341704e+01 1.962040e-01
3.444000e+02 7.337062e+01 1.958931e-01
3.444000e+02 7.346418e+01 1.969126e-01
3.444000e+02 7.344264e+01 1.999513e-01
3.444000e+02 7.365582e+01 2.018111e-01
3.444000e+02 7.336279e+01 1.964853e-01
3.444000e+02 7.391281e+01 2.168806e-01
3.444000e+02 7.368284e+01 2.028000e-01
3.444000e+02 7.372291e+01 2.038297e-01
3.444000e+02 7.387453e+01 1.930258e-01
3.446000e+02 7.937215e+01 2.190258e-01
3.446000e+02 7.934285e+01 2.157366e-01
3.446000e+02 7.943285e+01 2.083776e-01
3.446000e+02 7.911404e+01 2.113424e-01
3.446000e+02 7.959316e+01 2.128094e-01
3.446000e+02 7.971479e+01 2.242658e-01
3.446000e+02 7.980287e+01 2.153534e-01
3.446000e+02 7.939352e+01 2.215726e-01
3.446000e+02 7.907985e+01 2.157348e-01
3.446000e+02 7.928832e+01 2.166840e-01
3.446000e+02 7.897920e+01 2.108514e-01
3.446000e+02 7.995858e+01 2.129507e-01
3.446000e+02 7.931569e+01 2.140366e-01
3.446000e+02 7.922990e+01 2.131110e-01
3.446000e+02 7.941423e+01 2.077751e-01
3.446000e+02 7.977713e+01 2.361434e-01
3.446000e+02 7.957296e+01 2.084594e-01
3.446000e+02 7.933098e+01 2.106700e-01
3.446000e+02 7.978538e+01 2.139871e-01
3.448000e+02 8.609580e+01 2.327344e-01
3.448000e+02 8.588975e+01 2.370824e-01
3.448000e+02 8.595248e+01 2.334088e-01
3.448000e+02 8.637043e+01 2.307039e-01
3.448000e+02 8.608839e+01 2.320754e-01
3.448000e+02 8.613973e+01 2.251992e-01
3.448000e+02 8.643538e+01 2.356581e-01
3.448000e+02 8.611587e+01 2.398478e-01
3.448000e+02 8.590141e+01 2.241662e-01
3.448000e+02 8.626204e+01 2.275285e-01
3.448000e+02 8.618881e+01 2.352843e-01
3.448000e+02 8.570445e+01 2.399119e-01
3.448000e+02 8.598571e+01 2.326120e-01
3.448000e+02 8.628301e+01 2.356284e-01
3.448000e+02 8.595594e+01 2.393444e-01
3.448000e+02 8.621159e+01 2.287379e-01
3.448000e+02 8.595442e+01 2.284459e-01
3.448000e+02 8.589965e+01 2.297325e-01
3.448000e+02 8.637650e+01 2.441851e-01
3.448000e+02 8.675892e+01 2.338806e-01
3.450000e+02 9.348686e+01 2.557547e-01
3.450000e+02 9.411503e+01 2.561490e-01
3.450000e+02 9.398897e+01 2.454564e-01
3.450000e+02 9.361484e+01 2.568581e-01
3.450000e+02 9.391933e+01 2.571754e-01
3.450000e+02 9.333596e+01 2.515935e-01
3.450000e+02 9.350122e+01 2.514474e-01
3.450000e+02 9.382900e+01 2.515131e-01
3.450000e+02 9.363762e+01 2.554143e-01
3.450000e+02 9.342041e+01 2.499917e-01
3.450000e+02 9.332923e+01 2.569645e-01
3.450000e+02 9.344935e+01 2.581213e-01
3.450000e+02 9.359254e+01 2.465227e-01
3.450000e+02 9.392136e+01 2.542072e-01
3.450000e+02 9.396023e+01 2.501641e-01
3.450000e+02 9.401993e+01 2.532019e-01
3.450000e+02 9.365911e+01 2.627943e-01
3.450000e+02 9.383768e+01 2.603076e-01
3.450000e+02 9.369285e+01 2.515702e-01
3.450000e+02 9.374954e+01 2.566591e-01
3.452000e+02 1.027362e+02 2.901272e-01
3.452000e+02 1.029762e+02 2.757546e-01
3.452000e+02 1.024153e+02 2.777535e-01
3.452000e+02 1.026711e+02 2.795865e-01
3.452000e+02 1.028525e+02 2.890038e-01
3.452000e+02 1.029436e+02 2.739652e-01
3.452000e+02 1.026240e+02 2.944234e-01
3.452000e+02 1.027095e+02 2.841536e-01
3.452000e+02 1.028416e+02 2.771104e-01
3.452000e+02 1.029628e+02 2.752585e-01
3.452000e+02 1.029373e+02 2.709543e-01
3.452000e+02 1.028129e+02 2.874904e-01
3.452000e+02 1.028829e+02 2.895969e-01
3.452000e+02 1.032409e+02 2.767850e-01
3.452000e+02 1.024101e+02 2.777473e-01
3.452000e+02 1.032750e+02 2.828277e-01
3.452000e+02 1.027782e+02 2.815102e-01
3.452000e+02 1.022765e+02 2.807855e-01
3.454000e+02 1.130688e+02 3.127165e-01
3.454000e+02 1.136020e+02 3.082863e-01
3.454000e+02 1.136620e+02 3.191559e-01
3.454000e+02 1.128594e+02 2.961359e-01
3.454000e+02 1.137310e+02 3.129826e-01
3.454000e+02 1.127940e+02 3.082347e-01
3.454000e+02 1.132275e+02 3.212922e-01
3.454000e+02 1.133118e+02 3.046291e-01
3.454000e+02 1.134934e+02 3.080823e-01
3.454000e+02 1.126839e+02 3.224557e-01
3.454000e+02 1.130646e+02 3.143948e-01
3.454000e+02 1.125377e+02 3.080486e-01
3.454000e+02 1.129752e+02 3.155450e-01
3.454000e+02 1.130014e+02 3.225184e-01
3.454000e+02 1.129031e+02 2.951508e-01
3.454000e+02 1.134620e+02 3.060497e-01
3.454000e+02 1.123170e+02 3.002423e-01
3.454000e+02 1.132851e+02 3.209309e-01
3.454000e+02 1.128916e+02 3.154762e-01
3.454000e+02 1.131025e+02 2.939972e-01
3.456000e+02 1.244624e+02 3.464079e-01
3.456000e+02 1.255502e+02 3.313370e-01
3.456000e+02 1.246338e+02 3.461853e-01
3.456000e+02 1.246790e+02 3.367990e-01
3.456000e+02 1.247595e+02 3.310339e-01
3.456000e+02 1.249408e+02 3.556034e-01
3.456000e+02 1.250152e+02 3.559764e-01
3.456000e+02 1.245157e+02 3.303352e-01
3.456000e+02 1.244642e+02 3.471864e-01
3.456000e+02 1.253218e+02 3.404442e-01
3.456000e+02 1.244822e+02 3.432871e-01
3.456000e+02 1.244401e+02 3.476164e-01
3.456000e+02 1.253932e+02 3.387156e-01
3.456000e+02 1.249659e+02 3.556424e-01
3.456000e+02 1.252838e+02 3.383011e-01
3.456000e+02 1.249276e+02 3.382265e-01
3.456000e+02 1.251276e+02 3.415080e-01
3.456000e+02 1.252037e+02 3.357725e-01
3.456000e+02 1.247977e+02 3.313455e-01
3.456000e+02 1.247856e+02 3.324878e-01
3.458000e+02 1.382771e+02 3.724160e-01
3.458000e+02 1.383227e+02 3.759518e-01
3.458000e+02 1.382108e+02 3.822672e-01
3.458000e+02 1.382168e+02 3.889454e-01
3.458000e+02 1.384606e+02 3.693826e-01
3.458000e+02 1.382281e+02 3.705534e-01
3.458000e+02 1.380294e+02 3.739501e-01
3.458000e+02 1.380033e+02 3.669613e-01
3.458000e+02 1.382136e+02 3.841333e-01
3.458000e+02 1.387590e+02 3.826616e-01
3.458000e+02 1.381333e+02 3.807452e-01
3.458000e+02 1.386661e+02 3.826701e-01
3.458000e+02 1.384145e+02 3.795075e-01
3.458000e+02 1.384183e+02 3.942627e-01
3.458000e+02 1.379836e+02 3.838816e-01
3.458000e+02 1.384915e+02 3.836771e-01
3.458000e+02 1.386650e+02 3.817148e-01
3.458000e+02 1.383828e+02 3.742029e-01
3.458000e+02 1.385669e+02 3.803275e-01
3.460000e+02 1.536342e+02 4.319450e-01
3.460000e+02 1.532968e+02 4.350559e-01
3.460000e+02 1.531701e+02 4.170654e-01
3.460000e+02 1.526155e+02 4.142932e-01
3.460000e+02 1.538098e+02 4.353526e-01
3.460000e+02 1.535742e+02 4.281396e-01
3.460000e+02 1.536691e+02 4.045197e-01
3.460000e+02 1.527372e+02 4.027743e-01
3.460000e+02 1.528140e+02 4.112513e-01
3.460000e+02 1.531616e+02 4.230374e-01
3.460000e+02 1.528637e+02 4.244474e-01
3.460000e+02 1.530559e+02 4.231359e-01
3.460000e+02 1.533054e+02 4.441619e-01
3.460000e+02 1.534741e+02 4.284509e-01
3.460000e+02 1.528455e+02 4.072512e-01
3.460000e+02 1.534689e+02 4.215655e-01
3.460000e+02 1.528866e+02 4.274958e-01
3.460000e+02 1.525574e+02 4.201584e-01
3.460000e+02 1.534240e+02 4.202473e-01
3.460000e+02 1.530028e+02 4.308344e-01
3.462000e+02 1.691843e+02 4.514970e-01
3.462000e+02 1.690377e+02 4.626263e-01
3.462000e+02 1.690541e+02 4.732342e-01
3.462000e+02 1.700301e+02 4.522742e-01
3.462000e+02 1.685200e+02 4.726348e-01
3.462000e+02 1.694012e+02 4.644802e-01
3.462000e+02 1.692449e+02 4.698510e-01
3.462000e+02 1.684174e+02 4.638888e-01
3.462000e+02 1.691429e+02 4.674509e-01
3.462000e+02 1.688396e+02 4.817061e-01
3.462000e+02 1.697181e+02 4.513352e-01
3.462000e+02 1.693739e+02 4.633691e-01
3.462000e+02 1.687187e+02 4.470074e-01
3.462000e+02 1.688763e+02 4.551535e-01
3.462000e+02 1.693238e+02 4.547079e-01
3.462000e+02 1.688268e+02 4.394323e-01
3.462000e+02 1.694767e+02 4.531566e-01
3.462000e+02 1.692938e+02 4.641397e-01
3.462000e+02 1.692264e+02 4.703723e-01
3.462000e+02 1.698082e+02 4.634972e-01
3.464000e+02 1.852544e+02 4.685876e-01
3.464000e+02 1.854844e+02 4.835506e-01
3.464000e+02 1.863580e+02 4.725025e-01
3.464000e+02 1.859035e+02 4.732029e-01
3.464000e+02 1.851443e+02 4.666498e-01
3.464000e+02 1.857128e+02 4.746489e-01
3.464000e+02 1.858005e+02 4.584074e-01
3.464000e+02 1.853976e+02 4.694041e-01
3.464000e+02 1.855974e+02 4.662368e-01
3.464000e+02 1.863416e+02 4.729784e-01
3.464000e+02 1.860764e+02 4.783445e-01
3.464000e+02 1.861694e+02 4.612347e-01
3.464000e+02 1.846603e+02 4.774323e-01
3.464000e+02 1.853817e+02 4.778512e-01
3.464000e+02 1.858587e+02 4.678945e-01
3.464000e+02 1.859190e+02 4.680439e-01
3.464000e+02 1.859094e+02 4.722730e-01
3.464000e+02 1.848343e+02 4.734508e-01
3.464000e+02 1.850648e+02 4.792676e-01
3.466000e+02 2.022156e+02 5.229772e-01
3.466000e+02 2.020255e+02 5.147023e-01
3.466000e+02 2.027500e+02 5.082572e-01
3.466000e+02 2.014907e+02 5.052734e-01
3.466000e+02 2.018689e+02 5.253293e-01
3.466000e+02 2.024793e+02 5.098903e-01
3.466000e+02 2.011894e+02 5.124158e-01
3.466000e+02 2.022969e+02 5.172208e-01
3.466000e+02 2.016907e+02 5.107050e-01
3.466000e+02 2.031145e+02 5.183312e-01
3.466000e+02 2.023921e+02 5.355556e-01
3.466000e+02 2.023015e+02 5.055842e-01
3.466000e+02 2.023651e+02 5.340177e-01
3.466000e+02 2.013545e+02 5.070653e-01
3.466000e+02 2.019792e+02 5.195945e-01
3.466000e+02 2.015748e+02 5.067373e-01
3.466000e+02 2.020871e+02 5.163473e-01
3.466000e+02 2.021360e+02 5.072010e-01
3.466000e+02 2.020902e+02 5.298151e-01
3.466000e+02 2.024859e+02 5.035821e-01
3.468000e+02 2.188688e+02 5.471972e-01
3.468000e+02 2.190824e+02 5.533337e-01
3.468000e+02 2.178259e+02 5.413604e-01
3.468000e+02 2.171521e+02 5.562251e-01
3.468000e+02 2.182493e+02 5.518524e-01
3.468000e+02 2.172679e+02 5.476170e-01
3.468000e+02 2.182772e+02 5.455908e-01
3.468000e+02 2.186263e+02 5.867568e-01
3.468000e+02 2.167935e+02 5.507798e-01
3.468000e+02 2.190268e+02 5.654053e-01
3.468000e+02 2.175616e+02 5.524827e-01
3.468000e+02 2.173334e+02 5.436089e-01
3.468000e+02 2.192496e+02 5.646490e-01
3.468000e+02 2.181120e+02 5.492863e-01
3.468000e+02 2.188333e+02 5.657807e-01
3.468000e+02 2.170479e+02 5.360975e-01
3.468000e+02 2.182926e+02 5.521688e-01
3.468000e+02 2.183068e+02 5.578308e-01
3.468000e+02 2.189154e+02 5.482654e-01
3.468000e+02 2.181558e+02 5.435262e-01
3.470000e+02 2.337978e+02 5.938551e-01
3.470000e+02 2.331423e+02 6.105626e-01
3.470000e+02 2.321450e+02 6.016342e-01
3.470000e+02 2.327747e+02 5.744344e-01
3.470000e+02 2.334758e+02 5.808686e-01
3.470000e+02 2.336891e+02 5.957803e-01
3.470000e+02 2.327228e+02 5.945839e-01
3.470000e+02 2.334048e+02 5.853408e-01
3.470000e+02 2.324449e+02 6.060253e-01
3.470000e+02 2.337352e+02 5.865600e-01
3.470000e+02 2.332185e+02 5.777164e-01
3.470000e+02 2.338930e+02 5.895763e-01
3.470000e+02 2.322232e+02 5.942316e-01
3.470000e+02 2.337929e+02 5.805219e-01
3.470000e+02 2.328272e+02 6.078249e-01
3.470000e+02 2.328012e+02 5.830809e-01
3.470000e+02 2.329115e+02 5.988666e-01
3.470000e+02 2.322698e+02 5.812543e-01
3.470000e+02 2.335868e+02 6.052157e-01
3.470000e+02 2.339298e+02 5.919684e-01
3.472000e+02 2.478744e+02 6.277232e-01
3.472000e+02 2.477249e+02 6.239743e-01
3.472000e+02 2.478716e+02 6.244996e-01
3.472000e+02 2.479459e+02 6.447441e-01
3.472000e+02 2.470831e+02 6.118914e-01
3.472000e+02 2.459950e+02 6.154351e-01
3.472000e+02 2.480183e+02 6.277328e-01
3.472000e+02 2.477988e+02 6.251952e-01
3.472000e+02 2.479144e+02 6.383344e-01
3.472000e+02 2.466969e+02 6.455475e-01
3.472000e+02 2.475678e+02 6.308213e-01
3.472000e+02 2.468278e+02 6.248755e-01
3.472000e+02 2.487198e+02 6.319425e-01
3.472000e+02 2.475133e+02 6.276204e-01
3.472000e+02 2.468683e+02 6.265145e-01
3.472000e+02 2.470408e+02 6.218333e-01
3.472000e+02 2.473647e+02 6.186082e-01
3.472000e+02 2.473501e+02 6.224742e-01
3.472000e+02 2.471892e+02 6.040124e-01
3.472000e+02 2.485793e+02 6.188716e-01
3.474000e+02 2.602526e+02 6.589172e-01
3.474000e+02 2.602922e+02 6.518121e-01
3.474000e+02 2.605774e+02 6.521939e-01
3.474000e+02 2.605784e+02 6.640219e-01
3.474000e+02 2.604211e+02 6.621713e-01
3.474000e+02 2.614079e+02 6.613679e-01
3.474000e+02 2.599185e+02 6.579438e-01
3.474000e+02 2.612705e+02 6.649039e-01
3.474000e+02 2.604391e+02 6.563450e-01
3.474000e+02 2.595735e+02 6.661116e-01
3.474000e+02 2.610610e+02 6.741917e-01
3.474000e+02 2.605435e+02 6.537306e-01
3.474000e+02 2.604304e+02 6.657930e-01
3.474000e+02 2.596982e+02 6.550665e-01
3.474000e+02 2.608394e+02 6.507872e-01
3.474000e+02 2.597636e+02 6.534367e-01
3.474000e+02 2.605686e+02 6.519872e-01
3.474000e+02 2.604948e+02 6.684781e-01
3.474000e+02 2.602272e+02 6.590679e-01
3.474000e+02 2.606518e+02 6.677980e-01
3.476000e+02 2.742657e+02 7.152943e-01
3.476000e+02 2.728678e+02 6.907829e-01
3.476000e+02 2.730882e+02 6.992708e-01
3.476000e+02 2.742434e+02 6.979717e-01
3.476000e+02 2.726661e+02 7.163630e-01
3.476000e+02 2.741381e+02 6.995060e-01
3.476000e+02 2.731728e+02 6.997161e-01
3.476000e+02 2.738205e+02 7.028346e-01
3.476000e+02 2.731684e+02 7.050278e-01
3.476000e+02 2.735101e+02 7.001933e-01
3.476000e+02 2.731802e+02 6.863188e-01
3.476000e+02 2.723032e+02 6.900258e-01
3.476000e+02 2.720859e+02 7.064275e-01
3.476000e+02 2.743364e+02 6.997058e-01
3.476000e+02 2.741633e+02 6.961829e-01
3.476000e+02 2.727894e+02 6.844928e-01
3.476000e+02 2.733132e+02 6.920771e-01
3.476000e+02 2.735942e+02 7.304944e-01
3.476000e+02 2.717953e+02 6.914149e-01
3.478000e+02 2.846797e+02 7.104721e-01
3.478000e+02 2.842122e+02 7.386623e-01
3.478000e+02 2.841445e+02 7.364142e-01
3.478000e+02 2.834381e+02 7.330222e-01
3.478000e+02 2.839046e+02 7.250639e-01
3.478000e+02 2.834837e+02 7.279139e-01
3.478000e+02 2.840132e+02 7.174997e-01
3.478000e+02 2.843978e+02 7.053820e-01
3.478000e+02 2.843923e+02 7.232980e-01
3.478000e+02 2.845402e+02 7.409151e-01
3.478000e+02 2.853803e+02 7.233974e-01
3.478000e+02 2.845728e+02 7.262096e-01
3.478000e+02 2.847920e+02 7.300537e-01
3.478000e+02 2.847842e+02 7.402928e-01
3.478000e+02 2.855646e+02 7.302524e-01
3.478000e+02 2.843488e+02 7.235176e-01
3.478000e+02 2.843999e+02 7.330303e-01
3.478000e+02 2.860493e+02 7.278861e-01
3.478000e+02 2.844381e+02 7.124779e-01
3.478000e+02 2.824809e+02 7.129682e-01
3.480000e+02 2.948363e+02 7.517922e-01
3.480000e+02 2.940386e+02 7.614058e-01
3.480000e+02 2.962473e+02 7.470461e-01
3.480000e+02 2.951624e+02 7.620000e-01
3.480000e+02 2.953238e+02 7.643229e-01
3.480000e+02 2.942883e+02 7.584228e-01
3.480000e+02 2.935030e+02 7.537454e-01
3.480000e+02 2.948095e+02 7.678875e-01
3.480000e+02 2.947276e+02 7.262725e-01
3.480000e+02 2.954226e+02 7.577594e-01
3.480000e+02 2.940759e+02 7.590925e-01
3.480000e+02 2.950304e+02 7.508242e-01
3.480000e+02 2.946098e+02 7.479547e-01
3.480000e+02 2.946318e+02 7.624531e-01
3.480000e+02 2.961896e+02 7.758477e-01
3.480000e+02 2.936417e+02 7.705446e-01
3.480000e+02 2.952266e+02 7.536973e-01
3.480000e+02 2.953474e+02 7.709767e-01
3.480000e+02 2.954318e+02 7.585985e-01
3.480000e+02 2.953772e+02 7.747325e-01
3.482000e+02 3.055493e+02 8.110040e-01
3.482000e+02 3.052020e+02 7.930003e-01
3.482000e+02 3.044537e+02 7.865722e-01
3.482000e+02 3.056264e+02 8.218729e-01
3.482000e+02 3.044299e+02 7.864524e-01
3.482000e+02 3.036805e+02 7.906239e-01
3.482000e+02 3.055416e+02 7.770099e-01
3.482000e+02 3.032374e+02 8.022055e-01
3.482000e+02 3.045987e+02 7.887840e-01
3.482000e+02 3.054643e+02 8.068296e-01
3.482000e+02 3.046396e+02 7.981397e-01
3.482000e+02 3.043863e+02 7.952309e-01
3.482000e+02 3.047178e+02 7.900990e-01
3.482000e+02 3.046899e+02 7.852013e-01
3.482000e+02 3.051978e+02 7.693863e-01
3.482000e+02 3.047522e+02 7.869491e-01
3.482000e+02 3.045618e+02 7.840875e-01
3.482000e+02 3.048277e+02 7.697107e-01
3.482000e+02 3.037427e+02 7.842729e-01
3.482000e+02 3.045133e+02 7.698904e-01
3.484000e+02 3.137133e+02 8.112565e-01
3.484000e+02 3.128984e+02 8.085605e-01
3.484000e+02 3.134471e+02 8.081113e-01
3.484000e+02 3.132862e+02 8.385475e-01
3.484000e+02 3.137789e+02 8.170427e-01
3.484000e+02 3.133756e+02 8.095005e-01
3.484000e+02 3.138905e+02 8.129383e-01
3.484000e+02 3.126986e+02 8.168735e-01
3.484000e+02 3.144988e+02 8.162821e-01
3.484000e+02 3.135021e+02 8.056835e-01
3.484000e+02 3.134425e+02 8.096902e-01
3.484000e+02 3.135525e+02 8.310582e-01
3.484000e+02 3.126927e+02 8.434139e-01
3.484000e+02 3.142515e+02 8.198684e-01
3.484000e+02 3.127847e+02 8.162723e-01
3.484000e+02 3.120583e+02 8.128821e-01
3.484000e+02 3.129222e+02 8.080124e-01
3.484000e+02 3.133659e+02 8.187302e-01
3.484000e+02 3.138230e+02 7.936345e-01
3.486000e+02 3.232363e+02 8.220420e-01
3.486000e+02 3.227076e+02 8.399516e-01
3.486000e+02 3.206399e+02 8.386863e-01
3.486000e+02 3.204713e+02 8.366616e-01
3.486000e+02 3.210887e+02 8.394736e-01
3.486000e+02 3.231307e+02 8.449515e-01
3.486000e+02 3.218627e+02 8.552774e-01
3.486000e+02 3.214190e+02 8.417326e-01
3.486000e+02 3.206721e+02 8.737825e-01
3.486000e+02 3.205010e+02 8.370638e-01
3.486000e+02 3.211043e+02 8.393770e-01
3.486000e+02 3.217640e+02 8.360597e-01
3.486000e+02 3.220069e+02 8.535304e-01
3.486000e+02 3.225704e+02 8.422003e-01
3.486000e+02 3.210688e+02 8.217605e-01
3.486000e+02 3.216410e+02 8.356477e-01
3.486000e+02 3.224802e+02 8.407757e-01
3.486000e+02 3.212933e+02 8.349151e-01
3.486000e+02 3.218534e+02 8.484501e-01
3.486000e+02 3.212430e+02 8.272624e-01
3.488000e+02 3.290932e+02 8.807199e-01
3.488000e+02 3.303338e+02 8.979615e-01
3.488000e+02 3.302804e+02 8.787560e-01
3.488000e+02 3.309805e+02 8.675607e-01
3.488000e+02 3.302881e+02 8.616660e-01
3.488000e+02 3.292373e+02 8.506011e-01
3.488000e+02 3.291121e+02 8.739539e-01
3.488000e+02 3.287602e+02 8.801864e-01
3.488000e+02 3.304735e+02 8.851207e-01
3.488000e+02 3.298169e+02 8.656088e-01
3.488000e+02 3.296059e+02 8.513920e-01
3.488000e+02 3.288124e+02 8.566685e-01
3.488000e+02 3.294281e+02 8.808409e-01
3.488000e+02 3.309132e+02 8.632917e-01
3.488000e+02 3.294061e+02 8.566454e-01
3.488000e+02 3.288981e+02 8.628734e-01
3.488000e+02 3.313006e+02 8.934070e-01
3.488000e+02 3.293232e+02 8.794464e-01
3.488000e+02 3.296561e+02 8.699863e-01
3.488000e+02 3.290875e+02 8.717014e-01
3.490000e+02 3.374182e+02 8.788280e-01
3.490000e+02 3.369253e+02 8.914294e-01
3.490000e+02 3.381133e+02 9.000675e-01
3.490000e+02 3.374673e+02 8.983090e-01
3.490000e+02 3.369935e+02 9.074241e-01
3.490000e+02 3.358539e+02 8.894509e-01
3.490000e+02 3.396490e+02 8.984041e-01
3.490000e+02 3.370282e+02 9.033273e-01
3.490000e+02 3.373416e+02 9.040404e-01
3.490000e+02 3.382834e+02 8.738773e-01
3.490000e+02 3.369535e+02 8.798623e-01
3.490000e+02 3.374780e+02 9.005299e-01
3.490000e+02 3.383060e+02 9.204950e-01
3.490000e+02 3.370043e+02 9.014519e-01
3.490000e+02 3.367082e+02 8.966026e-01
3.490000e+02 3.367890e+02 8.764783e-01
3.490000e+02 3.379937e+02 8.912095e-01
3.490000e+02 3.367484e+02 8.771946e-01
3.490000e+02 3.376229e+02 8.942132e-01
3.492000e+02 3.430232e+02 9.105504e-01
3.492000e+02 3.419107e+02 9.230779e-01
3.492000e+02 3.456247e+02 9.224129e-01
3.492000e+02 3.439429e+02 9.330488e-01
3.492000e+02 3.431332e+02 9.362761e-01
3.492000e+02 3.428062e+02 9.352564e-01
3.492000e+02 3.441814e+02 9.128670e-01
3.492000e+02 3.454949e+02 9.219524e-01
3.492000e+02 3.435731e+02 9.209472e-01
3.492000e+02 3.458629e+02 9.328855e-01
3.492000e+02 3.442429e+02 9.270418e-01
3.492000e+02 3.431035e+02 9.166995e-01
3.492000e+02 3.438382e+02 9.318539e-01
3.492000e+02 3.442443e+02 9.145135e-01
3.492000e+02 3.450883e+02 9.193529e-01
3.492000e+02 3.443748e+02 9.413637e-01
3.492000e+02 3.434805e+02 9.241780e-01
3.492000e+02 3.439733e+02 9.267551e-01
3.492000e+02 3.453140e+02 9.188198e-01
3.492000e+02 3.449699e+02 9.229673e-01
3.494000e+02 3.492616e+02 9.270772e-01
3.494000e+02 3.508150e+02 9.577169e-01
3.494000e+02 3.526508e+02 9.399576e-01
3.494000e+02 3.515400e+02 9.622999e-01
3.494000e+02 3.512445e+02 9.458061e-01
3.494000e+02 3.503269e+02 9.506169e-01
3.494000e+02 3.501335e+02 9.307760e-01
3.494000e+02 3.511075e+02 9.387088e-01
3.494000e+02 3.499076e+02 9.334973e-01
3.494000e+02 3.531651e+02 9.375285e-01
3.494000e+02 3.501026e+02 9.491750e-01
3.494000e+02 3.494414e+02 9.256123e-01
3.494000e+02 3.505844e+02 9.612294e-01
3.494000e+02 3.501086e+02 9.491230e-01
3.494000e+02 3.520820e+02 9.410075e-01
3.494000e+02 3.504791e+02 9.170577e-01
3.494000e+02 3.516733e+02 9.955513e-01
3.494000e+02 3.507188e+02 9.605339e-01
3.494000e+02 3.499309e+02 9.424244e-01
3.496000e+02 3.563738e+02 9.760166e-01
3.496000e+02 3.583085e+02 9.587712e-01
3.496000e+02 3.577051e+02 9.864578e-01
3.496000e+02 3.583045e+02 9.801233e-01
3.496000e+02 3.570334e+02 9.740280e-01
3.496000e+02 3.565338e+02 9.863610e-01
3.496000e+02 3.584333e+02 9.422968e-01
3.496000e+02 3.582015e+02 9.823553e-01
3.496000e+02 3.561245e+02 1.002535e+00
3.496000e+02 3.554863e+02 9.877038e-01
3.496000e+02 3.573774e+02 9.881482e-01
3.496000e+02 3.571110e+02 9.758934e-01
3.496000e+02 3.596813e+02 9.741295e-01
3.496000e+02 3.586246e+02 9.933572e-01
3.496000e+02 3.564519e+02 9.523104e-01
3.496000e+02 3.565162e+02 9.715439e-01
3.496000e+02 3.577925e+02 9.496277e-01
3.496000e+02 3.581626e+02 1.018473e+00
3.496000e+02 3.554820e+02 9.700404e-01
3.496000e+02 3.562489e+02 9.692227e-01
3.498000e+02 3.641593e+02 9.770298e-01
3.498000e+02 3.628870e+02 1.004527e+00
3.498000e+02 3.613320e+02 9.865724e-01
3.498000e+02 3.619083e+02 9.809822e-01
3.498000e+02 3.625564e+02 1.000204e+00
3.498000e+02 3.623204e+02 9.753083e-01
3.498000e+02 3.625933e+02 1.004234e+00
3.498000e+02 3.641477e+02 9.889710e-01
3.498000e+02 3.640851e+02 1.002864e+00
3.498000e+02 3.648899e+02 9.798635e-01
3.498000e+02 3.634843e+02 9.827335e-01
3.498000e+02 3.628725e+02 9.893261e-01
3.498000e+02 3.635836e+02 9.999077e-01
3.498000e+02 3.640204e+02 1.002043e+00
3.498000e+02 3.635779e+02 9.830766e-01
3.498000e+02 3.625854e+02 9.980346e-01
3.498000e+02 3.633962e+02 1.004307e+00
3.498000e+02 3.619106e+02 9.814671e-01
3.498000e+02 3.609032e+02 9.830039e-01
3.498000e+02 3.629931e+02 9.744524e-01
3.500000e+02 3.680889e+02 1.033001e+00
3.500000e+02 3.695562e+02 1.006214e+00
3.500000e+02 3.696979e+02 1.019674e+00
3.500000e+02 3.704116e+02 1.016888e+00
3.500000e+02 3.712218e+02 9.883752e-01
3.500000e+02 3.684329e+02 1.009630e+00
3.500000e+02 3.690978e+02 1.024807e+00
3.500000e+02 3.683939e+02 1.018705e+00
3.500000e+02 3.686433e+02 1.037229e+00
3.500000e+02 3.688764e+02 1.010501e+00
3.500000e+02 3.675205e+02 9.972775e-01
3.500000e+02 3.681140e+02 1.033527e+00
3.500000e+02 3.678967e+02 1.005095e+00
3.500000e+02 3.673090e+02 1.014535e+00
3.500000e+02 3.677444e+02 9.872811e-01
3.500000e+02 3.701663e+02 1.023625e+00
3.500000e+02 3.686043e+02 9.945244e-01
3.500000e+02 3.680692e+02 1.003976e+00
3.510000e+02 3.947804e+02 1.132158e+00
3.510000e+02 3.928544e+02 1.094774e+00
3.510000e+02 3.955104e+02 1.119342e+00
3.510000e+02 3.944417e+02 1.092258e+00
3.510000e+02 3.927984e+02 1.114223e+00
3.510000e+02 3.946161e+02 1.131178e+00
3.510000e+02 3.960887e+02 1.099996e+00
3.510000e+02 3.939275e+02 1.101334e+00
3.510000e+02 3.951761e+02 1.096862e+00
3.510000e+02 3.936223e+02 1.116944e+00
3.510000e+02 3.941415e+02 1.118820e+00
3.510000e+02 3.964957e+02 1.109291e+00
3.510000e+02 3.948485e+02 1.125082e+00
3.510000e+02 3.951062e+02 1.101127e+00
3.510000e+02 3.932023e+02 1.095439e+00
3.510000e+02 3.965578e+02 1.114888e+00
3.510000e+02 3.933623e+02 1.123674e+00
3.510000e+02 3.968119e+02 1.104513e+00
3.510000e+02 3.945754e+02 1.113003e+00
3.510000e+02 3.937184e+02 1.121211e+00
3.520000e+02 4.157089e+02 1.203014e+00
3.520000e+02 4.157096e+02 1.193385e+00
3.520000e+02 4.182329e+02 1.191098e+00
3.520000e+02 4.173426e+02 1.235937e+00
3.520000e+02 4.150354e+02 1.167260e+00
3.520000e+02 4.164663e+02 1.152950e+00
3.520000e+02 4.163563e+02 1.160372e+00
3.520000e+02 4.167402e+02 1.204575e+00
3.520000e+02 4.165774e+02 1.172005e+00
3.520000e+02 4.155987e+02 1.173849e+00
3.520000e+02 4.144737e+02 1.197000e+00
3.520000e+02 4.180005e+02 1.218886e+00
3.520000e+02 4.154454e+02 1.179113e+00
3.520000e+02 4.146548e+02 1.192427e+00
3.520000e+02 4.169575e+02 1.190286e+00
3.520000e+02 4.173794e+02 1.213010e+00
3.520000e+02 4.119449e+02 1.191492e+00
3.520000e+02 4.169003e+02 1.208458e+00
3.520000e+02 4.164224e+02 1.203108e+00
3.520000e+02 4.163586e+02 1.197161e+00
3.530000e+02 4.362207e+02 1.271714e+00
3.530000e+02 4.339928e+02 1.245839e+00
3.530000e+02 4.329935e+02 1.276195e+00
3.530000e+02 4.333550e+02 1.247671e+00
3.530000e+02 4.333697e+02 1.271465e+00
3.530000e+02 4.345940e+02 1.275314e+00
3.530000e+02 4.365524e+02 1.282117e+00
3.530000e+02 4.361796e+02 1.281140e+00
3.530000e+02 4.328298e+02 1.247013e+00
3.530000e+02 4.338780e+02 1.270348e+00
3.530000e+02 4.361198e+02 1.277753e+00
3.530000e+02 4.324614e+02 1.262868e+00
3.530000e+02 4.328396e+02 1.226927e+00
3.530000e+02 4.349373e+02 1.219462e+00
3.530000e+02 4.354193e+02 1.277712e+00
3.530000e+02 4.364672e+02 1.272163e+00
3.530000e+02 4.342706e+02 1.262938e+00
3.530000e+02 4.365851e+02 1.256105e+00
3.530000e+02 4.343922e+02 1.268292e+00
3.540000e+02 4.499307e+02 1.344026e+00
3.540000e+02 4.494721e+02 1.336174e+00
3.540000e+02 4.501548e+02 1.314653e+00
3.540000e+02 4.526974e+02 1.349126e+00
3.540000e+02 4.508030e+02 1.387676e+00
3.540000e+02 4.518253e+02 1.342797e+00
3.540000e+02 4.519513e+02 1.311754e+00
3.540000e+02 4.504976e+02 1.326161e+00
3.540000e+02 4.504135e+02 1.323063e+00
3.540000e+02 4.521647e+02 1.331637e+00
3.540000e+02 4.516597e+02 1.309145e+00
3.540000e+02 4.515811e+02 1.313113e+00
3.540000e+02 4.494279e+02 1.311667e+00
3.540000e+02 4.511516e+02 1.334451e+00
3.540000e+02 4.487135e+02 1.332164e+00
3.540000e+02 4.525274e+02 1.317492e+00
3.540000e+02 4.524348e+02 1.333949e+00
3.540000e+02 4.494225e+02 1.356304e+00
3.540000e+02 4.517667e+02 1.325585e+00
3.540000e+02 4.517771e+02 1.338368e+00
3.550000e+02 4.666950e+02 1.397544e+00
3.550000e+02 4.671725e+02 1.390702e+00
3.550000e+02 4.674724e+02 1.401886e+00
3.550000e+02 4.661782e+02 1.396109e+00
3.550000e+02 4.637438e+02 1.354788e+00
3.550000e+02 4.671727e+02 1.360932e+00
3.550000e+02 4.667430e+02 1.413780e+00
3.550000e+02 4.653731e+02 1.419249e+00
3.550000e+02 4.667603e+02 1.373980e+00
3.550000e+02 4.659568e+02 1.373838e+00
3.550000e+02 4.642983e+02 1.357272e+00
3.550000e+02 4.654891e+02 1.387695e+00
3.550000e+02 4.648174e+02 1.371425e+00
3.550000e+02 4.666846e+02 1.387943e+00
3.550000e+02 4.653330e+02 1.397310e+00
3.550000e+02 4.653882e+02 1.384765e+00
3.550000e+02 4.666313e+02 1.382874e+00
3.550000e+02 4.669349e+02 1.367870e+00
3.550000e+02 4.650143e+02 1.348088e+00
3.550000e+02 4.630315e+02 1.348743e+00
3.560000e+02 4.790529e+02 1.415373e+00
3.560000e+02 4.758676e+02 1.450520e+00
3.560000e+02 4.799106e+02 1.411882e+00
3.560000e+02 4.786223e+02 1.453148e+00
3.560000e+02 4.788266e+02 1.433385e+00
3.560000e+02 4.791372e+02 1.411741e+00
3.560000e+02 4.810498e+02 1.418217e+00
3.560000e+02 4.788619e+02 1.445458e+00
3.560000e+02 4.774124e+02 1.466316e+00
3.560000e+02 4.756960e+02 1.445499e+00
3.560000e+02 4.805340e+02 1.404514e+00
3.560000e+02 4.797296e+02 1.411232e+00
3.560000e+02 4.786093e+02 1.415207e+00
3.560000e+02 4.795518e+02 1.434976e+00
3.560000e+02 4.788513e+02 1.435342e+00
3.560000e+02 4.788023e+02 1.445788e+00
3.560000e+02 4.806609e+02 1.434864e+00
3.560000e+02 4.758189e+02 1.437340e+00
3.560000e+02 4.807270e+02 1.484087e+00
3.560000e+02 4.809105e+02 1.479695e+00
3.570000e+02 4.891794e+02 1.438876e+00
3.570000e+02 4.905049e+02 1.462608e+00
3.570000e+02 4.904031e+02 1.473470e+00
3.570000e+02 4.910009e+02 1.497637e+00
3.570000e+02 4.948431e+02 1.469780e+00
3.570000e+02 4.885953e+02 1.437490e+00
3.570000e+02 4.923451e+02 1.479440e+00
3.570000e+02 4.894606e+02 1.454589e+00
3.570000e+02 4.937103e+02 1.482625e+00
3.570000e+02 4.912467e+02 1.490806e+00
3.570000e+02 4.919199e+02 1.505641e+00
3.570000e+02 4.875782e+02 1.469006e+00
3.570000e+02 4.939918e+02 1.506848e+00
3.570000e+02 4.902436e+02 1.508477e+00
3.570000e+02 4.897738e+02 1.510919e+00
3.570000e+02 4.900981e+02 1.518089e+00
3.570000e+02 4.898734e+02 1.496472e+00
3.570000e+02 4.932606e+02 1.484289e+00
3.570000e+02 4.897405e+02 1.485783e+00
3.570000e+02 4.878027e+02 1.483396e+00
3.580000e+02 5.022459e+02 1.511076e+00
3.580000e+02 5.043239e+02 1.556553e+00
3.580000e+02 5.012719e+02 1.521932e+00
3.580000e+02 5.026274e+02 1.548366e+00
3.580000e+02 5.019287e+02 1.514340e+00
3.580000e+02 5.014340e+02 1.548711e+00
3.580000e+02 5.043059e+02 1.547462e+00
3.580000e+02 4.998542e+02 1.569132e+00
3.580000e+02 5.025602e+02 1.504479e+00
3.580000e+02 5.025327e+02 1.534776e+00
3.580000e+02 5.016253e+02 1.564686e+00
3.580000e+02 5.049648e+02 1.522930e+00
3.580000e+02 5.021852e+02 1.509204e+00
3.580000e+02 5.032025e+02 1.571659e+00
3.580000e+02 5.017645e+02 1.526129e+00
3.580000e+02 5.045509e+02 1.553572e+00
3.580000e+02 5.027173e+02 1.522267e+00
3.580000e+02 5.023428e+02 1.496304e+00
3.580000e+02 5.015797e+02 1.526590e+00
3.590000e+02 5.127734e+02 1.572478e+00
3.590000e+02 5.074996e+02 1.553684e+00
3.590000e+02 5.136339e+02 1.538196e+00
3.590000e+02 5.148064e+02 1.588006e+00
3.590000e+02 5.120571e+02 1.579536e+00
3.590000e+02 5.138442e+02 1.543124e+00
3.590000e+02 5.125353e+02 1.578767e+00
3.590000e+02 5.145355e+02 1.531536e+00
3.590000e+02 5.138611e+02 1.554219e+00
3.590000e+02 5.101306e+02 1.583806e+00
3.590000e+02 5.148538e+02 1.579104e+00
3.590000e+02 5.096058e+02 1.607699e+00
3.590000e+02 5.112219e+02 1.544402e+00
3.590000e+02 5.124053e+02 1.581926e+00
3.590000e+02 5.109257e+02 1.554111e+00
3.590000e+02 5.121167e+02 1.564829e+00
3.590000e+02 5.116674e+02 1.561214e+00
3.590000e+02 5.122695e+02 1.570221e+00
3.590000e+02 5.117842e+02 1.551915e+00
3.590000e+02 5.141485e+02 1.522395e+00
3.600000e+02 5.220512e+02 1.577620e+00
3.600000e+02 5.237502e+02 1.549691e+00
3.600000e+02 5.226732e+02 1.608239e+00
3.600000e+02 5.227608e+02 1.570035e+00
3.600000e+02 5.223265e+02 1.612855e+00
3.600000e+02 5.223246e+02 1.621724e+00
3.600000e+02 5.213485e+02 1.626077e+00
3.600000e+02 5.217061e+02 1.574174e+00
3.600000e+02 5.240197e+02 1.614381e+00
3.600000e+02 5.250659e+02 1.640342e+00
3.600000e+02 5.213165e+02 1.673948e+00
3.600000e+02 5.241672e+02 1.610192e+00
3.600000e+02 5.230177e+02 1.596883e+00
3.600000e+02 5.221075e+02 1.589129e+00
3.600000e+02 5.219810e+02 1.656948e+00
3.600000e+02 5.207279e+02 1.588264e+00
3.600000e+02 5.240851e+02 1.617181e+00
3.600000e+02 5.194935e+02 1.638562e+00
3.600000e+02 5.197287e+02 1.593993e+00
3.600000e+02 5.212030e+02 1.613062e+00
3.650000e+02 5.589630e+02 1.765384e+00
3.650000e+02 5.623579e+02 1.813829e+00
3.650000e+02 5.655374e+02 1.803724e+00
3.650000e+02 5.634860e+02 1.791081e+00
3.650000e+02 5.669061e+02 1.771521e+00
3.650000e+02 5.597271e+02 1.794871e+00
3.650000e+02 5.606666e+02 1.841132e+00
3.650000e+02 5.622380e+02 1.899993e+00
3.650000e+02 5.624407e+02 1.734931e+00
3.650000e+02 5.668763e+02 1.798104e+00
3.650000e+02 5.627307e+02 1.824388e+00
3.650000e+02 5.645290e+02 1.771881e+00
3.650000e+02 5.634388e+02 1.780301e+00
3.650000e+02 5.624401e+02 1.753351e+00
3.650000e+02 5.631159e+02 1.822939e+00
3.650000e+02 5.634826e+02 1.772704e+00
3.650000e+02 5.616898e+02 1.776088e+00
3.650000e+02 5.628753e+02 1.801482e+00
3.650000e+02 5.631568e+02 1.768842e+00
3.650000e+02 5.632708e+02 1.708653e+00
3.700000e+02 5.941466e+02 1.897242e+00
3.700000e+02 5.888684e+02 1.888815e+00
3.700000e+02 5.931782e+02 1.960443e+00
3.700000e+02 5.951837e+02 2.024965e+00
3.700000e+02 5.912096e+02 1.947542e+00
3.700000e+02 5.942092e+02 1.904858e+00
3.700000e+02 5.939470e+02 1.942317e+00
3.700000e+02 5.949327e+02 1.891897e+00
3.700000e+02 5.915423e+02 1.889550e+00
3.700000e+02 5.897591e+02 1.927272e+00
3.700000e+02 5.890489e+02 1.968905e+00
3.700000e+02 5.946800e+02 1.935647e+00
3.700000e+02 5.929245e+02 1.926184e+00
3.700000e+02 5.946770e+02 1.965893e+00
3.700000e+02 5.912968e+02 1.909137e+00
3.700000e+02 5.920473e+02 1.891190e+00
3.700000e+02 5.939680e+02 1.946032e+00
3.700000e+02 5.952140e+02 1.950836e+00
3.700000e+02 5.929577e+02 1.909862e+00
3.750000e+02 6.175263e+02 2.071489e+00
3.750000e+02 6.134663e+02 2.013999e+00
3.750000e+02 6.159472e+02 2.022650e+00
3.750000e+02 6.170711e+02 2.011805e+00
3.750000e+02 6.166419e+02 2.094711e+00
3.750000e+02 6.163620e+02 2.071045e+00
3.750000e+02 6.185607e+02 2.036069e+00
3.750000e+02 6.198893e+02 2.049579e+00
3.750000e+02 6.135182e+02 2.130487e+00
3.750000e+02 6.209227e+02 2.045477e+00
3.750000e+02 6.197495e+02 2.028793e+00
3.750000e+02 6.172549e+02 1.987981e+00
3.750000e+02 6.173301e+02 2.013897e+00
3.750000e+02 6.180268e+02 2.041490e+00
3.750000e+02 6.149810e+02 2.039237e+00
3.750000e+02 6.159734e+02 2.016390e+00
3.750000e+02 6.193161e+02 2.012671e+00
3.750000e+02 6.182192e+02 2.034998e+00
3.750000e+02 6.187498e+02 2.022434e+00
3.800000e+02 6.369835e+02 2.099305e+00
3.800000e+02 6.381531e+02 2.101524e+00
3.800000e+02 6.406570e+02 2.073986e+00
3.800000e+02 6.369732e+02 2.101481e+00
3.800000e+02 6.348157e+02 2.110292e+00
3.800000e+02 6.395291e+02 2.151549e+00
3.800000e+02 6.332840e+02 2.101320e+00
3.800000e+02 6.405467e+02 2.141479e+00
3.800000e+02 6.362726e+02 2.134998e+00
3.800000e+02 6.371592e+02 2.175828e+00
3.800000e+02 6.340716e+02 2.117071e+00
3.800000e+02 6.357040e+02 2.083025e+00
3.800000e+02 6.381527e+02 2.140090e+00
3.800000e+02 6.377543e+02 2.101838e+00
3.800000e+02 6.319943e+02 2.155639e+00
3.800000e+02 6.348003e+02 2.123846e+00
3.800000e+02 6.333639e+02 2.118400e+00
3.800000e+02 6.363386e+02 2.102716e+00
3.800000e+02 6.360822e+02 2.096736e+00
3.800000e+02 6.350412e+02 2.105741e+00
3.850000e+02 6.521825e+02 2.156782e+00
3.850000e+02 6.497384e+02 2.196645e+00
3.850000e+02 6.504734e+02 2.159308e+00
3.850000e+02 6.492664e+02 2.135693e+00
3.850000e+02 6.534952e+02 2.162234e+00
3.850000e+02 6.504158e+02 2.192439e+00
3.850000e+02 6.533580e+02 2.157035e+00
3.850000e+02 6.504198e+02 2.181946e+00
3.850000e+02 6.506098e+02 2.200520e+00
3.850000e+02 6.467439e+02 2.180960e+00
3.850000e+02 6.537071e+02 2.226505e+00
3.850000e+02 6.460589e+02 2.163970e+00
3.850000e+02 6.451248e+02 2.152526e+00
3.850000e+02 6.525302e+02 2.210421e+00
3.850000e+02 6.496661e+02 2.155000e+00
3.850000e+02 6.476348e+02 2.163987e+00
3.850000e+02 6.496482e+02 2.139821e+00
3.850000e+02 6.519513e+02 2.192087e+00
3.850000e+02 6.556787e+02 2.175501e+00
3.850000e+02 6.515729e+02 2.169768e+00
