3.250000e+02 7.277495e+00 1.306544e-02
3.250000e+02 7.291944e+00 1.313083e-02
3.250000e+02 7.274557e+00 1.311500e-02
3.250000e+02 7.287872e+00 1.311869e-02
3.250000e+02 7.295250e+00 1.314910e-02
3.250000e+02 7.294506e+00 1.309491e-02
3.250000e+02 7.296598e+00 1.312622e-02
3.250000e+02 7.299991e+00 1.297660e-02
3.250000e+02 7.285671e+00 1.314000e-02
3.250000e+02 7.275481e+00 1.306738e-02
3.250000e+02 7.260386e+00 1.307987e-02
3.250000e+02 7.259681e+00 1.305943e-02
3.250000e+02 7.286744e+00 1.324022e-02
3.250000e+02 7.291341e+00 1.307371e-02
3.250000e+02 7.303002e+00 1.324507e-02
3.250000e+02 7.285052e+00 1.318969e-02
3.250000e+02 7.303219e+00 1.313757e-02
3.250000e+02 7.273108e+00 1.307453e-02
3.250000e+02 7.298084e+00 1.305789e-02
3.250000e+02 7.288075e+00 1.307335e-02
3.260000e+02 7.644987e+00 1.370244e-02
3.260000e+02 7.623367e+00 1.387939e-02
3.260000e+02 7.625408e+00 1.389773e-02
3.260000e+02 7.642946e+00 1.378201e-02
3.260000e+02 7.631591e+00 1.379301e-02
3.260000e+02 7.636301e+00 1.372420e-02
3.260000e+02 7.665757e+00 1.378798e-02
3.260000e+02 7.642383e+00 1.379880e-02
3.260000e+02 7.666619e+00 1.379237e-02
3.260000e+02 7.665955e+00 1.389951e-02
3.260000e+02 7.646687e+00 1.375778e-02
3.260000e+02 7.656501e+00 1.376133e-02
3.260000e+02 7.655758e+00 1.377819e-02
3.260000e+02 7.628657e+00 1.377614e-02
3.260000e+02 7.623797e+00 1.375416e-02
3.260000e+02 7.622613e+00 1.382066e-02
3.260000e+02 7.624488e+00 1.384433e-02
3.260000e+02 7.636918e+00 1.378174e-02
3.260000e+02 7.653526e+00 1.398641e-02
3.270000e+02 8.003480e+00 1.445339e-02
3.270000e+02 8.021540e+00 1.450486e-02
3.270000e+02 8.020604e+00 1.442823e-02
3.270000e+02 8.004813e+00 1.455098e-02
3.270000e+02 8.008908e+00 1.471425e-02
3.270000e+02 8.014141e+00 1.452619e-02
3.270000e+02 8.019210e+00 1.448991e-02
3.270000e+02 8.027287e+00 1.443566e-02
3.270000e+02 8.002953e+00 1.456248e-02
3.270000e+02 8.020394e+00 1.465219e-02
3.270000e+02 8.007578e+00 1.448265e-02
3.270000e+02 8.027565e+00 1.444339e-02
3.270000e+02 8.016097e+00 1.460080e-02
3.270000e+02 8.001495e+00 1.441870e-02
3.270000e+02 8.045094e+00 1.450584e-02
3.270000e+02 8.019122e+00 1.454915e-02
3.270000e+02 8.012707e+00 1.457213e-02
3.270000e+02 8.030175e+00 1.457211e-02
3.270000e+02 8.028149e+00 1.458839e-02
3.270000e+02 8.017617e+00 1.463521e-02
3.280000e+02 8.429665e+00 1.538697e-02
3.280000e+02 8.401865e+00 1.547969e-02
3.280000e+02 8.410394e+00 1.532298e-02
3.280000e+02 8.413897e+00 1.531561e-02
3.280000e+02 8.400910e+00 1.543389e-02
3.280000e+02 8.426305e+00 1.535264e-02
3.280000e+02 8.425362e+00 1.534694e-02
3.280000e+02 8.401742e+00 1.533717e-02
3.280000e+02 8.399451e+00 1.534403e-02
3.280000e+02 8.402743e+00 1.524964e-02
3.280000e+02 8.377081e+00 1.537782e-02
3.280000e+02 8.402190e+00 1.544142e-02
3.280000e+02 8.378621e+00 1.529077e-02
3.280000e+02 8.407143e+00 1.532594e-02
3.280000e+02 8.442985e+00 1.534183e-02
3.280000e+02 8.409179e+00 1.548430e-02
3.280000e+02 8.390796e+00 1.527888e-02
3.280000e+02 8.415801e+00 1.538490e-02
3.280000e+02 8.424180e+00 1.532104e-02
3.280000e+02 8.417626e+00 1.522109e-02
3.290000e+02 8.837730e+00 1.611188e-02
3.290000e+02 8.846342e+00 1.615917e-02
3.290000e+02 8.864919e+00 1.635654e-02
3.290000e+02 8.851569e+00 1.612189e-02
3.290000e+02 8.821662e+00 1.619110e-02
3.290000e+02 8.772291e+00 1.614184e-02
3.290000e+02 8.882186e+00 1.619355e-02
3.290000e+02 8.816634e+00 1.624953e-02
3.290000e+02 8.829441e+00 1.609767e-02
3.290000e+02 8.831972e+00 1.629248e-02
3.290000e+02 8.829587e+00 1.625227e-02
3.290000e+02 8.866591e+00 1.625747e-02
3.290000e+02 8.836937e+00 1.618300e-02
3.290000e+02 8.851111e+00 1.623218e-02
3.290000e+02 8.817807e+00 1.620731e-02
3.290000e+02 8.824125e+00 1.624216e-02
3.290000e+02 8.842984e+00 1.634596e-02
3.290000e+02 8.801525e+00 1.611551e-02
3.290000e+02 8.834990e+00 1.624309e-02
3.290000e+02 8.844082e+00 1.603487e-02
3.300000e+02 9.304237e+00 1.724415e-02
3.300000e+02 9.297638e+00 1.708220e-02
3.300000e+02 9.297489e+00 1.720480e-02
3.300000e+02 9.315284e+00 1.706149e-02
3.300000e+02 9.308008e+00 1.712106e-02
3.300000e+02 9.287065e+00 1.693291e-02
3.300000e+02 9.280068e+00 1.713649e-02
3.300000e+02 9.297148e+00 1.719419e-02
3.300000e+02 9.301423e+00 1.715513e-02
3.300000e+02 9.290239e+00 1.728347e-02
3.300000e+02 9.283463e+00 1.720005e-02
3.300000e+02 9.283580e+00 1.710103e-02
3.300000e+02 9.301567e+00 1.715122e-02
3.300000e+02 9.276802e+00 1.703171e-02
3.300000e+02 9.291302e+00 1.733205e-02
3.300000e+02 9.315242e+00 1.718918e-02
3.300000e+02 9.272835e+00 1.722176e-02
3.300000e+02 9.282830e+00 1.694028e-02
3.300000e+02 9.278034e+00 1.711638e-02
3.310000e+02 9.807749e+00 1.820206e-02
3.310000e+02 9.762796e+00 1.830392e-02
3.310000e+02 9.777833e+00 1.809624e-02
3.310000e+02 9.815349e+00 1.827432e-02
3.310000e+02 9.782654e+00 1.819037e-02
3.310000e+02 9.766887e+00 1.822155e-02
3.310000e+02 9.776998e+00 1.804805e-02
3.310000e+02 9.782295e+00 1.828594e-02
3.310000e+02 9.778604e+00 1.787743e-02
3.310000e+02 9.799073e+00 1.826491e-02
3.310000e+02 9.803681e+00 1.837450e-02
3.310000e+02 9.808643e+00 1.817056e-02
3.310000e+02 9.803968e+00 1.841713e-02
3.310000e+02 9.802089e+00 1.820539e-02
3.310000e+02 9.793780e+00 1.835129e-02
3.310000e+02 9.796204e+00 1.821281e-02
3.310000e+02 9.801939e+00 1.819560e-02
3.310000e+02 9.777126e+00 1.815956e-02
3.310000e+02 9.829195e+00 1.809046e-02
3.310000e+02 9.795101e+00 1.813358e-02
3.320000e+02 1.030112e+01 1.908341e-02
3.320000e+02 1.034352e+01 1.942607e-02
3.320000e+02 1.033139e+01 1.936471e-02
3.320000e+02 1.031017e+01 1.946311e-02
3.320000e+02 1.035779e+01 1.945323e-02
3.320000e+02 1.033758e+01 1.921634e-02
3.320000e+02 1.033964e+01 1.942677e-02
3.320000e+02 1.031377e+01 1.905749e-02
3.320000e+02 1.032811e+01 1.931410e-02
3.320000e+02 1.034602e+01 1.929889e-02
3.320000e+02 1.033707e+01 1.921565e-02
3.320000e+02 1.031961e+01 1.937416e-02
3.320000e+02 1.032553e+01 1.918619e-02
3.320000e+02 1.035205e+01 1.913666e-02
3.320000e+02 1.033682e+01 1.922102e-02
3.320000e+02 1.033031e+01 1.940848e-02
3.320000e+02 1.033480e+01 1.904554e-02
3.320000e+02 1.034646e+01 1.946418e-02
3.320000e+02 1.033561e+01 1.950948e-02
3.330000e+02 1.096031e+01 2.068758e-02
3.330000e+02 1.094900e+01 2.070563e-02
3.330000e+02 1.093071e+01 2.053392e-02
3.330000e+02 1.097882e+01 2.063506e-02
3.330000e+02 1.092272e+01 2.054557e-02
3.330000e+02 1.094991e+01 2.082858e-02
3.330000e+02 1.095197e+01 2.041017e-02
3.330000e+02 1.093646e+01 2.080004e-02
3.330000e+02 1.098742e+01 2.099386e-02
3.330000e+02 1.099595e+01 2.080308e-02
3.330000e+02 1.094585e+01 2.068714e-02
3.330000e+02 1.093618e+01 2.038075e-02
3.330000e+02 1.096580e+01 2.082426e-02
3.330000e+02 1.097326e+01 2.063603e-02
3.330000e+02 1.092276e+01 2.048519e-02
3.330000e+02 1.094502e+01 2.094609e-02
3.330000e+02 1.089069e+01 2.066901e-02
3.330000e+02 1.091778e+01 2.032597e-02
3.330000e+02 1.093528e+01 2.036836e-02
3.340000e+02 1.160607e+01 2.193300e-02
3.340000e+02 1.162155e+01 2.229596e-02
3.340000e+02 1.160293e+01 2.227802e-02
3.340000e+02 1.161276e+01 2.218749e-02
3.340000e+02 1.161000e+01 2.203428e-02
3.340000e+02 1.160925e+01 2.187227e-02
3.340000e+02 1.157240e+01 2.198954e-02
3.340000e+02 1.157203e+01 2.159076e-02
3.340000e+02 1.160585e+01 2.180677e-02
3.340000e+02 1.164790e+01 2.215611e-02
3.340000e+02 1.159180e+01 2.185453e-02
3.340000e+02 1.159243e+01 2.174134e-02
3.340000e+02 1.164317e+01 2.217954e-02
3.340000e+02 1.160344e+01 2.182627e-02
3.340000e+02 1.157347e+01 2.246861e-02
3.340000e+02 1.158824e+01 2.189520e-02
3.340000e+02 1.162957e+01 2.190608e-02
3.340000e+02 1.159554e+01 2.205927e-02
3.340000e+02 1.159899e+01 2.183505e-02
3.340000e+02 1.161162e+01 2.202459e-02
3.350000e+02 1.237124e+01 2.385218e-02
3.350000e+02 1.233160e+01 2.355290e-02
3.350000e+02 1.236918e+01 2.392754e-02
3.350000e+02 1.237191e+01 2.366796e-02
3.350000e+02 1.234290e+01 2.455458e-02
3.350000e+02 1.235835e+01 2.393846e-02
3.350000e+02 1.238906e+01 2.377323e-02
3.350000e+02 1.236955e+01 2.420489e-02
3.350000e+02 1.239010e+01 2.395885e-02
3.350000e+02 1.236638e+01 2.407177e-02
3.350000e+02 1.233881e+01 2.378235e-02
3.350000e+02 1.235741e+01 2.374272e-02
3.350000e+02 1.237668e+01 2.374973e-02
3.350000e+02 1.232958e+01 2.328592e-02
3.350000e+02 1.229002e+01 2.365418e-02
3.350000e+02 1.233198e+01 2.351768e-02
3.350000e+02 1.237794e+01 2.394469e-02
3.350000e+02 1.238495e+01 2.354818e-02
3.350000e+02 1.233979e+01 2.361076e-02
3.350000e+02 1.237214e+01 2.388781e-02
3.360000e+02 1.313148e+01 2.530790e-02
3.360000e+02 1.321812e+01 2.583601e-02
3.360000e+02 1.319200e+01 2.566450e-02
3.360000e+02 1.323116e+01 2.576325e-02
3.360000e+02 1.324120e+01 2.574562e-02
3.360000e+02 1.316920e+01 2.528535e-02
3.360000e+02 1.321809e+01 2.582241e-02
3.360000e+02 1.321740e+01 2.589419e-02
3.360000e+02 1.317640e+01 2.573326e-02
3.360000e+02 1.322413e+01 2.576870e-02
3.360000e+02 1.325658e+01 2.589192e-02
3.360000e+02 1.318452e+01 2.585034e-02
3.360000e+02 1.320710e+01 2.557473e-02
3.360000e+02 1.320226e+01 2.581194e-02
3.360000e+02 1.320594e+01 2.560726e-02
3.360000e+02 1.325523e+01 2.525923e-02
3.360000e+02 1.321434e+01 2.544259e-02
3.360000e+02 1.322772e+01 2.536950e-02
3.360000e+02 1.321757e+01 2.554045e-02
3.370000e+02 1.421081e+01 2.789506e-02
3.370000e+02 1.419501e+01 2.789159e-02
3.370000e+02 1.422132e+01 2.784811e-02
3.370000e+02 1.419453e+01 2.836654e-02
3.370000e+02 1.419932e+01 2.764062e-02
3.370000e+02 1.414824e+01 2.708593e-02
3.370000e+02 1.418792e+01 2.791612e-02
3.370000e+02 1.421089e+01 2.782909e-02
3.370000e+02 1.418525e+01 2.771231e-02
3.370000e+02 1.418673e+01 2.747883e-02
3.370000e+02 1.416630e+01 2.769991e-02
3.370000e+02 1.415606e+01 2.771023e-02
3.370000e+02 1.415723e+01 2.776062e-02
3.370000e+02 1.417957e+01 2.776204e-02
3.370000e+02 1.419336e+01 2.800850e-02
3.370000e+02 1.421873e+01 2.829295e-02
3.370000e+02 1.421687e+01 2.788045e-02
3.370000e+02 1.420437e+01 2.765775e-02
3.370000e+02 1.415847e+01 2.831882e-02
3.370000e+02 1.420698e+01 2.752806e-02
3.380000e+02 1.531682e+01 3.094531e-02
3.380000e+02 1.529315e+01 3.104833e-02
3.380000e+02 1.528313e+01 3.018815e-02
3.380000e+02 1.531746e+01 3.027533e-02
3.380000e+02 1.532772e+01 3.054491e-02
3.380000e+02 1.534275e+01 3.056646e-02
3.380000e+02 1.533534e+01 3.040143e-02
3.380000e+02 1.533492e+01 3.091104e-02
3.380000e+02 1.530752e+01 3.078011e-02
3.380000e+02 1.532601e+01 3.017036e-02
3.380000e+02 1.536776e+01 3.062958e-02
3.380000e+02 1.530681e+01 3.045252e-02
3.380000e+02 1.531555e+01 3.060466e-02
3.380000e+02 1.535770e+01 3.069985e-02
3.380000e+02 1.535066e+01 3.041681e-02
3.380000e+02 1.538038e+01 3.012045e-02
3.380000e+02 1.531387e+01 3.016298e-02
3.380000e+02 1.525606e+01 3.054639e-02
3.380000e+02 1.534997e+01 3.060957e-02
3.380000e+02 1.535302e+01 3.077518e-02
3.390000e+02 1.671124e+01 3.355239e-02
3.390000e+02 1.669827e+01 3.314189e-02
3.390000e+02 1.668914e+01 3.352138e-02
3.390000e+02 1.664796e+01 3.406844e-02
3.390000e+02 1.670658e+01 3.320207e-02
3.390000e+02 1.668366e+01 3.346134e-02
3.390000e+02 1.667179e+01 3.372822e-02
3.390000e+02 1.671886e+01 3.331215e-02
3.390000e+02 1.664503e+01 3.355790e-02
3.390000e+02 1.673514e+01 3.363244e-02
3.390000e+02 1.664752e+01 3.293751e-02
3.390000e+02 1.668522e+01 3.359817e-02
3.390000e+02 1.664789e+01 3.406059e-02
3.390000e+02 1.669206e+01 3.368434e-02
3.390000e+02 1.669303e+01 3.383813e-02
3.390000e+02 1.672258e+01 3.358513e-02
3.390000e+02 1.672286e+01 3.346635e-02
3.390000e+02 1.671886e+01 3.322969e-02
3.390000e+02 1.669774e+01 3.321288e-02
3.390000e+02 1.666629e+01 3.349629e-02
3.400000e+02 1.839197e+01 3.748125e-02
3.400000e+02 1.833756e+01 3.834247e-02
3.400000e+02 1.838094e+01 3.776236e-02
3.400000e+02 1.838833e+01 3.751604e-02
3.400000e+02 1.836181e+01 3.762951e-02
3.400000e+02 1.836516e+01 3.747886e-02
3.400000e+02 1.836791e+01 3.805317e-02
3.400000e+02 1.829678e+01 3.708529e-02
3.400000e+02 1.841796e+01 3.817124e-02
3.400000e+02 1.833096e+01 3.720237e-02
3.400000e+02 1.832761e+01 3.677494e-02
3.400000e+02 1.834850e+01 3.730492e-02
3.400000e+02 1.832331e+01 3.756026e-02
3.400000e+02 1.835361e+01 3.788148e-02
3.400000e+02 1.838182e+01 3.676752e-02
3.400000e+02 1.833568e+01 3.771169e-02
3.400000e+02 1.837974e+01 3.766789e-02
3.400000e+02 1.832215e+01 3.775917e-02
3.400000e+02 1.835765e+01 3.814819e-02
3.400000e+02 1.831311e+01 3.799622e-02
3.402000e+02 1.867117e+01 3.829361e-02
3.402000e+02 1.870800e+01 3.801929e-02
3.402000e+02 1.868527e+01 3.850800e-02
3.402000e+02 1.870706e+01 3.759960e-02
3.402000e+02 1.872072e+01 3.853556e-02
3.402000e+02 1.872735e+01 3.779734e-02
3.402000e+02 1.870822e+01 3.958431e-02
3.402000e+02 1.868013e+01 3.936102e-02
3.402000e+02 1.872541e+01 3.872954e-02
3.402000e+02 1.869948e+01 3.906549e-02
3.402000e+02 1.871164e+01 3.829082e-02
3.402000e+02 1.872659e+01 3.821013e-02
3.402000e+02 1.875061e+01 3.832794e-02
3.402000e+02 1.876534e+01 3.785148e-02
3.402000e+02 1.870906e+01 3.774181e-02
3.402000e+02 1.872682e+01 3.797524e-02
3.402000e+02 1.871899e+01 3.845071e-02
3.402000e+02 1.872520e+01 3.901836e-02
3.402000e+02 1.869457e+01 3.800493e-02
3.404000e+02 1.908317e+01 3.934834e-02
3.404000e+02 1.913796e+01 3.924298e-02
3.404000e+02 1.905225e+01 3.902643e-02
3.404000e+02 1.922391e+01 3.945005e-02
3.404000e+02 1.914750e+01 3.967759e-02
3.404000e+02 1.910898e+01 3.961199e-02
3.404000e+02 1.915953e+01 3.906510e-02
3.404000e+02 1.918739e+01 3.944433e-02
3.404000e+02 1.903047e+01 3.942552e-02
3.404000e+02 1.917508e+01 4.008093e-02
3.404000e+02 1.913945e+01 3.911099e-02
3.404000e+02 1.913963e+01 3.982203e-02
3.404000e+02 1.908944e+01 3.908470e-02
3.404000e+02 1.914100e+01 3.905289e-02
3.404000e+02 1.913629e+01 3.904351e-02
3.404000e+02 1.912147e+01 3.906815e-02
3.404000e+02 1.914553e+01 3.908680e-02
3.404000e+02 1.908306e+01 3.991459e-02
3.404000e+02 1.912767e+01 3.912820e-02
3.404000e+02 1.908248e+01 3.916754e-02
3.406000e+02 1.949439e+01 4.030581e-02
3.406000e+02 1.945666e+01 4.047574e-02
3.406000e+02 1.948780e+01 3.947786e-02
3.406000e+02 1.956267e+01 4.049149e-02
3.406000e+02 1.949572e+01 3.942412e-02
3.406000e+02 1.948599e+01 3.943044e-02
3.406000e+02 1.951116e+01 4.115653e-02
3.406000e+02 1.949131e+01 3.967509e-02
3.406000e+02 1.946963e+01 3.988733e-02
3.406000e+02 1.953470e+01 4.001706e-02
3.406000e+02 1.944726e+01 4.055722e-02
3.406000e+02 1.955193e+01 3.950825e-02
3.406000e+02 1.950670e+01 4.012101e-02
3.406000e+02 1.954788e+01 4.091227e-02
3.406000e+02 1.953400e+01 4.013656e-02
3.406000e+02 1.956892e+01 3.919306e-02
3.406000e+02 1.957030e+01 4.080243e-02
3.406000e+02 1.946905e+01 4.081112e-02
3.406000e+02 1.956543e+01 4.061292e-02
3.406000e+02 1.947085e+01 4.068071e-02
3.408000e+02 2.000980e+01 4.142058e-02
3.408000e+02 2.003086e+01 4.092323e-02
3.408000e+02 1.988135e+01 4.126542e-02
3.408000e+02 1.998767e+01 4.184015e-02
3.408000e+02 1.997071e+01 4.130306e-02
3.408000e+02 1.993343e+01 4.151631e-02
3.408000e+02 1.996452e+01 4.217514e-02
3.408000e+02 1.998714e+01 4.115358e-02
3.408000e+02 1.986796e+01 4.124889e-02
3.408000e+02 1.992812e+01 4.086075e-02
3.408000e+02 1.989179e+01 4.088653e-02
3.408000e+02 1.997594e+01 4.201009e-02
3.408000e+02 1.999038e+01 4.187256e-02
3.408000e+02 1.997142e+01 4.120820e-02
3.408000e+02 1.996442e+01 4.142256e-02
3.408000e+02 2.000933e+01 4.093944e-02
3.408000e+02 2.004106e+01 4.093835e-02
3.408000e+02 1.990948e+01 4.132507e-02
3.408000e+02 1.992440e+01 4.057655e-02
3.408000e+02 1.996733e+01 4.180100e-02
3.410000e+02 2.043182e+01 4.238299e-02
3.410000e+02 2.042415e+01 4.311384e-02
3.410000e+02 2.044039e+01 4.206361e-02
3.410000e+02 2.040591e+01 4.221804e-02
3.410000e+02 2.042982e+01 4.314759e-02
3.410000e+02 2.045702e+01 4.205307e-02
3.410000e+02 2.036550e+01 4.269044e-02
3.410000e+02 2.044206e+01 4.296858e-02
3.410000e+02 2.035504e+01 4.205364e-02
3.410000e+02 2.030977e+01 4.181774e-02
3.410000e+02 2.037354e+01 4.341534e-02
3.410000e+02 2.035389e+01 4.222830e-02
3.410000e+02 2.040835e+01 4.261757e-02
3.410000e+02 2.038639e+01 4.416799e-02
3.410000e+02 2.044547e+01 4.192065e-02
3.410000e+02 2.037726e+01 4.246979e-02
3.410000e+02 2.048471e+01 4.258297e-02
3.410000e+02 2.034577e+01 4.284973e-02
3.410000e+02 2.043979e+01 4.230910e-02
3.410000e+02 2.043102e+01 4.322020e-02
3.412000e+02 2.096768e+01 4.332868e-02
3.412000e+02 2.100525e+01 4.383752e-02
3.412000e+02 2.081651e+01 4.346473e-02
3.412000e+02 2.088853e+01 4.367729e-02
3.412000e+02 2.089024e+01 4.420095e-02
3.412000e+02 2.091334e+01 4.400186e-02
3.412000e+02 2.100436e+01 4.405962e-02
3.412000e+02 2.080522e+01 4.318583e-02
3.412000e+02 2.092578e+01 4.348251e-02
3.412000e+02 2.081407e+01 4.375867e-02
3.412000e+02 2.081944e+01 4.463638e-02
3.412000e+02 2.093726e+01 4.315789e-02
3.412000e+02 2.095596e+01 4.386014e-02
3.412000e+02 2.086271e+01 4.300202e-02
3.412000e+02 2.090775e+01 4.365653e-02
3.412000e+02 2.094447e+01 4.379622e-02
3.412000e+02 2.086965e+01 4.287338e-02
3.412000e+02 2.083564e+01 4.332589e-02
3.412000e+02 2.086780e+01 4.384371e-02
3.412000e+02 2.095624e+01 4.346537e-02
3.414000e+02 2.137905e+01 4.538001e-02
3.414000e+02 2.145471e+01 4.556403e-02
3.414000e+02 2.145757e+01 4.434372e-02
3.414000e+02 2.145601e+01 4.539733e-02
3.414000e+02 2.139238e+01 4.484899e-02
3.414000e+02 2.140369e+01 4.341300e-02
3.414000e+02 2.138532e+01 4.539863e-02
3.414000e+02 2.136001e+01 4.455226e-02
3.414000e+02 2.135925e+01 4.465780e-02
3.414000e+02 2.141237e+01 4.566217e-02
3.414000e+02 2.142987e+01 4.432613e-02
3.414000e+02 2.137094e+01 4.409447e-02
3.414000e+02 2.141856e+01 4.404602e-02
3.414000e+02 2.143717e+01 4.414828e-02
3.414000e+02 2.157012e+01 4.482378e-02
3.414000e+02 2.137406e+01 4.498163e-02
3.414000e+02 2.140116e+01 4.565252e-02
3.414000e+02 2.148156e+01 4.504300e-02
3.414000e+02 2.143073e+01 4.445738e-02
3.416000e+02 2.194928e+01 4.563170e-02
3.416000e+02 2.193821e+01 4.787160e-02
3.416000e+02 2.191853e+01 4.594726e-02
3.416000e+02 2.185875e+01 4.649136e-02
3.416000e+02 2.193240e+01 4.634377e-02
3.416000e+02 2.199061e+01 4.603886e-02
3.416000e+02 2.202252e+01 4.691849e-02
3.416000e+02 2.196077e+01 4.634574e-02
3.416000e+02 2.194207e+01 4.500843e-02
3.416000e+02 2.198894e+01 4.479227e-02
3.416000e+02 2.191160e+01 4.731093e-02
3.416000e+02 2.196326e+01 4.756081e-02
3.416000e+02 2.200042e+01 4.593871e-02
3.416000e+02 2.194955e+01 4.571196e-02
3.416000e+02 2.197263e+01 4.704824e-02
3.416000e+02 2.194754e+01 4.605562e-02
3.416000e+02 2.195810e+01 4.674609e-02
3.416000e+02 2.201939e+01 4.572060e-02
3.416000e+02 2.196381e+01 4.676263e-02
3.416000e+02 2.194807e+01 4.647844e-02
3.418000e+02 2.247424e+01 4.723420e-02
3.418000e+02 2.255051e+01 4.778370e-02
3.418000e+02 2.247665e+01 4.871600e-02
3.418000e+02 2.247874e+01 4.863602e-02
3.418000e+02 2.246562e+01 4.689271e-02
3.418000e+02 2.249960e+01 4.801551e-02
3.418000e+02 2.255722e+01 4.730485e-02
3.418000e+02 2.244052e+01 4.771777e-02
3.418000e+02 2.241980e+01 4.683489e-02
3.418000e+02 2.247726e+01 4.778825e-02
3.418000e+02 2.248384e+01 4.927789e-02
3.418000e+02 2.253199e+01 4.758766e-02
3.418000e+02 2.254682e+01 4.877288e-02
3.418000e+02 2.251497e+01 4.720959e-02
3.418000e+02 2.253735e+01 4.907969e-02
3.418000e+02 2.249859e+01 4.769110e-02
3.418000e+02 2.255234e+01 4.921744e-02
3.418000e+02 2.258744e+01 4.637620e-02
3.418000e+02 2.251510e+01 4.788311e-02
3.418000e+02 2.247405e+01 4.717943e-02
3.420000e+02 2.318165e+01 4.914012e-02
3.420000e+02 2.311136e+01 4.898443e-02
3.420000e+02 2.314614e+01 4.936205e-02
3.420000e+02 2.310686e+01 4.865201e-02
3.420000e+02 2.310590e+01 4.977787e-02
3.420000e+02 2.309668e+01 4.944522e-02
3.420000e+02 2.313521e+01 4.868324e-02
3.420000e+02 2.305261e+01 4.804669e-02
3.420000e+02 2.316790e+01 4.864165e-02
3.420000e+02 2.310226e+01 4.796608e-02
3.420000e+02 2.317578e+01 4.977922e-02
3.420000e+02 2.316316e+01 4.986754e-02
3.420000e+02 2.312963e+01 4.999323e-02
3.420000e+02 2.313259e+01 4.838862e-02
3.420000e+02 2.314962e+01 4.904665e-02
3.420000e+02 2.307916e+01 4.845658e-02
3.420000e+02 2.313622e+01 4.797033e-02
3.420000e+02 2.315028e+01 4.870998e-02
3.420000e+02 2.311606e+01 4.773445e-02
3.420000e+02 2.312264e+01 4.697808e-02
3.422000e+02 2.378725e+01 5.019191e-02
3.422000e+02 2.375014e+01 4.938838e-02
3.422000e+02 2.368622e+01 4.993527e-02
3.422000e+02 2.372874e+01 5.052747e-02
3.422000e+02 2.376431e+01 4.991554e-02
3.422000e+02 2.370968e+01 4.963401e-02
3.422000e+02 2.373445e+01 5.011511e-02
3.422000e+02 2.384101e+01 5.133722e-02
3.422000e+02 2.372644e+01 5.092677e-02
3.422000e+02 2.386077e+01 4.992059e-02
3.422000e+02 2.377518e+01 5.158875e-02
3.422000e+02 2.380646e+01 5.093746e-02
3.422000e+02 2.373826e+01 5.058272e-02
3.422000e+02 2.365859e+01 5.017092e-02
3.422000e+02 2.376128e+01 5.166473e-02
3.422000e+02 2.369877e+01 5.090611e-02
3.422000e+02 2.384241e+01 5.148762e-02
3.422000e+02 2.385841e+01 5.142662e-02
3.422000e+02 2.386682e+01 5.086843e-02
3.424000e+02 2.451741e+01 5.111793e-02
3.424000e+02 2.448582e+01 5.325945e-02
3.424000e+02 2.447589e+01 5.206764e-02
3.424000e+02 2.442063e+01 5.227208e-02
3.424000e+02 2.440767e+01 5.186656e-02
3.424000e+02 2.451255e+01 5.141598e-02
3.424000e+02 2.447043e+01 5.208783e-02
3.424000e+02 2.442615e+01 5.312324e-02
3.424000e+02 2.451643e+01 5.160112e-02
3.424000e+02 2.445613e+01 5.095866e-02
3.424000e+02 2.448953e+01 5.136424e-02
3.424000e+02 2.445890e+01 5.361677e-02
3.424000e+02 2.443208e+01 5.221077e-02
3.424000e+02 2.447425e+01 5.171557e-02
3.424000e+02 2.442660e+01 5.154106e-02
3.424000e+02 2.451753e+01 5.214520e-02
3.424000e+02 2.441687e+01 5.204702e-02
3.424000e+02 2.447497e+01 5.132999e-02
3.424000e+02 2.449519e+01 5.221643e-02
3.424000e+02 2.446187e+01 5.246278e-02
3.426000e+02 2.519683e+01 5.413004e-02
3.426000e+02 2.513281e+01 5.538306e-02
3.426000e+02 2.523495e+01 5.466383e-02
3.426000e+02 2.523637e+01 5.272571e-02
3.426000e+02 2.518651e+01 5.253234e-02
3.426000e+02 2.522110e+01 5.366367e-02
3.426000e+02 2.521262e+01 5.218713e-02
3.426000e+02 2.519011e+01 5.507756e-02
3.426000e+02 2.524346e+01 5.540383e-02
3.426000e+02 2.514944e+01 5.344158e-02
3.426000e+02 2.528004e+01 5.749877e-02
3.426000e+02 2.524049e+01 5.140430e-02
3.426000e+02 2.516065e+01 5.455304e-02
3.426000e+02 2.513506e+01 5.403709e-02
3.426000e+02 2.518297e+01 5.276002e-02
3.426000e+02 2.520531e+01 5.320318e-02
3.426000e+02 2.517796e+01 5.379012e-02
3.426000e+02 2.519960e+01 5.407738e-02
3.428000e+02 2.604489e+01 5.509890e-02
3.428000e+02 2.593267e+01 5.494120e-02
3.428000e+02 2.597902e+01 5.559788e-02
3.428000e+02 2.600817e+01 5.454597e-02
3.428000e+02 2.597386e+01 5.649020e-02
3.428000e+02 2.597229e+01 5.511482e-02
3.428000e+02 2.607778e+01 5.510420e-02
3.428000e+02 2.598385e+01 5.744987e-02
3.428000e+02 2.602085e+01 5.659149e-02
3.428000e+02 2.601515e+01 5.834174e-02
3.428000e+02 2.599720e+01 5.663896e-02
3.428000e+02 2.609944e+01 5.593268e-02
3.428000e+02 2.593418e+01 5.602687e-02
3.428000e+02 2.588615e+01 5.599668e-02
3.428000e+02 2.603805e+01 5.437089e-02
3.428000e+02 2.608450e+01 5.693981e-02
3.428000e+02 2.600581e+01 5.529181e-02
3.428000e+02 2.606015e+01 5.624071e-02
3.428000e+02 2.603238e+01 5.627471e-02
3.428000e+02 2.609257e+01 5.557479e-02
3.430000e+02 2.689995e+01 5.779681e-02
3.430000e+02 2.685407e+01 5.664208e-02
3.430000e+02 2.676702e+01 5.615092e-02
3.430000e+02 2.678549e+01 5.743355e-02
3.430000e+02 2.686024e+01 5.714032e-02
3.430000e+02 2.690103e+01 5.679326e-02
3.430000e+02 2.685774e+01 5.688035e-02
3.430000e+02 2.686317e+01 5.827292e-02
3.430000e+02 2.687852e+01 5.864201e-02
3.430000e+02 2.686180e+01 5.651213e-02
3.430000e+02 2.688257e+01 5.859918e-02
3.430000e+02 2.685935e+01 5.861956e-02
3.430000e+02 2.676505e+01 5.971010e-02
3.430000e+02 2.692469e+01 5.900600e-02
3.430000e+02 2.681982e+01 5.822457e-02
3.430000e+02 2.675874e+01 6.096454e-02
3.430000e+02 2.678878e+01 5.909479e-02
3.430000e+02 2.692629e+01 5.710546e-02
3.430000e+02 2.681192e+01 5.733159e-02
3.432000e+02 2.770982e+01 6.138013e-02
3.432000e+02 2.773875e+01 6.041877e-02
3.432000e+02 2.783207e+01 6.161908e-02
3.432000e+02 2.778447e+01 5.922621e-02
3.432000e+02 2.778604e+01 6.090218e-02
3.432000e+02 2.771193e+01 6.175693e-02
3.432000e+02 2.781038e+01 6.025694e-02
3.432000e+02 2.787069e+01 5.884282e-02
3.432000e+02 2.786158e+01 5.988632e-02
3.432000e+02 2.785842e+01 6.007835e-02
3.432000e+02 2.779189e+01 6.075886e-02
3.432000e+02 2.787381e+01 6.311857e-02
3.432000e+02 2.775303e+01 5.884847e-02
3.432000e+02 2.780488e+01 5.944721e-02
3.432000e+02 2.783166e+01 6.219525e-02
3.432000e+02 2.781278e+01 6.040614e-02
3.432000e+02 2.779111e+01 6.019761e-02
3.432000e+02 2.774780e+01 5.897184e-02
3.432000e+02 2.776265e+01 5.941068e-02
3.432000e+02 2.781206e+01 5.920626e-02
3.434000e+02 2.881133e+01 6.526811e-02
3.434000e+02 2.879197e+01 6.430933e-02
3.434000e+02 2.875581e+01 6.263030e-02
3.434000e+02 2.873624e+01 6.161401e-02
3.434000e+02 2.880646e+01 6.289973e-02
3.434000e+02 2.867300e+01 6.187681e-02
3.434000e+02 2.875693e+01 6.248564e-02
3.434000e+02 2.877839e+01 6.335848e-02
3.434000e+02 2.878102e+01 6.314365e-02
3.434000e+02 2.884550e+01 6.140606e-02
3.434000e+02 2.872492e+01 6.219820e-02
3.434000e+02 2.874996e+01 6.224812e-02
3.434000e+02 2.879049e+01 6.232993e-02
3.434000e+02 2.872981e+01 6.256481e-02
3.434000e+02 2.879293e+01 6.280355e-02
3.434000e+02 2.878280e+01 6.462597e-02
3.434000e+02 2.891423e+01 6.212911e-02
3.434000e+02 2.870926e+01 6.235153e-02
3.434000e+02 2.872779e+01 6.264289e-02
3.434000e+02 2.887685e+01 6.172177e-02
3.436000e+02 2.991990e+01 6.663910e-02
3.436000e+02 2.988707e+01 6.784621e-02
3.436000e+02 2.979387e+01 6.611706e-02
3.436000e+02 2.989504e+01 6.585816e-02
3.436000e+02 2.983143e+01 6.450295e-02
3.436000e+02 2.998843e+01 6.701966e-02
3.436000e+02 2.977015e+01 6.530115e-02
3.436000e+02 2.992914e+01 6.524404e-02
3.436000e+02 2.982513e+01 6.571209e-02
3.436000e+02 2.992469e+01 6.759754e-02
3.436000e+02 2.997166e+01 6.606762e-02
3.436000e+02 2.991230e+01 6.576586e-02
3.436000e+02 2.988100e+01 6.659132e-02
3.436000e+02 2.996681e+01 6.652637e-02
3.436000e+02 2.994425e+01 6.515193e-02
3.436000e+02 2.992665e+01 6.724918e-02
3.436000e+02 2.984795e+01 6.407773e-02
3.436000e+02 2.984934e+01 6.698032e-02
3.436000e+02 2.996946e+01 6.617065e-02
3.438000e+02 3.105868e+01 6.701220e-02
3.438000e+02 3.112172e+01 6.782308e-02
3.438000e+02 3.110036e+01 6.635391e-02
3.438000e+02 3.102576e+01 6.738845e-02
3.438000e+02 3.105814e+01 6.845619e-02
3.438000e+02 3.105812e+01 6.798468e-02
3.438000e+02 3.116233e+01 6.697383e-02
3.438000e+02 3.112144e+01 6.883260e-02
3.438000e+02 3.118695e+01 6.951776e-02
3.438000e+02 3.113210e+01 6.857536e-02
3.438000e+02 3.117145e+01 6.869414e-02
3.438000e+02 3.123310e+01 6.972171e-02
3.438000e+02 3.111793e+01 6.827807e-02
3.438000e+02 3.107136e+01 6.898075e-02
3.438000e+02 3.117848e+01 6.636495e-02
3.438000e+02 3.106927e+01 6.899367e-02
3.438000e+02 3.118268e+01 6.862704e-02
3.438000e+02 3.115223e+01 6.788756e-02
3.438000e+02 3.105620e+01 6.803559e-02
3.438000e+02 3.114524e+01 7.066339e-02
3.440000e+02 3.234375e+01 7.100911e-02
3.440000e+02 3.253789e+01 7.429645e-02
3.440000e+02 3.246228e+01 7.141643e-02
3.440000e+02 3.247957e+01 7.281275e-02
3.440000e+02 3.255882e+01 7.363107e-02
3.440000e+02 3.239872e+01 6.992564e-02
3.440000e+02 3.259041e+01 7.284966e-02
3.440000e+02 3.240610e+01 7.286642e-02
3.440000e+02 3.243648e+01 7.195807e-02
3.440000e+02 3.248027e+01 7.216292e-02
3.440000e+02 3.246627e+01 6.990368e-02
3.440000e+02 3.244567e+01 7.338191e-02
3.440000e+02 3.253705e+01 7.174603e-02
3.440000e+02 3.241870e+01 7.140646e-02
3.440000e+02 3.240662e+01 7.260935e-02
3.440000e+02 3.242088e+01 7.397561e-02
3.440000e+02 3.236685e+01 7.139231e-02
3.440000e+02 3.254541e+01 7.559524e-02
3.440000e+02 3.240365e+01 7.522483e-02
3.442000e+02 3.394909e+01 7.713298e-02
3.442000e+02 3.403582e+01 7.454479e-02
3.442000e+02 3.400777e+01 7.718952e-02
3.442000e+02 3.379915e+01 7.580798e-02
3.442000e+02 3.398888e+01 7.704218e-02
3.442000e+02 3.404974e+01 7.748637e-02
3.442000e+02 3.386713e+01 7.384014e-02
3.442000e+02 3.404962e+01 7.593621e-02
3.442000e+02 3.402802e+01 7.681701e-02
3.442000e+02 3.396676e+01 7.815792e-02
3.442000e+02 3.401710e+01 7.502083e-02
3.442000e+02 3.400134e+01 7.569518e-02
3.442000e+02 3.397443e+01 7.477573e-02
3.442000e+02 3.381012e+01 7.555131e-02
3.442000e+02 3.409894e+01 7.589027e-02
3.442000e+02 3.404385e+01 7.662922e-02
3.442000e+02 3.403008e+01 7.431172e-02
3.442000e+02 3.393445e+01 7.482353e-02
3.442000e+02 3.397286e+01 7.710680e-02
3.442000e+02 3.395976e+01 7.272919e-02
3.444000e+02 3.573945e+01 7.937929e-02
3.444000e+02 3.552903e+01 8.043588e-02
3.444000e+02 3.566328e+01 8.086651e-02
3.444000e+02 3.560725e+01 7.842883e-02
3.444000e+02 3.551170e+01 8.124019e-02
3.444000e+02 3.560521e+01 7.926752e-02
3.444000e+02 3.576001e+01 7.877696e-02
3.444000e+02 3.571840e+01 7.819079e-02
3.444000e+02 3.569855e+01 7.718829e-02
3.444000e+02 3.569464e+01 8.140575e-02
3.444000e+02 3.569503e+01 8.083703e-02
3.444000e+02 3.562492e+01 7.815388e-02
3.444000e+02 3.557625e+01 8.138524e-02
3.444000e+02 3.574549e+01 8.150914e-02
3.444000e+02 3.570532e+01 7.766541e-02
3.444000e+02 3.557358e+01 7.904477e-02
3.444000e+02 3.559440e+01 8.032142e-02
3.444000e+02 3.560747e+01 7.803429e-02
3.444000e+02 3.573259e+01 8.188141e-02
3.446000e+02 3.758583e+01 8.430094e-02
3.446000e+02 3.748627e+01 8.487452e-02
3.446000e+02 3.759071e+01 8.237300e-02
3.446000e+02 3.747650e+01 8.494071e-02
3.446000e+02 3.758717e+01 8.433137e-02
3.446000e+02 3.757038e+01 8.216515e-02
3.446000e+02 3.752996e+01 8.626485e-02
3.446000e+02 3.755760e+01 8.121459e-02
3.446000e+02 3.757667e+01 8.641760e-02
3.446000e+02 3.764816e+01 9.028173e-02
3.446000e+02 3.739413e+01 8.632156e-02
3.446000e+02 3.758561e+01 8.583320e-02
3.446000e+02 3.762048e+01 8.450558e-02
3.446000e+02 3.760355e+01 8.555657e-02
3.446000e+02 3.753879e+01 8.295030e-02
3.446000e+02 3.759497e+01 8.334524e-02
3.446000e+02 3.746390e+01 8.183944e-02
3.446000e+02 3.745678e+01 8.430124e-02
3.446000e+02 3.753449e+01 8.335274e-02
3.446000e+02 3.761880e+01 8.704016e-02
3.448000e+02 3.982359e+01 9.128052e-02
3.448000e+02 3.972928e+01 9.054904e-02
3.448000e+02 3.972535e+01 9.495004e-02
3.448000e+02 3.967222e+01 8.969676e-02
3.448000e+02 3.965760e+01 8.839282e-02
3.448000e+02 3.970506e+01 9.331025e-02
3.448000e+02 3.980841e+01 8.941832e-02
3.448000e+02 3.981594e+01 8.804138e-02
3.448000e+02 3.957910e+01 8.666864e-02
3.448000e+02 3.978976e+01 8.609776e-02
3.448000e+02 3.981178e+01 8.797036e-02
3.448000e+02 3.971917e+01 9.231628e-02
3.448000e+02 3.974133e+01 9.469798e-02
3.448000e+02 3.967201e+01 9.236204e-02
3.448000e+02 3.975453e+01 9.160810e-02
3.448000e+02 3.973040e+01 9.140777e-02
3.448000e+02 3.974345e+01 9.031586e-02
3.448000e+02 3.976620e+01 9.334042e-02
3.448000e+02 3.969265e+01 8.948119e-02
3.448000e+02 3.957728e+01 9.407700e-02
3.450000e+02 4.221763e+01 9.348911e-02
3.450000e+02 4.225296e+01 9.760949e-02
3.450000e+02 4.205865e+01 9.520838e-02
3.450000e+02 4.208126e+01 9.347105e-02
3.450000e+02 4.211758e+01 9.592033e-02
3.450000e+02 4.208544e+01 9.668887e-02
3.450000e+02 4.227778e+01 9.469658e-02
3.450000e+02 4.202725e+01 9.540945e-02
3.450000e+02 4.228982e+01 9.523328e-02
3.450000e+02 4.213831e+01 9.758460e-02
3.450000e+02 4.218515e+01 9.767023e-02
3.450000e+02 4.235909e+01 9.470101e-02
3.450000e+02 4.214118e+01 9.615213e-02
3.450000e+02 4.223371e+01 9.782418e-02
3.450000e+02 4.190713e+01 9.373595e-02
3.450000e+02 4.217159e+01 9.499424e-02
3.450000e+02 4.215007e+01 9.258852e-02
3.450000e+02 4.216248e+01 9.418383e-02
3.450000e+02 4.217136e+01 9.432698e-02
3.450000e+02 4.221943e+01 9.763802e-02
3.452000e+02 4.497117e+01 1.023050e-01
3.452000e+02 4.484995e+01 1.022500e-01
3.452000e+02 4.506644e+01 1.020157e-01
3.452000e+02 4.512882e+01 1.018283e-01
3.452000e+02 4.493805e+01 1.081360e-01
3.452000e+02 4.530325e+01 1.009542e-01
3.452000e+02 4.496219e+01 1.036618e-01
3.452000e+02 4.516838e+01 1.041914e-01
3.452000e+02 4.508195e+01 1.010742e-01
3.452000e+02 4.504981e+01 1.009130e-01
3.452000e+02 4.515853e+01 1.034592e-01
3.452000e+02 4.478299e+01 1.020294e-01
3.452000e+02 4.525542e+01 1.063573e-01
3.452000e+02 4.496837e+01 1.008993e-01
3.452000e+02 4.485107e+01 1.008399e-01
3.452000e+02 4.518217e+01 1.064753e-01
3.452000e+02 4.508441e+01 1.080094e-01
3.452000e+02 4.499658e+01 1.035691e-01
3.454000e+02 4.825237e+01 1.109628e-01
3.454000e+02 4.815739e+01 1.061118e-01
3.454000e+02 4.823944e+01 1.089608e-01
3.454000e+02 4.818969e+01 1.132519e-01
3.454000e+02 4.836182e+01 1.107825e-01
3.454000e+02 4.827732e+01 1.101470e-01
3.454000e+02 4.818087e+01 1.091941e-01
3.454000e+02 4.817678e+01 1.118353e-01
3.454000e+02 4.808618e+01 1.123598e-01
3.454000e+02 4.810634e+01 1.118652e-01
3.454000e+02 4.793794e+01 1.116287e-01
3.454000e+02 4.811572e+01 1.092035e-01
3.454000e+02 4.819545e+01 1.146163e-01
3.454000e+02 4.814072e+01 1.109728e-01
3.454000e+02 4.839445e+01 1.127465e-01
3.454000e+02 4.830767e+01 1.116447e-01
3.454000e+02 4.802335e+01 1.155728e-01
3.454000e+02 4.823270e+01 1.101770e-01
3.454000e+02 4.816043e+01 1.107060e-01
3.454000e+02 4.826707e+01 1.089886e-01
3.456000e+02 5.159035e+01 1.211524e-01
3.456000e+02 5.191397e+01 1.198058e-01
3.456000e+02 5.178374e+01 1.186314e-01
3.456000e+02 5.188074e+01 1.226276e-01
3.456000e+02 5.176101e+01 1.219616e-01
3.456000e+02 5.180805e+01 1.230213e-01
3.456000e+02 5.208462e+01 1.154947e-01
3.456000e+02 5.187423e+01 1.202512e-01
3.456000e+02 5.195932e+01 1.269634e-01
3.456000e+02 5.180152e+01 1.207362e-01
3.456000e+02 5.192754e+01 1.176777e-01
3.456000e+02 5.184805e+01 1.177145e-01
3.456000e+02 5.180434e+01 1.205761e-01
3.456000e+02 5.166081e+01 1.181919e-01
3.456000e+02 5.175679e+01 1.177484e-01
3.456000e+02 5.186310e+01 1.178348e-01
3.456000e+02 5.178887e+01 1.213555e-01
3.456000e+02 5.191808e+01 1.126381e-01
3.456000e+02 5.177369e+01 1.192531e-01
3.456000e+02 5.199426e+01 1.218866e-01
3.458000e+02 5.616178e+01 1.294073e-01
3.458000e+02 5.621696e+01 1.314384e-01
3.458000e+02 5.621012e+01 1.311412e-01
3.458000e+02 5.599935e+01 1.311253e-01
3.458000e+02 5.602872e+01 1.305376e-01
3.458000e+02 5.618244e+01 1.289676e-01
3.458000e+02 5.619072e+01 1.359224e-01
3.458000e+02 5.576851e+01 1.313891e-01
3.458000e+02 5.597691e+01 1.360814e-01
3.458000e+02 5.591903e+01 1.364261e-01
3.458000e+02 5.603082e+01 1.327294e-01
3.458000e+02 5.625756e+01 1.283971e-01
3.458000e+02 5.612987e+01 1.324152e-01
3.458000e+02 5.600750e+01 1.285723e-01
3.458000e+02 5.604462e+01 1.265702e-01
3.458000e+02 5.587272e+01 1.299956e-01
3.458000e+02 5.605375e+01 1.295857e-01
3.458000e+02 5.570542e+01 1.264277e-01
3.458000e+02 5.613644e+01 1.264903e-01
3.458000e+02 5.613347e+01 1.300858e-01
3.460000e+02 6.077781e+01 1.479464e-01
3.460000e+02 6.081009e+01 1.425880e-01
3.460000e+02 6.070052e+01 1.419393e-01
3.460000e+02 6.076213e+01 1.493262e-01
3.460000e+02 6.078608e+01 1.431806e-01
3.460000e+02 6.076196e+01 1.410935e-01
3.460000e+02 6.082216e+01 1.441420e-01
3.460000e+02 6.081879e+01 1.404611e-01
3.460000e+02 6.092910e+01 1.405782e-01
3.460000e+02 6.077582e+01 1.426563e-01
3.460000e+02 6.062285e+01 1.437377e-01
3.460000e+02 6.077346e+01 1.388750e-01
3.460000e+02 6.081968e+01 1.441755e-01
3.460000e+02 6.063327e+01 1.412878e-01
3.460000e+02 6.079194e+01 1.374393e-01
3.460000e+02 6.077367e+01 1.420202e-01
3.460000e+02 6.069861e+01 1.436147e-01
3.460000e+02 6.076851e+01 1.439860e-01
3.460000e+02 6.110171e+01 1.455445e-01
3.460000e+02 6.094369e+01 1.431320e-01
3.462000e+02 6.591058e+01 1.563311e-01
3.462000e+02 6.598216e+01 1.531849e-01
3.462000e+02 6.628521e+01 1.541057e-01
3.462000e+02 6.582374e+01 1.558185e-01
3.462000e+02 6.618911e+01 1.562254e-01
3.462000e+02 6.559053e+01 1.545104e-01
3.462000e+02 6.578504e+01 1.554755e-01
3.462000e+02 6.606460e+01 1.543519e-01
3.462000e+02 6.614633e+01 1.534330e-01
3.462000e+02 6.592696e+01 1.625819e-01
3.462000e+02 6.613955e+01 1.630304e-01
3.462000e+02 6.605790e+01 1.504662e-01
3.462000e+02 6.603331e+01 1.563372e-01
3.462000e+02 6.598673e+01 1.517308e-01
3.462000e+02 6.618874e+01 1.580933e-01
3.462000e+02 6.585559e+01 1.610053e-01
3.462000e+02 6.593960e+01 1.709874e-01
3.462000e+02 6.583064e+01 1.570248e-01
3.462000e+02 6.636141e+01 1.503552e-01
3.462000e+02 6.612151e+01 1.555490e-01
3.464000e+02 7.169997e+01 1.565298e-01
3.464000e+02 7.204040e+01 1.521560e-01
3.464000e+02 7.180088e+01 1.595654e-01
3.464000e+02 7.148628e+01 1.561616e-01
3.464000e+02 7.199787e+01 1.594941e-01
3.464000e+02 7.133728e+01 1.519814e-01
3.464000e+02 7.181405e+01 1.523495e-01
3.464000e+02 7.169389e+01 1.547309e-01
3.464000e+02 7.197151e+01 1.565166e-01
3.464000e+02 7.168827e+01 1.556095e-01
3.464000e+02 7.182483e+01 1.559653e-01
3.464000e+02 7.183160e+01 1.524035e-01
3.464000e+02 7.176758e+01 1.564478e-01
3.464000e+02 7.185158e+01 1.566654e-01
3.464000e+02 7.174072e+01 1.581800e-01
3.464000e+02 7.161318e+01 1.547861e-01
3.464000e+02 7.160147e+01 1.551300e-01
3.464000e+02 7.159134e+01 1.524392e-01
3.464000e+02 7.150510e+01 1.554999e-01
3.464000e+02 7.161383e+01 1.568678e-01
3.466000e+02 7.791834e+01 1.678345e-01
3.466000e+02 7.792058e+01 1.691719e-01
3.466000e+02 7.768607e+01 1.688433e-01
3.466000e+02 7.789093e+01 1.708757e-01
3.466000e+02 7.777932e+01 1.674661e-01
3.466000e+02 7.769623e+01 1.692920e-01
3.466000e+02 7.773854e+01 1.691308e-01
3.466000e+02 7.793157e+01 1.682445e-01
3.466000e+02 7.797041e+01 1.656013e-01
3.466000e+02 7.807500e+01 1.740269e-01
3.466000e+02 7.781149e+01 1.678247e-01
3.466000e+02 7.745975e+01 1.679568e-01
3.466000e+02 7.821041e+01 1.683183e-01
3.466000e+02 7.787407e+01 1.665933e-01
3.466000e+02 7.756056e+01 1.702704e-01
3.466000e+02 7.803566e+01 1.736356e-01
3.466000e+02 7.757314e+01 1.656041e-01
3.466000e+02 7.800457e+01 1.667596e-01
3.466000e+02 7.771855e+01 1.655667e-01
3.466000e+02 7.755908e+01 1.698139e-01
3.468000e+02 8.445901e+01 1.798416e-01
3.468000e+02 8.410682e+01 1.786507e-01
3.468000e+02 8.407716e+01 1.809951e-01
3.468000e+02 8.417201e+01 1.807176e-01
3.468000e+02 8.425480e+01 1.832139e-01
3.468000e+02 8.422921e+01 1.851077e-01
3.468000e+02 8.414209e+01 1.784347e-01
3.468000e+02 8.423865e+01 1.775612e-01
3.468000e+02 8.375493e+01 1.840140e-01
3.468000e+02 8.419846e+01 1.824478e-01
3.468000e+02 8.404934e+01 1.780949e-01
3.468000e+02 8.376110e+01 1.815229e-01
3.468000e+02 8.406712e+01 1.811194e-01
3.468000e+02 8.410247e+01 1.844877e-01
3.468000e+02 8.417937e+01 1.842530e-01
3.468000e+02 8.430352e+01 1.788412e-01
3.468000e+02 8.386085e+01 1.821840e-01
3.468000e+02 8.414148e+01 1.794196e-01
3.468000e+02 8.426026e+01 1.851642e-01
3.468000e+02 8.440908e+01 1.806558e-01
3.470000e+02 9.068730e+01 1.988835e-01
3.470000e+02 9.059181e+01 1.954043e-01
3.470000e+02 9.061370e+01 1.929249e-01
3.470000e+02 9.090580e+01 1.970997e-01
3.470000e+02 9.056720e+01 2.002897e-01
3.470000e+02 9.072643e+01 1.969868e-01
3.470000e+02 9.047360e+01 1.967009e-01
3.470000e+02 9.119268e+01 1.967909e-01
3.470000e+02 9.068755e+01 1.945145e-01
3.470000e+02 9.097485e+01 1.953631e-01
3.470000e+02 9.073953e+01 1.927638e-01
3.470000e+02 9.057418e+01 1.929128e-01
3.470000e+02 9.054670e+01 1.977793e-01
3.470000e+02 9.090154e+01 1.970161e-01
3.470000e+02 9.054884e+01 1.918235e-01
3.470000e+02 9.079130e+01 1.920641e-01
3.470000e+02 9.074665e+01 1.980185e-01
3.470000e+02 9.089734e+01 1.953180e-01
3.470000e+02 9.104393e+01 1.958421e-01
3.470000e+02 9.069415e+01 1.935151e-01
3.472000e+02 9.731648e+01 2.097675e-01
3.472000e+02 9.738886e+01 2.122344e-01
3.472000e+02 9.736139e+01 2.111614e-01
3.472000e+02 9.761204e+01 2.098330e-01
3.472000e+02 9.729515e+01 2.056786e-01
3.472000e+02 9.730308e+01 2.101064e-01
3.472000e+02 9.746246e+01 2.117705e-01
3.472000e+02 9.744726e+01 2.122609e-01
3.472000e+02 9.752202e+01 2.059929e-01
3.472000e+02 9.744867e+01 2.106880e-01
3.472000e+02 9.731436e+01 2.148437e-01
3.472000e+02 9.728585e+01 2.161703e-01
3.472000e+02 9.737451e+01 2.116150e-01
3.472000e+02 9.729946e+01 2.061477e-01
3.472000e+02 9.767314e+01 2.110628e-01
3.472000e+02 9.714886e+01 2.094996e-01
3.472000e+02 9.765907e+01 2.165477e-01
3.472000e+02 9.769762e+01 2.116297e-01
3.472000e+02 9.723743e+01 2.114558e-01
3.474000e+02 1.038898e+02 2.215516e-01
3.474000e+02 1.039291e+02 2.245771e-01
3.474000e+02 1.038386e+02 2.222948e-01
3.474000e+02 1.039650e+02 2.243258e-01
3.474000e+02 1.039733e+02 2.283993e-01
3.474000e+02 1.038974e+02 2.198000e-01
3.474000e+02 1.042333e+02 2.238565e-01
3.474000e+02 1.039682e+02 2.215348e-01
3.474000e+02 1.042916e+02 2.215706e-01
3.474000e+02 1.041797e+02 2.231403e-01
3.474000e+02 1.038324e+02 2.227178e-01
3.474000e+02 1.041449e+02 2.216647e-01
3.474000e+02 1.040298e+02 2.201207e-01
3.474000e+02 1.039599e+02 2.228052e-01
3.474000e+02 1.038961e+02 2.244378e-01
3.474000e+02 1.038643e+02 2.257051e-01
3.474000e+02 1.039378e+02 2.247614e-01
3.474000e+02 1.040313e+02 2.275678e-01
3.474000e+02 1.040198e+02 2.229780e-01
3.474000e+02 1.041567e+02 2.211627e-01
3.476000e+02 1.108743e+02 2.432418e-01
3.476000e+02 1.104540e+02 2.412320e-01
3.476000e+02 1.109260e+02 2.517915e-01
3.476000e+02 1.105562e+02 2.418777e-01
3.476000e+02 1.108683e+02 2.410971e-01
3.476000e+02 1.108092e+02 2.420109e-01
3.476000e+02 1.103579e+02 2.393167e-01
3.476000e+02 1.105435e+02 2.438797e-01
3.476000e+02 1.104022e+02 2.362464e-01
3.476000e+02 1.105169e+02 2.414029e-01
3.476000e+02 1.109708e+02 2.379036e-01
3.476000e+02 1.105730e+02 2.368994e-01
3.476000e+02 1.107070e+02 2.332961e-01
3.476000e+02 1.107939e+02 2.410690e-01
3.476000e+02 1.103570e+02 2.363003e-01
3.476000e+02 1.105607e+02 2.355299e-01
3.476000e+02 1.109176e+02 2.389434e-01
3.476000e+02 1.108862e+02 2.366983e-01
3.476000e+02 1.108548e+02 2.404696e-01
3.476000e+02 1.106163e+02 2.367546e-01
3.478000e+02 1.173305e+02 2.589399e-01
3.478000e+02 1.175348e+02 2.480488e-01
3.478000e+02 1.175418e+02 2.572330e-01
3.478000e+02 1.170684e+02 2.551588e-01
3.478000e+02 1.170992e+02 2.494157e-01
3.478000e+02 1.169207e+02 2.517714e-01
3.478000e+02 1.171736e+02 2.471135e-01
3.478000e+02 1.171838e+02 2.528758e-01
3.478000e+02 1.168926e+02 2.564353e-01
3.478000e+02 1.169843e+02 2.496152e-01
3.478000e+02 1.177537e+02 2.605794e-01
3.478000e+02 1.169273e+02 2.464562e-01
3.478000e+02 1.171336e+02 2.482531e-01
3.478000e+02 1.169427e+02 2.476208e-01
3.478000e+02 1.170115e+02 2.509621e-01
3.478000e+02 1.171450e+02 2.506646e-01
3.478000e+02 1.175681e+02 2.519196e-01
3.478000e+02 1.171132e+02 2.560260e-01
3.478000e+02 1.167334e+02 2.517195e-01
3.478000e+02 1.173436e+02 2.483518e-01
3.480000e+02 1.237495e+02 2.646253e-01
3.480000e+02 1.234493e+02 2.667958e-01
3.480000e+02 1.236914e+02 2.632745e-01
3.480000e+02 1.235939e+02 2.650469e-01
3.480000e+02 1.236502e+02 2.708511e-01
3.480000e+02 1.235263e+02 2.681814e-01
3.480000e+02 1.239195e+02 2.658241e-01
3.480000e+02 1.236749e+02 2.690773e-01
3.480000e+02 1.240713e+02 2.711143e-01
3.480000e+02 1.239467e+02 2.712877e-01
3.480000e+02 1.233194e+02 2.672953e-01
3.480000e+02 1.241747e+02 2.658426e-01
3.480000e+02 1.237576e+02 2.625043e-01
3.480000e+02 1.234328e+02 2.647808e-01
3.480000e+02 1.235550e+02 2.645989e-01
3.480000e+02 1.242386e+02 2.652165e-01
3.480000e+02 1.238003e+02 2.697237e-01
3.480000e+02 1.236176e+02 2.662524e-01
3.480000e+02 1.236281e+02 2.727111e-01
3.480000e+02 1.240076e+02 2.602375e-01
3.482000e+02 1.297156e+02 2.814749e-01
3.482000e+02 1.298234e+02 2.780092e-01
3.482000e+02 1.301276e+02 2.770542e-01
3.482000e+02 1.294032e+02 2.766491e-01
3.482000e+02 1.301499e+02 2.828388e-01
3.482000e+02 1.296393e+02 2.834435e-01
3.482000e+02 1.297614e+02 2.782245e-01
3.482000e+02 1.297742e+02 2.792385e-01
3.482000e+02 1.296828e+02 2.784187e-01
3.482000e+02 1.303854e+02 2.824429e-01
3.482000e+02 1.304366e+02 2.844919e-01
3.482000e+02 1.300676e+02 2.824980e-01
3.482000e+02 1.303834e+02 2.771279e-01
3.482000e+02 1.301651e+02 2.796361e-01
3.482000e+02 1.302529e+02 2.830334e-01
3.482000e+02 1.301035e+02 2.811828e-01
3.482000e+02 1.302210e+02 2.787878e-01
3.482000e+02 1.300524e+02 2.838444e-01
3.482000e+02 1.300666e+02 2.844523e-01
3.482000e+02 1.301416e+02 2.761017e-01
3.484000e+02 1.363415e+02 2.952253e-01
3.484000e+02 1.363539e+02 3.006324e-01
3.484000e+02 1.365323e+02 2.984561e-01
3.484000e+02 1.367199e+02 2.960731e-01
3.484000e+02 1.365141e+02 2.984789e-01
3.484000e+02 1.366822e+02 3.010686e-01
3.484000e+02 1.367249e+02 2.927543e-01
3.484000e+02 1.366161e+02 2.965876e-01
3.484000e+02 1.359912e+02 3.052256e-01
3.484000e+02 1.365286e+02 2.941752e-01
3.484000e+02 1.363229e+02 2.907930e-01
3.484000e+02 1.367354e+02 2.976505e-01
3.484000e+02 1.361569e+02 2.903550e-01
3.484000e+02 1.362131e+02 2.911597e-01
3.484000e+02 1.366043e+02 2.936631e-01
3.484000e+02 1.358948e+02 2.910476e-01
3.484000e+02 1.363609e+02 2.898368e-01
3.484000e+02 1.367650e+02 2.961744e-01
3.484000e+02 1.363337e+02 2.923167e-01
3.484000e+02 1.364504e+02 3.015979e-01
3.486000e+02 1.424745e+02 3.144202e-01
3.486000e+02 1.424281e+02 3.122797e-01
3.486000e+02 1.425543e+02 3.079511e-01
3.486000e+02 1.422222e+02 3.020346e-01
3.486000e+02 1.426000e+02 3.172886e-01
3.486000e+02 1.429265e+02 3.047435e-01
3.486000e+02 1.427072e+02 3.240506e-01
3.486000e+02 1.431177e+02 3.139621e-01
3.486000e+02 1.427442e+02 3.047312e-01
3.486000e+02 1.425000e+02 3.435560e-01
3.486000e+02 1.428293e+02 3.135874e-01
3.486000e+02 1.424516e+02 3.092004e-01
3.486000e+02 1.423752e+02 3.070096e-01
3.486000e+02 1.423989e+02 3.093861e-01
3.486000e+02 1.421986e+02 3.084645e-01
3.486000e+02 1.425651e+02 3.156076e-01
3.486000e+02 1.426420e+02 3.132357e-01
3.486000e+02 1.424761e+02 3.103636e-01
3.486000e+02 1.419464e+02 3.017141e-01
3.486000e+02 1.422313e+02 3.050047e-01
3.488000e+02 1.486216e+02 3.238796e-01
3.488000e+02 1.490623e+02 3.229982e-01
3.488000e+02 1.486210e+02 3.280516e-01
3.488000e+02 1.488294e+02 3.286347e-01
3.488000e+02 1.482349e+02 3.325696e-01
3.488000e+02 1.487260e+02 3.247665e-01
3.488000e+02 1.486285e+02 3.431360e-01
3.488000e+02 1.483169e+02 3.267475e-01
3.488000e+02 1.490318e+02 3.228401e-01
3.488000e+02 1.487222e+02 3.321266e-01
3.488000e+02 1.486238e+02 3.224143e-01
3.488000e+02 1.485163e+02 3.215031e-01
3.488000e+02 1.484596e+02 3.280377e-01
3.488000e+02 1.485416e+02 3.122827e-01
3.488000e+02 1.481748e+02 3.203832e-01
3.488000e+02 1.485814e+02 3.241554e-01
3.488000e+02 1.485228e+02 3.195619e-01
3.488000e+02 1.482539e+02 3.172235e-01
3.488000e+02 1.487868e+02 3.186107e-01
3.488000e+02 1.485160e+02 3.289930e-01
3.490000e+02 1.550015e+02 3.325443e-01
3.490000e+02 1.541947e+02 3.491683e-01
3.490000e+02 1.545072e+02 3.359346e-01
3.490000e+02 1.547885e+02 3.343684e-01
3.490000e+02 1.542691e+02 3.355549e-01
3.490000e+02 1.539279e+02 3.367713e-01
3.490000e+02 1.541648e+02 3.373857e-01
3.490000e+02 1.536017e+02 3.368453e-01
3.490000e+02 1.547959e+02 3.313307e-01
3.490000e+02 1.542172e+02 3.398253e-01
3.490000e+02 1.545085e+02 3.337899e-01
3.490000e+02 1.547826e+02 3.378845e-01
3.490000e+02 1.546553e+02 3.489788e-01
3.490000e+02 1.546187e+02 3.327430e-01
3.490000e+02 1.544278e+02 3.382151e-01
3.490000e+02 1.541296e+02 3.371192e-01
3.490000e+02 1.539764e+02 3.452352e-01
3.490000e+02 1.551893e+02 3.419607e-01
3.490000e+02 1.540301e+02 3.349577e-01
3.490000e+02 1.547469e+02 3.443422e-01
3.492000e+02 1.601218e+02 3.581263e-01
3.492000e+02 1.606148e+02 3.514014e-01
3.492000e+02 1.601141e+02 3.530026e-01
3.492000e+02 1.596992e+02 3.557934e-01
3.492000e+02 1.606513e+02 3.590876e-01
3.492000e+02 1.606131e+02 3.551605e-01
3.492000e+02 1.600124e+02 3.454729e-01
3.492000e+02 1.603240e+02 3.615991e-01
3.492000e+02 1.606347e+02 3.517811e-01
3.492000e+02 1.602250e+02 3.543641e-01
3.492000e+02 1.604271e+02 3.522161e-01
3.492000e+02 1.604676e+02 3.506297e-01
3.492000e+02 1.604981e+02 3.556009e-01
3.492000e+02 1.599215e+02 3.446826e-01
3.492000e+02 1.601610e+02 3.520812e-01
3.492000e+02 1.609548e+02 3.504471e-01
3.492000e+02 1.600165e+02 3.551196e-01
3.492000e+02 1.604436e+02 3.394392e-01
3.492000e+02 1.595830e+02 3.539126e-01
3.492000e+02 1.597430e+02 3.450564e-01
3.494000e+02 1.657453e+02 3.717756e-01
3.494000e+02 1.657941e+02 3.687552e-01
3.494000e+02 1.658682e+02 3.608440e-01
3.494000e+02 1.661855e+02 3.671897e-01
3.494000e+02 1.662196e+02 3.698124e-01
3.494000e+02 1.663530e+02 3.684623e-01
3.494000e+02 1.657871e+02 3.611014e-01
3.494000e+02 1.657355e+02 3.665990e-01
3.494000e+02 1.660411e+02 3.640233e-01
3.494000e+02 1.656389e+02 3.718754e-01
3.494000e+02 1.653182e+02 3.755571e-01
3.494000e+02 1.655850e+02 3.585115e-01
3.494000e+02 1.665084e+02 3.686056e-01
3.494000e+02 1.657306e+02 3.697870e-01
3.494000e+02 1.663210e+02 3.659530e-01
3.494000e+02 1.658172e+02 3.631498e-01
3.494000e+02 1.656481e+02 3.674684e-01
3.494000e+02 1.665945e+02 3.721488e-01
3.494000e+02 1.657802e+02 3.659947e-01
3.494000e+02 1.661336e+02 3.677456e-01
3.496000e+02 1.715009e+02 3.784047e-01
3.496000e+02 1.716533e+02 3.826744e-01
3.496000e+02 1.713332e+02 3.744579e-01
3.496000e+02 1.716644e+02 3.745542e-01
3.496000e+02 1.710888e+02 3.791515e-01
3.496000e+02 1.715491e+02 3.753919e-01
3.496000e+02 1.709534e+02 3.685281e-01
3.496000e+02 1.713002e+02 3.778974e-01
3.496000e+02 1.712511e+02 3.748496e-01
3.496000e+02 1.707063e+02 3.739515e-01
3.496000e+02 1.711662e+02 3.718460e-01
3.496000e+02 1.712838e+02 3.785387e-01
3.496000e+02 1.715826e+02 3.763944e-01
3.496000e+02 1.716968e+02 3.720391e-01
3.496000e+02 1.714086e+02 3.769913e-01
3.496000e+02 1.716707e+02 3.779852e-01
3.496000e+02 1.715209e+02 3.910560e-01
3.496000e+02 1.717888e+02 3.858178e-01
3.496000e+02 1.713600e+02 3.749187e-01
3.496000e+02 1.713023e+02 3.716015e-01
3.498000e+02 1.771913e+02 3.895878e-01
3.498000e+02 1.772300e+02 3.936732e-01
3.498000e+02 1.762703e+02 3.934351e-01
3.498000e+02 1.768289e+02 3.997159e-01
3.498000e+02 1.769990e+02 3.906724e-01
3.498000e+02 1.767330e+02 3.969116e-01
3.498000e+02 1.779351e+02 4.001462e-01
3.498000e+02 1.764586e+02 3.838436e-01
3.498000e+02 1.771941e+02 3.911348e-01
3.498000e+02 1.767257e+02 3.875730e-01
3.498000e+02 1.772360e+02 3.868600e-01
3.498000e+02 1.775646e+02 3.946373e-01
3.498000e+02 1.768872e+02 3.977239e-01
3.498000e+02 1.771375e+02 3.924412e-01
3.498000e+02 1.768244e+02 3.905886e-01
3.498000e+02 1.763655e+02 4.020368e-01
3.498000e+02 1.765905e+02 3.834182e-01
3.498000e+02 1.768138e+02 3.935823e-01
3.498000e+02 1.771471e+02 3.920129e-01
3.500000e+02 1.823700e+02 4.003148e-01
3.500000e+02 1.823497e+02 4.086499e-01
3.500000e+02 1.824316e+02 4.074387e-01
3.500000e+02 1.821491e+02 4.079424e-01
3.500000e+02 1.819243e+02 4.056973e-01
3.500000e+02 1.818699e+02 4.085623e-01
3.500000e+02 1.826919e+02 4.048301e-01
3.500000e+02 1.822226e+02 4.235984e-01
3.500000e+02 1.819253e+02 4.012007e-01
3.500000e+02 1.826412e+02 4.079840e-01
3.500000e+02 1.822822e+02 4.090938e-01
3.500000e+02 1.816991e+02 3.998217e-01
3.500000e+02 1.816748e+02 4.000118e-01
3.500000e+02 1.823859e+02 4.030122e-01
3.500000e+02 1.818755e+02 3.998558e-01
3.500000e+02 1.826195e+02 4.013475e-01
3.500000e+02 1.824239e+02 4.127515e-01
3.500000e+02 1.829669e+02 4.002212e-01
3.500000e+02 1.819461e+02 4.008989e-01
3.500000e+02 1.831214e+02 3.978605e-01
3.510000e+02 2.071067e+02 4.810497e-01
3.510000e+02 2.089329e+02 4.764028e-01
3.510000e+02 2.068204e+02 4.572480e-01
3.510000e+02 2.078392e+02 4.805493e-01
3.510000e+02 2.078641e+02 4.785974e-01
3.510000e+02 2.078300e+02 4.702183e-01
3.510000e+02 2.076791e+02 4.830909e-01
3.510000e+02 2.077879e+02 4.792145e-01
3.510000e+02 2.082691e+02 4.816466e-01
3.510000e+02 2.077255e+02 4.668342e-01
3.510000e+02 2.075124e+02 4.734931e-01
3.510000e+02 2.081488e+02 4.740570e-01
3.510000e+02 2.075820e+02 4.788809e-01
3.510000e+02 2.082836e+02 4.738834e-01
3.510000e+02 2.074349e+02 4.641244e-01
3.510000e+02 2.079489e+02 4.779414e-01
3.510000e+02 2.076021e+02 4.715380e-01
3.510000e+02 2.066904e+02 4.707782e-01
3.510000e+02 2.075055e+02 4.703335e-01
3.510000e+02 2.072835e+02 4.720469e-01
3.520000e+02 2.305537e+02 5.283333e-01
3.520000e+02 2.309019e+02 5.332076e-01
3.520000e+02 2.311805e+02 5.217593e-01
3.520000e+02 2.311822e+02 5.443711e-01
3.520000e+02 2.316761e+02 5.399198e-01
3.520000e+02 2.307809e+02 5.320335e-01
3.520000e+02 2.314371e+02 5.324168e-01
3.520000e+02 2.305867e+02 5.214343e-01
3.520000e+02 2.307267e+02 5.359141e-01
3.520000e+02 2.300706e+02 5.389098e-01
3.520000e+02 2.313268e+02 5.271418e-01
3.520000e+02 2.302004e+02 5.370922e-01
3.520000e+02 2.310396e+02 5.381103e-01
3.520000e+02 2.309156e+02 5.213714e-01
3.520000e+02 2.307131e+02 5.358800e-01
3.520000e+02 2.313231e+02 5.318550e-01
3.520000e+02 2.302886e+02 5.500495e-01
3.520000e+02 2.312951e+02 5.294542e-01
3.520000e+02 2.311139e+02 5.254671e-01
3.520000e+02 2.313548e+02 5.357259e-01
3.530000e+02 2.529674e+02 5.963656e-01
3.530000e+02 2.528605e+02 5.953486e-01
3.530000e+02 2.527934e+02 5.873017e-01
3.530000e+02 2.535963e+02 5.889236e-01
3.530000e+02 2.536166e+02 5.929213e-01
3.530000e+02 2.522044e+02 6.055859e-01
3.530000e+02 2.524354e+02 5.888980e-01
3.530000e+02 2.529963e+02 5.885231e-01
3.530000e+02 2.530097e+02 5.973869e-01
3.530000e+02 2.524576e+02 5.813388e-01
3.530000e+02 2.534799e+02 5.934738e-01
3.530000e+02 2.536467e+02 5.894659e-01
3.530000e+02 2.524893e+02 5.786194e-01
3.530000e+02 2.532638e+02 5.767820e-01
3.530000e+02 2.527592e+02 5.874083e-01
3.530000e+02 2.529814e+02 5.972434e-01
3.530000e+02 2.525086e+02 5.938243e-01
3.530000e+02 2.530230e+02 5.961387e-01
3.530000e+02 2.524913e+02 5.885522e-01
3.530000e+02 2.523433e+02 5.903352e-01
3.540000e+02 2.732578e+02 6.428210e-01
3.540000e+02 2.708633e+02 6.360886e-01
3.540000e+02 2.718696e+02 6.390932e-01
3.540000e+02 2.722590e+02 6.438152e-01
3.540000e+02 2.732121e+02 6.446530e-01
3.540000e+02 2.727381e+02 6.360962e-01
3.540000e+02 2.727849e+02 6.277423e-01
3.540000e+02 2.734284e+02 6.666479e-01
3.540000e+02 2.713339e+02 6.306106e-01
3.540000e+02 2.730715e+02 6.427726e-01
3.540000e+02 2.726899e+02 6.389903e-01
3.540000e+02 2.732613e+02 6.461389e-01
3.540000e+02 2.729947e+02 6.394765e-01
3.540000e+02 2.720741e+02 6.341392e-01
3.540000e+02 2.725586e+02 6.374991e-01
3.540000e+02 2.726546e+02 6.390169e-01
3.540000e+02 2.713422e+02 6.390856e-01
3.540000e+02 2.728824e+02 6.446350e-01
3.540000e+02 2.730459e+02 6.397130e-01
3.540000e+02 2.728518e+02 6.352927e-01
3.550000e+02 2.917913e+02 6.930019e-01
3.550000e+02 2.921734e+02 6.886291e-01
3.550000e+02 2.905642e+02 6.839291e-01
3.550000e+02 2.908339e+02 6.947339e-01
3.550000e+02 2.920511e+02 6.831865e-01
3.550000e+02 2.914402e+02 6.944965e-01
3.550000e+02 2.921843e+02 6.835786e-01
3.550000e+02 2.903897e+02 6.757683e-01
3.550000e+02 2.918167e+02 6.931093e-01
3.550000e+02 2.916341e+02 6.893481e-01
3.550000e+02 2.908912e+02 6.889472e-01
3.550000e+02 2.911059e+02 7.206647e-01
3.550000e+02 2.915778e+02 6.844105e-01
3.550000e+02 2.909757e+02 6.967337e-01
3.550000e+02 2.917348e+02 6.887006e-01
3.550000e+02 2.911338e+02 6.913185e-01
3.550000e+02 2.909094e+02 6.864993e-01
3.550000e+02 2.908434e+02 6.825311e-01
3.550000e+02 2.914068e+02 6.870124e-01
3.550000e+02 2.913509e+02 6.841933e-01
3.560000e+02 3.098210e+02 7.180017e-01
3.560000e+02 3.079695e+02 7.251675e-01
3.560000e+02 3.083964e+02 7.229166e-01
3.560000e+02 3.092130e+02 7.493835e-01
3.560000e+02 3.099311e+02 7.242532e-01
3.560000e+02 3.107277e+02 7.457719e-01
3.560000e+02 3.089947e+02 7.324246e-01
3.560000e+02 3.082134e+02 7.309106e-01
3.560000e+02 3.101662e+02 7.211188e-01
3.560000e+02 3.085711e+02 7.287197e-01
3.560000e+02 3.092824e+02 7.141646e-01
3.560000e+02 3.094565e+02 7.376893e-01
3.560000e+02 3.100405e+02 7.535229e-01
3.560000e+02 3.097408e+02 7.455706e-01
3.560000e+02 3.083794e+02 7.217450e-01
3.560000e+02 3.099106e+02 7.328001e-01
3.560000e+02 3.082654e+02 7.293468e-01
3.560000e+02 3.076171e+02 7.493852e-01
3.560000e+02 3.083196e+02 7.220097e-01
3.560000e+02 3.086541e+02 7.332092e-01
3.570000e+02 3.266385e+02 7.927615e-01
3.570000e+02 3.260192e+02 7.793070e-01
3.570000e+02 3.259063e+02 7.775175e-01
3.570000e+02 3.266130e+02 7.806964e-01
3.570000e+02 3.255779e+02 7.925406e-01
3.570000e+02 3.265741e+02 7.764281e-01
3.570000e+02 3.253047e+02 7.790008e-01
3.570000e+02 3.262969e+02 7.806642e-01
3.570000e+02 3.265731e+02 7.697103e-01
3.570000e+02 3.252709e+02 7.777070e-01
3.570000e+02 3.253784e+02 7.767302e-01
3.570000e+02 3.263323e+02 7.739483e-01
3.570000e+02 3.255994e+02 7.718248e-01
3.570000e+02 3.255882e+02 7.591078e-01
3.570000e+02 3.267740e+02 7.755870e-01
3.570000e+02 3.265942e+02 7.763727e-01
3.570000e+02 3.252017e+02 7.801118e-01
3.570000e+02 3.249091e+02 7.616272e-01
3.570000e+02 3.251036e+02 7.731471e-01
3.570000e+02 3.266780e+02 7.737400e-01
3.580000e+02 3.405016e+02 8.062490e-01
3.580000e+02 3.409121e+02 8.122382e-01
3.580000e+02 3.416107e+02 8.175299e-01
3.580000e+02 3.426470e+02 8.182621e-01
3.580000e+02 3.428534e+02 8.168401e-01
3.580000e+02 3.417363e+02 8.171792e-01
3.580000e+02 3.406697e+02 8.327899e-01
3.580000e+02 3.416001e+02 8.206939e-01
3.580000e+02 3.427145e+02 8.186973e-01
3.580000e+02 3.429810e+02 7.936035e-01
3.580000e+02 3.426844e+02 8.064531e-01
3.580000e+02 3.411078e+02 8.509752e-01
3.580000e+02 3.405820e+02 8.116962e-01
3.580000e+02 3.407621e+02 8.134958e-01
3.580000e+02 3.420015e+02 8.186951e-01
3.580000e+02 3.407299e+02 8.079434e-01
3.580000e+02 3.410952e+02 8.184786e-01
3.580000e+02 3.419745e+02 8.261423e-01
3.580000e+02 3.428041e+02 8.229559e-01
3.590000e+02 3.567773e+02 8.519590e-01
3.590000e+02 3.565000e+02 8.288182e-01
3.590000e+02 3.566829e+02 8.559146e-01
3.590000e+02 3.558800e+02 8.576636e-01
3.590000e+02 3.575683e+02 8.529821e-01
3.590000e+02 3.578293e+02 8.517320e-01
3.590000e+02 3.570594e+02 8.422080e-01
3.590000e+02 3.555759e+02 8.592596e-01
3.590000e+02 3.562292e+02 8.551311e-01
3.590000e+02 3.560496e+02 8.487035e-01
3.590000e+02 3.550742e+02 8.644639e-01
3.590000e+02 3.552106e+02 8.647433e-01
3.590000e+02 3.565094e+02 8.548069e-01
3.590000e+02 3.558130e+02 8.526011e-01
3.590000e+02 3.582500e+02 8.575617e-01
3.590000e+02 3.560237e+02 8.513318e-01
3.590000e+02 3.558086e+02 8.585112e-01
3.590000e+02 3.580827e+02 8.319014e-01
3.590000e+02 3.565632e+02 8.735329e-01
3.590000e+02 3.569472e+02 8.391109e-01
3.600000e+02 3.707842e+02 8.825182e-01
3.600000e+02 3.707626e+02 8.773111e-01
3.600000e+02 3.705174e+02 8.929923e-01
3.600000e+02 3.700726e+02 8.846367e-01
3.600000e+02 3.710300e+02 8.826520e-01
3.600000e+02 3.712434e+02 9.051080e-01
3.600000e+02 3.701365e+02 8.863883e-01
3.600000e+02 3.715737e+02 9.052434e-01
3.600000e+02 3.708401e+02 8.984139e-01
3.600000e+02 3.706796e+02 8.982602e-01
3.600000e+02 3.703624e+02 8.772604e-01
3.600000e+02 3.702473e+02 8.856448e-01
3.600000e+02 3.723378e+02 8.808568e-01
3.600000e+02 3.709642e+02 9.008293e-01
3.600000e+02 3.698280e+02 8.897278e-01
3.600000e+02 3.708509e+02 8.818183e-01
3.600000e+02 3.717792e+02 8.945070e-01
3.600000e+02 3.701696e+02 8.955312e-01
3.600000e+02 3.708185e+02 8.790005e-01
3.600000e+02 3.709847e+02 8.972907e-01
3.650000e+02 4.328860e+02 1.074447e+00
3.650000e+02 4.321014e+02 1.046989e+00
3.650000e+02 4.331397e+02 1.071550e+00
3.650000e+02 4.326109e+02 1.049256e+00
3.650000e+02 4.311763e+02 1.052596e+00
3.650000e+02 4.324446e+02 1.025693e+00
3.650000e+02 4.328222e+02 1.058920e+00
3.650000e+02 4.310625e+02 1.035761e+00
3.650000e+02 4.330568e+02 1.056875e+00
3.650000e+02 4.322606e+02 1.026248e+00
3.650000e+02 4.338914e+02 1.106104e+00
3.650000e+02 4.321896e+02 1.038148e+00
3.650000e+02 4.321899e+02 1.038459e+00
3.650000e+02 4.298891e+02 1.048938e+00
3.650000e+02 4.322164e+02 1.038546e+00
3.650000e+02 4.323027e+02 1.050955e+00
3.650000e+02 4.317483e+02 1.067337e+00
3.650000e+02 4.313689e+02 1.023146e+00
3.650000e+02 4.340831e+02 1.052889e+00
3.650000e+02 4.318553e+02 1.025318e+00
3.700000e+02 4.810836e+02 1.172155e+00
3.700000e+02 4.816201e+02 1.175362e+00
3.700000e+02 4.827018e+02 1.192105e+00
3.700000e+02 4.823682e+02 1.191648e+00
3.700000e+02 4.817958e+02 1.187985e+00
3.700000e+02 4.814732e+02 1.217585e+00
3.700000e+02 4.820707e+02 1.184868e+00
3.700000e+02 4.826089e+02 1.179174e+00
3.700000e+02 4.811779e+02 1.132736e+00
3.700000e+02 4.807129e+02 1.199133e+00
3.700000e+02 4.801966e+02 1.213469e+00
3.700000e+02 4.809460e+02 1.170555e+00
3.700000e+02 4.818626e+02 1.180884e+00
3.700000e+02 4.804025e+02 1.186256e+00
3.700000e+02 4.808334e+02 1.203222e+00
3.700000e+02 4.825679e+02 1.189032e+00
3.700000e+02 4.820546e+02 1.162133e+00
3.700000e+02 4.813279e+02 1.155538e+00
3.700000e+02 4.813125e+02 1.182500e+00
3.750000e+02 5.223239e+02 1.301763e+00
3.750000e+02 5.226399e+02 1.246501e+00
3.750000e+02 5.214164e+02 1.295587e+00
3.750000e+02 5.223555e+02 1.294508e+00
3.750000e+02 5.208719e+02 1.274872e+00
3.750000e+02 5.228990e+02 1.277791e+00
3.750000e+02 5.230969e+02 1.259209e+00
3.750000e+02 5.221469e+02 1.287596e+00
3.750000e+02 5.241247e+02 1.280611e+00
3.750000e+02 5.222453e+02 1.280743e+00
3.750000e+02 5.217787e+02 1.313089e+00
3.750000e+02 5.206717e+02 1.248988e+00
3.750000e+02 5.236778e+02 1.308553e+00
3.750000e+02 5.218760e+02 1.257844e+00
3.750000e+02 5.210215e+02 1.288713e+00
3.750000e+02 5.213478e+02 1.263147e+00
3.750000e+02 5.212913e+02 1.283134e+00
3.750000e+02 5.215885e+02 1.298966e+00
3.750000e+02 5.216975e+02 1.299206e+00
3.750000e+02 5.202403e+02 1.288073e+00
3.800000e+02 5.553158e+02 1.383434e+00
3.800000e+02 5.553384e+02 1.371810e+00
3.800000e+02 5.531910e+02 1.327424e+00
3.800000e+02 5.573680e+02 1.385653e+00
3.800000e+02 5.568832e+02 1.352056e+00
3.800000e+02 5.528672e+02 1.333909e+00
3.800000e+02 5.563999e+02 1.351779e+00
3.800000e+02 5.554534e+02 1.376507e+00
3.800000e+02 5.555991e+02 1.376520e+00
3.800000e+02 5.541410e+02 1.375715e+00
3.800000e+02 5.562332e+02 1.391207e+00
3.800000e+02 5.558571e+02 1.369779e+00
3.800000e+02 5.548512e+02 1.349987e+00
3.800000e+02 5.558176e+02 1.360111e+00
3.800000e+02 5.542758e+02 1.371318e+00
3.800000e+02 5.554509e+02 1.354325e+00
3.800000e+02 5.530976e+02 1.347389e+00
3.800000e+02 5.547897e+02 1.368275e+00
3.800000e+02 5.528555e+02 1.344781e+00
3.800000e+02 5.545435e+02 1.372839e+00
3.850000e+02 5.838358e+02 1.432510e+00
3.850000e+02 5.814419e+02 1.413841e+00
3.850000e+02 5.822758e+02 1.458636e+00
3.850000e+02 5.845430e+02 1.427630e+00
3.850000e+02 5.843824e+02 1.427899e+00
3.850000e+02 5.818840e+02 1.463649e+00
3.850000e+02 5.833533e+02 1.423825e+00
3.850000e+02 5.833619e+02 1.400807e+00
3.850000e+02 5.828394e+02 1.418617e+00
3.850000e+02 5.828809e+02 1.442035e+00
3.850000e+02 5.831143e+02 1.427849e+00
3.850000e+02 5.841797e+02 1.444379e+00
3.850000e+02 5.848944e+02 1.430763e+00
3.850000e+02 5.819882e+02 1.438341e+00
3.850000e+02 5.836371e+02 1.430332e+00
3.850000e+02 5.822442e+02 1.431370e+00
3.850000e+02 5.822723e+02 1.451199e+00
3.850000e+02 5.824701e+02 1.413995e+00
3.850000e+02 5.846339e+02 1.434175e+00
3.850000e+02 5.831967e+02 1.425878e+00
