3.250000e+02 9.618313e+00 2.274237e-02
3.250000e+02 9.642339e+00 2.231298e-02
3.250000e+02 9.611410e+00 2.254113e-02
3.250000e+02 9.650040e+00 2.246738e-02
3.250000e+02 9.649415e+00 2.263938e-02
3.250000e+02 9.609969e+00 2.240522e-02
3.250000e+02 9.643163e+00 2.239200e-02
3.250000e+02 9.635185e+00 2.249244e-02
3.250000e+02 9.620074e+00 2.243368e-02
3.250000e+02 9.656940e+00 2.220751e-02
3.250000e+02 9.624114e+00 2.240407e-02
3.250000e+02 9.668159e+00 2.234733e-02
3.250000e+02 9.663929e+00 2.228960e-02
3.250000e+02 9.648002e+00 2.280201e-02
3.250000e+02 9.626128e+00 2.221864e-02
3.250000e+02 9.650047e+00 2.264419e-02
3.260000e+02 1.024091e+01 2.358288e-02
3.260000e+02 1.015617e+01 2.360580e-02
3.260000e+02 1.020137e+01 2.374710e-02
3.260000e+02 1.020774e+01 2.385064e-02
3.260000e+02 1.017895e+01 2.398197e-02
3.260000e+02 1.018386e+01 2.355842e-02
3.260000e+02 1.020258e+01 2.371729e-02
3.260000e+02 1.020615e+01 2.373794e-02
3.260000e+02 1.021063e+01 2.386292e-02
3.260000e+02 1.019679e+01 2.370846e-02
3.260000e+02 1.027158e+01 2.383568e-02
3.260000e+02 1.022535e+01 2.354625e-02
3.260000e+02 1.024718e+01 2.376164e-02
3.260000e+02 1.022400e+01 2.400520e-02
3.260000e+02 1.017098e+01 2.391958e-02
3.260000e+02 1.020017e+01 2.363629e-02
3.260000e+02 1.019503e+01 2.412083e-02
3.260000e+02 1.024073e+01 2.403376e-02
3.260000e+02 1.018756e+01 2.412894e-02
3.260000e+02 1.020236e+01 2.413817e-02
3.270000e+02 1.082222e+01 2.562413e-02
3.270000e+02 1.082383e+01 2.540456e-02
3.270000e+02 1.089936e+01 2.528822e-02
3.270000e+02 1.086178e+01 2.559366e-02
3.270000e+02 1.079233e+01 2.534714e-02
3.270000e+02 1.084175e+01 2.545733e-02
3.270000e+02 1.084949e+01 2.554585e-02
3.270000e+02 1.084608e+01 2.559346e-02
3.270000e+02 1.080898e+01 2.603610e-02
3.270000e+02 1.085554e+01 2.521184e-02
3.270000e+02 1.081978e+01 2.529925e-02
3.270000e+02 1.085437e+01 2.530128e-02
3.270000e+02 1.083994e+01 2.552580e-02
3.270000e+02 1.081657e+01 2.549496e-02
3.270000e+02 1.087126e+01 2.509749e-02
3.270000e+02 1.083231e+01 2.547407e-02
3.270000e+02 1.082330e+01 2.513566e-02
3.270000e+02 1.080584e+01 2.550142e-02
3.270000e+02 1.081162e+01 2.549239e-02
3.270000e+02 1.082414e+01 2.522446e-02
3.280000e+02 1.152031e+01 2.707153e-02
3.280000e+02 1.152897e+01 2.768530e-02
3.280000e+02 1.148049e+01 2.716543e-02
3.280000e+02 1.149133e+01 2.723555e-02
3.280000e+02 1.150493e+01 2.664764e-02
3.280000e+02 1.147490e+01 2.720421e-02
3.280000e+02 1.147345e+01 2.679716e-02
3.280000e+02 1.148235e+01 2.703936e-02
3.280000e+02 1.148321e+01 2.676615e-02
3.280000e+02 1.146528e+01 2.698213e-02
3.280000e+02 1.150376e+01 2.702608e-02
3.280000e+02 1.147021e+01 2.708775e-02
3.280000e+02 1.147176e+01 2.704255e-02
3.280000e+02 1.151213e+01 2.678553e-02
3.280000e+02 1.146022e+01 2.714474e-02
3.280000e+02 1.151086e+01 2.731189e-02
3.280000e+02 1.149430e+01 2.692882e-02
3.280000e+02 1.148190e+01 2.716374e-02
3.280000e+02 1.151913e+01 2.711049e-02
3.280000e+02 1.155978e+01 2.778917e-02
3.290000e+02 1.221924e+01 2.922760e-02
3.290000e+02 1.227026e+01 2.879163e-02
3.290000e+02 1.227977e+01 2.862429e-02
3.290000e+02 1.221603e+01 2.919406e-02
3.290000e+02 1.230890e+01 2.903548e-02
3.290000e+02 1.223196e+01 2.884101e-02
3.290000e+02 1.222048e+01 2.909417e-02
3.290000e+02 1.228246e+01 2.907626e-02
3.290000e+02 1.227313e+01 2.886663e-02
3.290000e+02 1.220532e+01 2.849897e-02
3.290000e+02 1.223913e+01 2.899202e-02
3.290000e+02 1.226256e+01 2.883260e-02
3.290000e+02 1.223892e+01 2.898297e-02
3.290000e+02 1.226838e+01 2.884727e-02
3.290000e+02 1.228109e+01 2.882235e-02
3.290000e+02 1.227903e+01 2.900639e-02
3.290000e+02 1.226399e+01 2.940299e-02
3.290000e+02 1.225478e+01 2.871100e-02
3.290000e+02 1.222377e+01 2.900133e-02
3.290000e+02 1.225630e+01 2.895783e-02
3.300000e+02 1.304496e+01 3.068498e-02
3.300000e+02 1.308607e+01 3.084613e-02
3.300000e+02 1.307295e+01 3.111802e-02
3.300000e+02 1.310003e+01 3.145112e-02
3.300000e+02 1.306636e+01 3.092597e-02
3.300000e+02 1.311320e+01 3.122216e-02
3.300000e+02 1.310519e+01 3.119992e-02
3.300000e+02 1.302826e+01 3.054150e-02
3.300000e+02 1.310078e+01 3.096849e-02
3.300000e+02 1.311230e+01 3.087964e-02
3.300000e+02 1.311114e+01 3.103077e-02
3.300000e+02 1.313598e+01 3.126764e-02
3.300000e+02 1.313070e+01 3.130584e-02
3.300000e+02 1.309909e+01 3.180736e-02
3.300000e+02 1.307730e+01 3.066635e-02
3.300000e+02 1.307444e+01 3.049831e-02
3.300000e+02 1.299714e+01 3.069422e-02
3.300000e+02 1.310215e+01 3.163407e-02
3.300000e+02 1.305646e+01 3.139576e-02
3.300000e+02 1.308810e+01 3.105462e-02
3.310000e+02 1.401195e+01 3.315304e-02
3.310000e+02 1.402252e+01 3.354144e-02
3.310000e+02 1.398160e+01 3.301641e-02
3.310000e+02 1.398686e+01 3.383863e-02
3.310000e+02 1.397348e+01 3.363524e-02
3.310000e+02 1.400648e+01 3.360310e-02
3.310000e+02 1.399485e+01 3.379620e-02
3.310000e+02 1.398714e+01 3.325732e-02
3.310000e+02 1.402155e+01 3.303665e-02
3.310000e+02 1.400038e+01 3.326244e-02
3.310000e+02 1.393600e+01 3.366846e-02
3.310000e+02 1.398131e+01 3.343953e-02
3.310000e+02 1.396530e+01 3.332780e-02
3.310000e+02 1.397893e+01 3.325575e-02
3.310000e+02 1.396502e+01 3.374088e-02
3.310000e+02 1.404080e+01 3.320407e-02
3.310000e+02 1.398914e+01 3.284749e-02
3.310000e+02 1.398053e+01 3.375177e-02
3.310000e+02 1.403260e+01 3.342769e-02
3.310000e+02 1.397161e+01 3.364954e-02
3.320000e+02 1.504867e+01 3.781747e-02
3.320000e+02 1.499716e+01 3.616781e-02
3.320000e+02 1.500670e+01 3.696634e-02
3.320000e+02 1.509667e+01 3.658433e-02
3.320000e+02 1.500419e+01 3.588017e-02
3.320000e+02 1.501357e+01 3.544706e-02
3.320000e+02 1.499444e+01 3.526309e-02
3.320000e+02 1.505574e+01 3.722750e-02
3.320000e+02 1.498028e+01 3.618340e-02
3.320000e+02 1.508199e+01 3.623820e-02
3.320000e+02 1.506462e+01 3.593337e-02
3.320000e+02 1.508593e+01 3.602972e-02
3.320000e+02 1.501080e+01 3.678830e-02
3.320000e+02 1.504529e+01 3.594263e-02
3.320000e+02 1.498632e+01 3.665725e-02
3.320000e+02 1.502572e+01 3.597554e-02
3.320000e+02 1.506496e+01 3.616173e-02
3.320000e+02 1.505512e+01 3.683877e-02
3.320000e+02 1.507861e+01 3.595868e-02
3.320000e+02 1.499525e+01 3.596222e-02
3.330000e+02 1.614179e+01 3.889617e-02
3.330000e+02 1.620190e+01 3.907063e-02
3.330000e+02 1.622423e+01 3.879395e-02
3.330000e+02 1.626582e+01 3.948639e-02
3.330000e+02 1.625001e+01 3.936461e-02
3.330000e+02 1.623634e+01 3.931487e-02
3.330000e+02 1.614678e+01 3.931053e-02
3.330000e+02 1.621947e+01 3.943020e-02
3.330000e+02 1.626015e+01 3.887590e-02
3.330000e+02 1.619030e+01 3.933896e-02
3.330000e+02 1.623526e+01 3.933473e-02
3.330000e+02 1.617749e+01 3.881303e-02
3.330000e+02 1.622589e+01 3.926807e-02
3.330000e+02 1.623886e+01 3.915814e-02
3.330000e+02 1.617158e+01 3.904311e-02
3.330000e+02 1.621416e+01 3.918722e-02
3.330000e+02 1.624653e+01 3.925593e-02
3.330000e+02 1.622130e+01 3.870198e-02
3.330000e+02 1.624633e+01 3.955909e-02
3.340000e+02 1.749067e+01 4.274544e-02
3.340000e+02 1.754986e+01 4.312993e-02
3.340000e+02 1.753915e+01 4.255329e-02
3.340000e+02 1.761142e+01 4.329966e-02
3.340000e+02 1.756985e+01 4.309104e-02
3.340000e+02 1.759532e+01 4.301663e-02
3.340000e+02 1.763043e+01 4.268777e-02
3.340000e+02 1.754944e+01 4.282573e-02
3.340000e+02 1.765893e+01 4.288794e-02
3.340000e+02 1.762330e+01 4.269311e-02
3.340000e+02 1.760022e+01 4.226977e-02
3.340000e+02 1.767931e+01 4.279759e-02
3.340000e+02 1.752019e+01 4.273513e-02
3.340000e+02 1.755684e+01 4.280516e-02
3.340000e+02 1.748983e+01 4.246677e-02
3.340000e+02 1.761655e+01 4.276122e-02
3.340000e+02 1.759026e+01 4.327345e-02
3.340000e+02 1.753930e+01 4.209929e-02
3.340000e+02 1.758444e+01 4.300784e-02
3.340000e+02 1.752589e+01 4.261736e-02
3.350000e+02 1.912513e+01 4.687662e-02
3.350000e+02 1.909805e+01 4.671642e-02
3.350000e+02 1.912122e+01 4.666372e-02
3.350000e+02 1.908138e+01 4.620806e-02
3.350000e+02 1.914429e+01 4.581865e-02
3.350000e+02 1.909578e+01 4.813594e-02
3.350000e+02 1.919566e+01 4.709362e-02
3.350000e+02 1.917416e+01 4.711308e-02
3.350000e+02 1.912574e+01 4.673067e-02
3.350000e+02 1.915440e+01 4.870627e-02
3.350000e+02 1.906288e+01 4.715329e-02
3.350000e+02 1.913592e+01 4.672094e-02
3.350000e+02 1.907365e+01 4.637898e-02
3.350000e+02 1.912784e+01 4.692771e-02
3.350000e+02 1.910161e+01 4.633575e-02
3.350000e+02 1.913568e+01 4.718422e-02
3.350000e+02 1.908977e+01 4.722188e-02
3.350000e+02 1.910943e+01 4.694141e-02
3.350000e+02 1.914928e+01 4.707308e-02
3.350000e+02 1.917575e+01 4.713056e-02
3.360000e+02 2.099633e+01 5.330441e-02
3.360000e+02 2.099915e+01 5.295551e-02
3.360000e+02 2.096511e+01 5.142967e-02
3.360000e+02 2.093850e+01 5.168023e-02
3.360000e+02 2.098990e+01 5.220739e-02
3.360000e+02 2.102515e+01 5.111100e-02
3.360000e+02 2.101138e+01 5.178995e-02
3.360000e+02 2.089595e+01 5.253481e-02
3.360000e+02 2.101558e+01 5.196126e-02
3.360000e+02 2.100852e+01 5.147553e-02
3.360000e+02 2.103251e+01 5.367149e-02
3.360000e+02 2.104431e+01 5.167728e-02
3.360000e+02 2.101421e+01 5.264776e-02
3.360000e+02 2.094108e+01 5.248488e-02
3.360000e+02 2.103904e+01 5.144029e-02
3.360000e+02 2.099257e+01 5.186588e-02
3.360000e+02 2.094453e+01 5.268575e-02
3.360000e+02 2.097437e+01 5.228193e-02
3.360000e+02 2.101727e+01 5.065562e-02
3.360000e+02 2.095298e+01 5.266701e-02
3.370000e+02 2.323157e+01 5.723989e-02
3.370000e+02 2.328431e+01 5.725688e-02
3.370000e+02 2.317964e+01 5.822133e-02
3.370000e+02 2.322798e+01 5.600213e-02
3.370000e+02 2.318566e+01 5.877640e-02
3.370000e+02 2.313532e+01 5.823524e-02
3.370000e+02 2.318463e+01 5.777120e-02
3.370000e+02 2.316495e+01 5.769044e-02
3.370000e+02 2.333765e+01 5.702952e-02
3.370000e+02 2.328277e+01 5.754816e-02
3.370000e+02 2.311372e+01 5.571804e-02
3.370000e+02 2.315357e+01 5.727955e-02
3.370000e+02 2.331013e+01 5.812457e-02
3.370000e+02 2.318287e+01 5.685906e-02
3.370000e+02 2.325046e+01 5.642594e-02
3.370000e+02 2.314148e+01 5.871895e-02
3.370000e+02 2.324078e+01 5.782064e-02
3.370000e+02 2.320311e+01 5.690403e-02
3.370000e+02 2.321258e+01 5.898547e-02
3.370000e+02 2.318240e+01 5.850894e-02
3.380000e+02 2.591520e+01 6.446178e-02
3.380000e+02 2.587273e+01 6.481967e-02
3.380000e+02 2.584810e+01 6.472797e-02
3.380000e+02 2.592882e+01 6.378897e-02
3.380000e+02 2.572078e+01 6.629175e-02
3.380000e+02 2.585374e+01 6.500970e-02
3.380000e+02 2.588624e+01 6.399603e-02
3.380000e+02 2.578508e+01 6.546731e-02
3.380000e+02 2.585351e+01 6.489326e-02
3.380000e+02 2.585129e+01 6.499772e-02
3.380000e+02 2.602559e+01 6.586733e-02
3.380000e+02 2.592853e+01 6.408271e-02
3.380000e+02 2.589207e+01 6.461270e-02
3.380000e+02 2.591391e+01 6.410299e-02
3.380000e+02 2.583174e+01 6.432217e-02
3.380000e+02 2.589533e+01 6.532595e-02
3.380000e+02 2.588946e+01 6.720282e-02
3.380000e+02 2.602953e+01 6.422834e-02
3.380000e+02 2.592228e+01 6.632684e-02
3.380000e+02 2.589156e+01 6.523276e-02
3.390000e+02 2.928978e+01 7.473144e-02
3.390000e+02 2.929644e+01 7.457994e-02
3.390000e+02 2.921207e+01 7.416180e-02
3.390000e+02 2.929166e+01 7.513272e-02
3.390000e+02 2.932287e+01 7.480420e-02
3.390000e+02 2.919815e+01 7.270709e-02
3.390000e+02 2.925782e+01 7.369005e-02
3.390000e+02 2.925372e+01 7.402566e-02
3.390000e+02 2.936965e+01 7.654801e-02
3.390000e+02 2.932033e+01 7.297416e-02
3.390000e+02 2.909808e+01 7.349193e-02
3.390000e+02 2.916850e+01 7.421112e-02
3.390000e+02 2.933237e+01 7.325701e-02
3.390000e+02 2.910942e+01 7.412440e-02
3.390000e+02 2.920972e+01 7.435805e-02
3.390000e+02 2.939695e+01 7.431287e-02
3.390000e+02 2.930683e+01 7.614388e-02
3.390000e+02 2.928952e+01 7.332898e-02
3.390000e+02 2.927590e+01 7.340974e-02
3.390000e+02 2.921488e+01 7.436549e-02
3.400000e+02 3.362334e+01 8.708599e-02
3.400000e+02 3.363516e+01 8.648809e-02
3.400000e+02 3.366739e+01 8.545755e-02
3.400000e+02 3.357129e+01 8.557404e-02
3.400000e+02 3.358043e+01 8.561410e-02
3.400000e+02 3.348449e+01 8.483245e-02
3.400000e+02 3.355710e+01 8.510772e-02
3.400000e+02 3.344542e+01 8.543735e-02
3.400000e+02 3.355901e+01 8.658109e-02
3.400000e+02 3.358411e+01 8.650766e-02
3.400000e+02 3.357838e+01 8.533989e-02
3.400000e+02 3.367924e+01 8.600850e-02
3.400000e+02 3.368335e+01 8.485997e-02
3.400000e+02 3.352121e+01 8.496028e-02
3.400000e+02 3.377799e+01 8.797567e-02
3.400000e+02 3.372488e+01 8.594074e-02
3.400000e+02 3.351537e+01 8.849112e-02
3.400000e+02 3.374093e+01 8.717931e-02
3.400000e+02 3.352417e+01 8.540493e-02
3.400000e+02 3.360229e+01 8.662046e-02
3.402000e+02 3.478701e+01 8.820495e-02
3.402000e+02 3.446047e+01 8.834519e-02
3.402000e+02 3.480024e+01 8.797121e-02
3.402000e+02 3.457494e+01 8.980387e-02
3.402000e+02 3.465692e+01 8.722302e-02
3.402000e+02 3.460532e+01 8.852625e-02
3.402000e+02 3.486672e+01 8.876176e-02
3.402000e+02 3.463822e+01 8.716960e-02
3.402000e+02 3.464119e+01 9.187622e-02
3.402000e+02 3.470304e+01 8.898476e-02
3.402000e+02 3.473646e+01 8.852525e-02
3.402000e+02 3.475033e+01 9.037171e-02
3.402000e+02 3.463033e+01 8.876289e-02
3.402000e+02 3.476646e+01 9.208574e-02
3.402000e+02 3.475628e+01 8.935811e-02
3.402000e+02 3.475362e+01 9.182674e-02
3.402000e+02 3.449293e+01 9.065317e-02
3.402000e+02 3.458981e+01 9.242711e-02
3.402000e+02 3.457263e+01 8.974138e-02
3.402000e+02 3.465208e+01 9.065123e-02
3.404000e+02 3.570840e+01 9.009219e-02
3.404000e+02 3.568880e+01 9.026235e-02
3.404000e+02 3.575221e+01 9.217796e-02
3.404000e+02 3.571333e+01 9.153904e-02
3.404000e+02 3.569331e+01 9.207936e-02
3.404000e+02 3.581446e+01 9.437558e-02
3.404000e+02 3.576468e+01 9.403890e-02
3.404000e+02 3.576584e+01 9.385308e-02
3.404000e+02 3.567581e+01 8.977749e-02
3.404000e+02 3.572630e+01 9.085027e-02
3.404000e+02 3.566179e+01 9.182195e-02
3.404000e+02 3.575604e+01 9.200939e-02
3.404000e+02 3.572532e+01 9.214169e-02
3.404000e+02 3.571743e+01 9.131373e-02
3.404000e+02 3.564504e+01 9.277446e-02
3.404000e+02 3.587373e+01 9.198884e-02
3.404000e+02 3.582377e+01 9.375626e-02
3.404000e+02 3.564213e+01 9.137636e-02
3.404000e+02 3.565539e+01 9.281851e-02
3.406000e+02 3.694123e+01 9.614958e-02
3.406000e+02 3.683867e+01 9.388865e-02
3.406000e+02 3.678870e+01 9.674124e-02
3.406000e+02 3.688601e+01 9.303427e-02
3.406000e+02 3.705540e+01 9.495879e-02
3.406000e+02 3.692004e+01 9.229369e-02
3.406000e+02 3.684155e+01 9.689329e-02
3.406000e+02 3.692212e+01 9.371374e-02
3.406000e+02 3.699133e+01 9.526578e-02
3.406000e+02 3.688292e+01 1.034818e-01
3.406000e+02 3.716161e+01 9.595803e-02
3.406000e+02 3.696785e+01 9.425564e-02
3.406000e+02 3.702761e+01 9.398717e-02
3.406000e+02 3.700924e+01 9.455183e-02
3.406000e+02 3.707034e+01 9.260364e-02
3.406000e+02 3.691801e+01 9.484006e-02
3.406000e+02 3.683241e+01 9.433145e-02
3.406000e+02 3.695633e+01 9.588666e-02
3.406000e+02 3.673140e+01 9.341215e-02
3.406000e+02 3.686917e+01 9.549100e-02
3.408000e+02 3.821298e+01 9.904751e-02
3.408000e+02 3.825240e+01 1.001494e-01
3.408000e+02 3.816688e+01 9.693648e-02
3.408000e+02 3.801964e+01 9.777724e-02
3.408000e+02 3.815097e+01 9.572697e-02
3.408000e+02 3.805949e+01 9.716598e-02
3.408000e+02 3.803577e+01 1.011047e-01
3.408000e+02 3.834440e+01 1.013167e-01
3.408000e+02 3.814707e+01 1.003270e-01
3.408000e+02 3.811974e+01 9.502474e-02
3.408000e+02 3.818286e+01 1.014793e-01
3.408000e+02 3.819310e+01 1.000347e-01
3.408000e+02 3.814414e+01 9.608422e-02
3.408000e+02 3.809367e+01 1.007055e-01
3.408000e+02 3.826670e+01 9.945523e-02
3.408000e+02 3.813972e+01 9.654953e-02
3.408000e+02 3.808150e+01 9.675590e-02
3.408000e+02 3.812470e+01 9.982910e-02
3.408000e+02 3.820618e+01 9.846018e-02
3.408000e+02 3.804465e+01 9.889028e-02
3.410000e+02 3.930145e+01 1.077657e-01
3.410000e+02 3.943569e+01 1.021900e-01
3.410000e+02 3.946925e+01 9.927523e-02
3.410000e+02 3.950844e+01 1.004205e-01
3.410000e+02 3.939472e+01 1.004747e-01
3.410000e+02 3.985799e+01 1.022621e-01
3.410000e+02 3.946445e+01 1.017063e-01
3.410000e+02 3.954316e+01 1.066567e-01
3.410000e+02 3.951608e+01 1.018380e-01
3.410000e+02 3.952383e+01 1.018940e-01
3.410000e+02 3.949057e+01 1.054741e-01
3.410000e+02 3.936046e+01 1.040611e-01
3.410000e+02 3.943526e+01 9.874369e-02
3.410000e+02 3.948510e+01 1.023818e-01
3.410000e+02 3.957750e+01 1.032270e-01
3.410000e+02 3.960408e+01 9.783780e-02
3.410000e+02 3.937970e+01 1.022754e-01
3.410000e+02 3.961301e+01 1.010017e-01
3.410000e+02 3.934699e+01 1.025756e-01
3.410000e+02 3.956697e+01 1.107211e-01
3.412000e+02 4.085214e+01 1.063875e-01
3.412000e+02 4.063629e+01 1.079926e-01
3.412000e+02 4.094349e+01 1.115386e-01
3.412000e+02 4.083385e+01 1.053420e-01
3.412000e+02 4.070733e+01 1.051644e-01
3.412000e+02 4.087552e+01 1.058425e-01
3.412000e+02 4.083122e+01 1.040907e-01
3.412000e+02 4.099481e+01 1.035628e-01
3.412000e+02 4.092728e+01 1.071392e-01
3.412000e+02 4.095335e+01 1.086505e-01
3.412000e+02 4.097887e+01 1.059381e-01
3.412000e+02 4.091726e+01 1.038607e-01
3.412000e+02 4.078967e+01 1.055824e-01
3.412000e+02 4.106074e+01 1.060039e-01
3.412000e+02 4.083917e+01 1.069636e-01
3.412000e+02 4.077865e+01 1.059692e-01
3.412000e+02 4.079184e+01 1.097689e-01
3.412000e+02 4.095492e+01 1.078513e-01
3.412000e+02 4.080034e+01 1.045871e-01
3.414000e+02 4.238212e+01 1.101192e-01
3.414000e+02 4.247841e+01 1.094614e-01
3.414000e+02 4.234346e+01 1.093655e-01
3.414000e+02 4.212214e+01 1.072021e-01
3.414000e+02 4.250313e+01 1.100853e-01
3.414000e+02 4.223328e+01 1.096873e-01
3.414000e+02 4.230426e+01 1.089667e-01
3.414000e+02 4.232158e+01 1.110739e-01
3.414000e+02 4.231176e+01 1.121205e-01
3.414000e+02 4.232478e+01 1.121596e-01
3.414000e+02 4.223086e+01 1.078208e-01
3.414000e+02 4.227671e+01 1.086778e-01
3.414000e+02 4.231444e+01 1.097661e-01
3.414000e+02 4.237190e+01 1.086128e-01
3.414000e+02 4.244357e+01 1.078671e-01
3.414000e+02 4.243740e+01 1.096280e-01
3.414000e+02 4.252274e+01 1.114917e-01
3.414000e+02 4.248049e+01 1.099642e-01
3.414000e+02 4.233396e+01 1.119246e-01
3.414000e+02 4.245093e+01 1.110614e-01
3.416000e+02 4.402583e+01 1.180062e-01
3.416000e+02 4.390632e+01 1.115405e-01
3.416000e+02 4.387501e+01 1.151403e-01
3.416000e+02 4.417912e+01 1.172647e-01
3.416000e+02 4.414040e+01 1.187372e-01
3.416000e+02 4.418282e+01 1.157522e-01
3.416000e+02 4.409786e+01 1.137650e-01
3.416000e+02 4.400437e+01 1.146423e-01
3.416000e+02 4.418813e+01 1.143164e-01
3.416000e+02 4.409683e+01 1.155674e-01
3.416000e+02 4.414684e+01 1.133317e-01
3.416000e+02 4.404864e+01 1.131954e-01
3.416000e+02 4.393621e+01 1.152199e-01
3.416000e+02 4.391468e+01 1.156051e-01
3.416000e+02 4.394402e+01 1.192026e-01
3.416000e+02 4.387343e+01 1.161832e-01
3.418000e+02 4.579500e+01 1.213766e-01
3.418000e+02 4.579429e+01 1.207252e-01
3.418000e+02 4.588396e+01 1.175843e-01
3.418000e+02 4.585611e+01 1.211448e-01
3.418000e+02 4.593731e+01 1.201737e-01
3.418000e+02 4.571011e+01 1.190633e-01
3.418000e+02 4.575420e+01 1.257346e-01
3.418000e+02 4.565040e+01 1.169311e-01
3.418000e+02 4.574826e+01 1.222143e-01
3.418000e+02 4.577087e+01 1.195016e-01
3.418000e+02 4.568009e+01 1.202330e-01
3.418000e+02 4.594965e+01 1.266215e-01
3.418000e+02 4.566575e+01 1.189022e-01
3.418000e+02 4.566196e+01 1.160765e-01
3.418000e+02 4.575223e+01 1.167753e-01
3.418000e+02 4.571148e+01 1.194668e-01
3.418000e+02 4.596973e+01 1.186994e-01
3.418000e+02 4.588972e+01 1.189600e-01
3.418000e+02 4.591522e+01 1.197356e-01
3.420000e+02 4.771248e+01 1.216827e-01
3.420000e+02 4.754841e+01 1.246599e-01
3.420000e+02 4.750456e+01 1.255535e-01
3.420000e+02 4.789340e+01 1.251380e-01
3.420000e+02 4.748765e+01 1.267233e-01
3.420000e+02 4.764669e+01 1.236868e-01
3.420000e+02 4.763065e+01 1.254491e-01
3.420000e+02 4.774926e+01 1.260449e-01
3.420000e+02 4.756561e+01 1.236018e-01
3.420000e+02 4.786595e+01 1.258590e-01
3.420000e+02 4.755479e+01 1.219137e-01
3.420000e+02 4.764103e+01 1.251744e-01
3.420000e+02 4.766058e+01 1.257324e-01
3.420000e+02 4.775021e+01 1.231434e-01
3.420000e+02 4.762243e+01 1.217375e-01
3.420000e+02 4.773463e+01 1.264511e-01
3.420000e+02 4.781237e+01 1.264625e-01
3.420000e+02 4.779407e+01 1.216880e-01
3.420000e+02 4.760889e+01 1.224682e-01
3.420000e+02 4.746737e+01 1.241439e-01
3.422000e+02 4.993273e+01 1.323549e-01
3.422000e+02 4.961849e+01 1.295902e-01
3.422000e+02 4.975627e+01 1.299701e-01
3.422000e+02 4.969046e+01 1.319157e-01
3.422000e+02 4.975096e+01 1.297045e-01
3.422000e+02 4.968348e+01 1.309805e-01
3.422000e+02 4.988599e+01 1.326478e-01
3.422000e+02 4.965373e+01 1.291910e-01
3.422000e+02 4.974631e+01 1.338097e-01
3.422000e+02 4.984105e+01 1.296810e-01
3.422000e+02 4.951321e+01 1.311485e-01
3.422000e+02 4.968667e+01 1.291508e-01
3.422000e+02 4.974523e+01 1.278654e-01
3.422000e+02 4.954641e+01 1.288970e-01
3.422000e+02 4.963665e+01 1.327484e-01
3.422000e+02 4.961428e+01 1.309288e-01
3.422000e+02 4.971422e+01 1.323103e-01
3.422000e+02 4.987159e+01 1.298461e-01
3.422000e+02 4.963669e+01 1.322005e-01
3.424000e+02 5.214395e+01 1.377258e-01
3.424000e+02 5.203061e+01 1.407000e-01
3.424000e+02 5.192060e+01 1.379028e-01
3.424000e+02 5.221946e+01 1.342526e-01
3.424000e+02 5.205307e+01 1.360271e-01
3.424000e+02 5.188122e+01 1.343730e-01
3.424000e+02 5.187375e+01 1.479428e-01
3.424000e+02 5.186735e+01 1.342007e-01
3.424000e+02 5.168496e+01 1.402285e-01
3.424000e+02 5.214005e+01 1.379990e-01
3.424000e+02 5.199647e+01 1.361186e-01
3.424000e+02 5.197078e+01 1.370150e-01
3.424000e+02 5.214261e+01 1.330763e-01
3.424000e+02 5.217067e+01 1.363454e-01
3.424000e+02 5.169832e+01 1.440611e-01
3.424000e+02 5.211373e+01 1.363020e-01
3.424000e+02 5.207906e+01 1.319717e-01
3.424000e+02 5.191943e+01 1.367116e-01
3.424000e+02 5.207094e+01 1.430808e-01
3.424000e+02 5.197946e+01 1.336333e-01
3.426000e+02 5.466087e+01 1.538449e-01
3.426000e+02 5.445625e+01 1.447284e-01
3.426000e+02 5.421150e+01 1.456260e-01
3.426000e+02 5.427560e+01 1.411568e-01
3.426000e+02 5.457970e+01 1.496867e-01
3.426000e+02 5.461395e+01 1.455221e-01
3.426000e+02 5.440962e+01 1.464194e-01
3.426000e+02 5.453586e+01 1.451443e-01
3.426000e+02 5.441043e+01 1.452228e-01
3.426000e+02 5.431130e+01 1.431276e-01
3.426000e+02 5.444381e+01 1.416308e-01
3.426000e+02 5.444728e+01 1.432717e-01
3.426000e+02 5.445523e+01 1.427471e-01
3.426000e+02 5.457467e+01 1.430363e-01
3.426000e+02 5.452992e+01 1.476612e-01
3.426000e+02 5.437622e+01 1.463535e-01
3.426000e+02 5.429747e+01 1.448432e-01
3.426000e+02 5.416208e+01 1.438127e-01
3.426000e+02 5.456542e+01 1.462487e-01
3.426000e+02 5.420398e+01 1.425709e-01
3.428000e+02 5.716130e+01 1.537604e-01
3.428000e+02 5.705603e+01 1.503610e-01
3.428000e+02 5.713307e+01 1.539791e-01
3.428000e+02 5.721516e+01 1.465187e-01
3.428000e+02 5.699558e+01 1.519562e-01
3.428000e+02 5.727396e+01 1.479064e-01
3.428000e+02 5.718485e+01 1.524235e-01
3.428000e+02 5.734341e+01 1.487199e-01
3.428000e+02 5.719587e+01 1.528979e-01
3.428000e+02 5.716400e+01 1.523138e-01
3.428000e+02 5.725095e+01 1.572991e-01
3.428000e+02 5.725587e+01 1.525668e-01
3.428000e+02 5.758861e+01 1.491638e-01
3.428000e+02 5.722452e+01 1.512230e-01
3.428000e+02 5.737263e+01 1.561133e-01
3.428000e+02 5.713614e+01 1.480048e-01
3.428000e+02 5.725014e+01 1.509938e-01
3.428000e+02 5.702951e+01 1.518224e-01
3.428000e+02 5.747399e+01 1.543183e-01
3.430000e+02 5.989692e+01 1.584885e-01
3.430000e+02 6.013313e+01 1.600356e-01
3.430000e+02 6.009103e+01 1.569910e-01
3.430000e+02 6.012783e+01 1.580860e-01
3.430000e+02 5.998896e+01 1.547552e-01
3.430000e+02 5.973075e+01 1.587667e-01
3.430000e+02 6.018451e+01 1.579314e-01
3.430000e+02 6.009426e+01 1.617888e-01
3.430000e+02 6.030599e+01 1.657976e-01
3.430000e+02 5.967268e+01 1.574419e-01
3.430000e+02 5.991807e+01 1.622087e-01
3.430000e+02 6.008475e+01 1.552342e-01
3.430000e+02 5.988903e+01 1.562430e-01
3.430000e+02 6.004188e+01 1.572589e-01
3.430000e+02 6.007993e+01 1.601250e-01
3.430000e+02 6.022812e+01 1.539416e-01
3.430000e+02 6.030861e+01 1.582128e-01
3.430000e+02 6.016368e+01 1.556626e-01
3.430000e+02 5.985026e+01 1.607609e-01
3.430000e+02 6.016841e+01 1.569671e-01
3.432000e+02 6.318804e+01 1.709677e-01
3.432000e+02 6.343350e+01 1.677287e-01
3.432000e+02 6.310733e+01 1.628623e-01
3.432000e+02 6.364290e+01 1.711087e-01
3.432000e+02 6.300268e+01 1.692227e-01
3.432000e+02 6.328295e+01 1.687755e-01
3.432000e+02 6.330155e+01 1.669596e-01
3.432000e+02 6.334360e+01 1.709290e-01
3.432000e+02 6.333722e+01 1.673173e-01
3.432000e+02 6.329181e+01 1.634963e-01
3.432000e+02 6.353560e+01 1.660457e-01
3.432000e+02 6.343467e+01 1.660925e-01
3.432000e+02 6.304272e+01 1.662494e-01
3.432000e+02 6.326954e+01 1.691821e-01
3.432000e+02 6.308849e+01 1.642413e-01
3.432000e+02 6.326701e+01 1.747825e-01
3.432000e+02 6.356762e+01 1.697195e-01
3.432000e+02 6.334961e+01 1.684108e-01
3.434000e+02 6.728799e+01 1.797489e-01
3.434000e+02 6.713042e+01 1.804817e-01
3.434000e+02 6.707099e+01 1.854546e-01
3.434000e+02 6.690951e+01 1.797657e-01
3.434000e+02 6.683907e+01 1.739955e-01
3.434000e+02 6.701930e+01 1.728749e-01
3.434000e+02 6.658057e+01 1.781194e-01
3.434000e+02 6.675868e+01 1.803651e-01
3.434000e+02 6.668016e+01 1.728076e-01
3.434000e+02 6.683493e+01 1.798465e-01
3.434000e+02 6.657989e+01 1.804294e-01
3.434000e+02 6.683370e+01 1.771697e-01
3.434000e+02 6.683686e+01 1.778849e-01
3.434000e+02 6.691443e+01 1.784611e-01
3.434000e+02 6.708499e+01 1.755923e-01
3.434000e+02 6.696560e+01 1.787866e-01
3.434000e+02 6.673959e+01 1.789981e-01
3.434000e+02 6.702021e+01 1.798308e-01
3.434000e+02 6.693162e+01 1.777226e-01
3.434000e+02 6.715279e+01 1.800308e-01
3.436000e+02 7.092180e+01 1.912956e-01
3.436000e+02 7.106418e+01 1.905170e-01
3.436000e+02 7.083498e+01 1.881369e-01
3.436000e+02 7.090608e+01 1.974120e-01
3.436000e+02 7.077885e+01 1.894317e-01
3.436000e+02 7.082039e+01 1.893905e-01
3.436000e+02 7.102061e+01 1.938478e-01
3.436000e+02 7.117781e+01 2.007863e-01
3.436000e+02 7.087214e+01 1.919714e-01
3.436000e+02 7.066712e+01 1.870441e-01
3.436000e+02 7.113348e+01 1.947840e-01
3.436000e+02 7.079022e+01 1.891416e-01
3.436000e+02 7.092967e+01 1.867099e-01
3.436000e+02 7.119224e+01 1.913978e-01
3.436000e+02 7.094147e+01 1.919127e-01
3.436000e+02 7.095061e+01 1.884650e-01
3.436000e+02 7.114965e+01 1.998436e-01
3.436000e+02 7.070334e+01 1.958834e-01
3.436000e+02 7.072764e+01 1.879417e-01
3.436000e+02 7.088069e+01 1.874047e-01
3.438000e+02 7.545604e+01 2.052694e-01
3.438000e+02 7.529628e+01 2.005212e-01
3.438000e+02 7.552049e+01 2.009125e-01
3.438000e+02 7.511629e+01 2.070786e-01
3.438000e+02 7.499851e+01 2.003746e-01
3.438000e+02 7.541369e+01 1.983245e-01
3.438000e+02 7.503218e+01 1.974896e-01
3.438000e+02 7.515768e+01 1.947135e-01
3.438000e+02 7.536246e+01 2.049179e-01
3.438000e+02 7.542160e+01 2.023542e-01
3.438000e+02 7.539042e+01 2.103471e-01
3.438000e+02 7.526496e+01 2.003844e-01
3.438000e+02 7.527749e+01 2.031746e-01
3.438000e+02 7.517354e+01 2.008665e-01
3.438000e+02 7.513664e+01 2.027367e-01
3.438000e+02 7.541754e+01 2.141494e-01
3.438000e+02 7.538676e+01 1.987826e-01
3.438000e+02 7.515512e+01 1.931286e-01
3.438000e+02 7.487465e+01 2.053060e-01
3.438000e+02 7.524078e+01 2.066632e-01
3.440000e+02 8.014109e+01 2.153619e-01
3.440000e+02 7.987819e+01 2.128647e-01
3.440000e+02 7.966382e+01 2.230363e-01
3.440000e+02 7.971342e+01 2.117589e-01
3.440000e+02 7.996036e+01 2.143601e-01
3.440000e+02 8.026387e+01 2.236565e-01
3.440000e+02 7.977991e+01 2.103293e-01
3.440000e+02 8.022660e+01 2.153420e-01
3.440000e+02 8.012958e+01 2.202123e-01
3.440000e+02 7.993291e+01 2.211144e-01
3.440000e+02 7.992333e+01 2.106633e-01
3.440000e+02 8.040531e+01 2.166412e-01
3.440000e+02 8.026535e+01 2.187088e-01
3.440000e+02 8.029701e+01 2.123532e-01
3.440000e+02 8.018136e+01 2.106627e-01
3.440000e+02 7.987784e+01 2.124018e-01
3.440000e+02 8.005127e+01 2.092666e-01
3.440000e+02 8.015477e+01 2.145739e-01
3.442000e+02 8.555711e+01 2.230148e-01
3.442000e+02 8.578517e+01 2.319837e-01
3.442000e+02 8.509134e+01 2.228059e-01
3.442000e+02 8.575416e+01 2.236127e-01
3.442000e+02 8.556033e+01 2.299926e-01
3.442000e+02 8.535788e+01 2.344650e-01
3.442000e+02 8.559858e+01 2.330013e-01
3.442000e+02 8.531875e+01 2.295785e-01
3.442000e+02 8.551276e+01 2.330956e-01
3.442000e+02 8.536486e+01 2.267809e-01
3.442000e+02 8.569185e+01 2.310447e-01
3.442000e+02 8.578660e+01 2.298141e-01
3.442000e+02 8.558048e+01 2.306008e-01
3.442000e+02 8.521179e+01 2.207038e-01
3.442000e+02 8.555176e+01 2.294030e-01
3.442000e+02 8.525559e+01 2.332799e-01
3.442000e+02 8.592437e+01 2.323932e-01
3.442000e+02 8.546179e+01 2.266252e-01
3.442000e+02 8.538079e+01 2.291878e-01
3.442000e+02 8.555857e+01 2.306503e-01
3.444000e+02 9.107489e+01 2.399320e-01
3.444000e+02 9.138760e+01 2.589220e-01
3.444000e+02 9.158362e+01 2.542144e-01
3.444000e+02 9.128709e+01 2.554336e-01
3.444000e+02 9.184040e+01 2.405632e-01
3.444000e+02 9.146120e+01 2.481190e-01
3.444000e+02 9.173365e+01 2.456320e-01
3.444000e+02 9.097731e+01 2.466479e-01
3.444000e+02 9.152757e+01 2.421520e-01
3.444000e+02 9.119129e+01 2.406954e-01
3.444000e+02 9.116787e+01 2.527805e-01
3.444000e+02 9.169761e+01 2.633394e-01
3.444000e+02 9.142577e+01 2.439268e-01
3.444000e+02 9.180951e+01 2.456470e-01
3.444000e+02 9.132074e+01 2.498843e-01
3.444000e+02 9.147519e+01 2.588365e-01
3.444000e+02 9.162095e+01 2.453628e-01
3.444000e+02 9.151334e+01 2.506932e-01
3.444000e+02 9.170743e+01 2.468934e-01
3.446000e+02 9.838112e+01 2.827883e-01
3.446000e+02 9.863758e+01 2.665235e-01
3.446000e+02 9.791837e+01 2.675746e-01
3.446000e+02 9.793670e+01 2.636008e-01
3.446000e+02 9.854431e+01 2.559929e-01
3.446000e+02 9.864359e+01 2.704814e-01
3.446000e+02 9.852786e+01 2.651885e-01
3.446000e+02 9.856450e+01 2.723815e-01
3.446000e+02 9.851344e+01 2.641898e-01
3.446000e+02 9.884976e+01 2.709327e-01
3.446000e+02 9.844903e+01 2.711107e-01
3.446000e+02 9.874799e+01 2.599313e-01
3.446000e+02 9.822257e+01 2.767264e-01
3.446000e+02 9.850043e+01 2.713704e-01
3.446000e+02 9.836441e+01 2.728423e-01
3.446000e+02 9.806636e+01 2.769184e-01
3.446000e+02 9.891382e+01 2.640711e-01
3.446000e+02 9.812488e+01 2.559693e-01
3.446000e+02 9.796156e+01 2.616573e-01
3.446000e+02 9.838603e+01 2.574581e-01
3.448000e+02 1.065377e+02 2.861709e-01
3.448000e+02 1.061828e+02 2.834223e-01
3.448000e+02 1.064243e+02 2.825751e-01
3.448000e+02 1.062273e+02 2.955380e-01
3.448000e+02 1.062446e+02 2.959199e-01
3.448000e+02 1.059782e+02 2.835979e-01
3.448000e+02 1.062949e+02 2.777834e-01
3.448000e+02 1.062810e+02 2.884271e-01
3.448000e+02 1.053393e+02 2.808330e-01
3.448000e+02 1.057498e+02 3.088070e-01
3.448000e+02 1.063897e+02 2.847160e-01
3.448000e+02 1.065966e+02 2.890062e-01
3.448000e+02 1.066315e+02 2.999978e-01
3.448000e+02 1.056490e+02 2.942316e-01
3.448000e+02 1.058490e+02 2.790747e-01
3.448000e+02 1.061745e+02 2.978270e-01
3.448000e+02 1.057318e+02 2.887607e-01
3.448000e+02 1.055335e+02 2.827937e-01
3.450000e+02 1.149579e+02 3.094661e-01
3.450000e+02 1.152935e+02 3.004108e-01
3.450000e+02 1.148353e+02 3.030380e-01
3.450000e+02 1.149362e+02 3.181855e-01
3.450000e+02 1.144274e+02 3.154714e-01
3.450000e+02 1.146056e+02 3.098603e-01
3.450000e+02 1.148808e+02 3.127159e-01
3.450000e+02 1.150206e+02 3.109188e-01
3.450000e+02 1.149734e+02 3.195880e-01
3.450000e+02 1.152764e+02 3.026749e-01
3.450000e+02 1.151975e+02 3.142313e-01
3.450000e+02 1.148699e+02 3.114650e-01
3.450000e+02 1.151462e+02 3.064965e-01
3.450000e+02 1.147641e+02 3.081889e-01
3.450000e+02 1.150832e+02 3.026612e-01
3.450000e+02 1.145890e+02 3.109814e-01
3.450000e+02 1.144623e+02 3.252825e-01
3.450000e+02 1.151577e+02 3.175215e-01
3.450000e+02 1.147471e+02 3.155234e-01
3.452000e+02 1.251847e+02 3.549662e-01
3.452000e+02 1.255259e+02 3.307633e-01
3.452000e+02 1.257446e+02 3.397457e-01
3.452000e+02 1.257583e+02 3.569486e-01
3.452000e+02 1.252669e+02 3.342805e-01
3.452000e+02 1.256209e+02 3.404235e-01
3.452000e+02 1.256660e+02 3.475568e-01
3.452000e+02 1.250397e+02 3.404210e-01
3.452000e+02 1.249994e+02 3.358869e-01
3.452000e+02 1.255091e+02 3.475685e-01
3.452000e+02 1.258379e+02 3.456062e-01
3.452000e+02 1.253845e+02 3.363497e-01
3.452000e+02 1.258731e+02 3.373949e-01
3.452000e+02 1.254956e+02 3.390139e-01
3.452000e+02 1.256869e+02 3.310492e-01
3.452000e+02 1.254137e+02 3.658706e-01
3.452000e+02 1.252741e+02 3.415933e-01
3.452000e+02 1.254741e+02 3.413138e-01
3.452000e+02 1.255640e+02 3.413284e-01
3.452000e+02 1.256719e+02 3.412692e-01
3.454000e+02 1.372142e+02 3.687960e-01
3.454000e+02 1.374639e+02 3.673947e-01
3.454000e+02 1.369057e+02 3.721920e-01
3.454000e+02 1.367813e+02 3.683457e-01
3.454000e+02 1.374177e+02 3.619156e-01
3.454000e+02 1.371973e+02 3.627036e-01
3.454000e+02 1.374201e+02 3.598678e-01
3.454000e+02 1.368233e+02 3.862114e-01
3.454000e+02 1.382569e+02 3.962498e-01
3.454000e+02 1.372851e+02 3.844846e-01
3.454000e+02 1.372949e+02 3.664389e-01
3.454000e+02 1.367667e+02 3.750249e-01
3.454000e+02 1.373727e+02 3.742685e-01
3.454000e+02 1.380014e+02 3.754853e-01
3.454000e+02 1.374187e+02 3.606418e-01
3.454000e+02 1.378965e+02 3.724049e-01
3.454000e+02 1.374827e+02 3.869064e-01
3.454000e+02 1.376312e+02 3.796745e-01
3.454000e+02 1.371043e+02 3.790389e-01
3.454000e+02 1.368493e+02 3.809204e-01
3.456000e+02 1.511118e+02 3.963669e-01
3.456000e+02 1.513124e+02 4.159324e-01
3.456000e+02 1.517818e+02 4.141775e-01
3.456000e+02 1.515863e+02 4.178443e-01
3.456000e+02 1.514748e+02 4.045619e-01
3.456000e+02 1.515232e+02 4.146135e-01
3.456000e+02 1.512544e+02 4.220304e-01
3.456000e+02 1.508553e+02 4.189098e-01
3.456000e+02 1.511769e+02 4.112752e-01
3.456000e+02 1.508959e+02 4.189927e-01
3.456000e+02 1.507969e+02 3.996555e-01
3.456000e+02 1.517825e+02 4.098926e-01
3.456000e+02 1.514308e+02 4.162391e-01
3.456000e+02 1.518369e+02 4.215849e-01
3.456000e+02 1.518697e+02 4.047868e-01
3.456000e+02 1.515336e+02 4.210825e-01
3.456000e+02 1.509841e+02 4.004297e-01
3.456000e+02 1.516998e+02 4.078311e-01
3.456000e+02 1.517342e+02 4.052961e-01
3.456000e+02 1.516774e+02 4.265811e-01
3.458000e+02 1.661637e+02 4.470876e-01
3.458000e+02 1.666081e+02 4.556776e-01
3.458000e+02 1.668132e+02 4.582809e-01
3.458000e+02 1.669607e+02 4.421773e-01
3.458000e+02 1.679216e+02 4.568547e-01
3.458000e+02 1.670750e+02 4.761127e-01
3.458000e+02 1.670986e+02 4.653011e-01
3.458000e+02 1.664723e+02 4.527476e-01
3.458000e+02 1.668907e+02 4.533262e-01
3.458000e+02 1.668060e+02 4.425473e-01
3.458000e+02 1.672300e+02 4.797092e-01
3.458000e+02 1.667818e+02 4.505276e-01
3.458000e+02 1.670160e+02 4.815611e-01
3.458000e+02 1.673132e+02 4.493946e-01
3.458000e+02 1.661400e+02 4.501482e-01
3.458000e+02 1.671267e+02 4.647407e-01
3.458000e+02 1.673442e+02 4.410769e-01
3.458000e+02 1.666886e+02 4.522383e-01
3.458000e+02 1.671456e+02 4.572192e-01
3.458000e+02 1.673069e+02 4.602241e-01
3.460000e+02 1.843604e+02 4.945268e-01
3.460000e+02 1.849262e+02 5.149658e-01
3.460000e+02 1.850521e+02 5.192181e-01
3.460000e+02 1.859249e+02 5.203914e-01
3.460000e+02 1.850633e+02 5.098067e-01
3.460000e+02 1.843054e+02 5.227755e-01
3.460000e+02 1.845616e+02 5.004475e-01
3.460000e+02 1.847200e+02 5.045869e-01
3.460000e+02 1.847791e+02 5.108968e-01
3.460000e+02 1.853264e+02 5.049671e-01
3.460000e+02 1.836765e+02 5.116032e-01
3.460000e+02 1.849105e+02 5.021690e-01
3.460000e+02 1.857303e+02 4.957857e-01
3.460000e+02 1.842169e+02 4.853616e-01
3.460000e+02 1.847616e+02 5.075076e-01
3.460000e+02 1.839218e+02 4.908159e-01
3.460000e+02 1.843761e+02 5.013488e-01
3.460000e+02 1.850531e+02 5.178728e-01
3.460000e+02 1.845435e+02 5.039416e-01
3.462000e+02 2.047778e+02 5.499704e-01
3.462000e+02 2.038297e+02 5.461917e-01
3.462000e+02 2.050650e+02 5.547290e-01
3.462000e+02 2.053131e+02 5.691117e-01
3.462000e+02 2.042957e+02 5.612388e-01
3.462000e+02 2.045186e+02 5.402085e-01
3.462000e+02 2.046052e+02 5.722621e-01
3.462000e+02 2.038489e+02 5.468154e-01
3.462000e+02 2.040356e+02 5.481355e-01
3.462000e+02 2.042891e+02 5.412244e-01
3.462000e+02 2.035991e+02 5.487005e-01
3.462000e+02 2.045957e+02 5.579038e-01
3.462000e+02 2.050164e+02 5.511978e-01
3.462000e+02 2.042589e+02 5.572412e-01
3.462000e+02 2.044465e+02 5.733472e-01
3.462000e+02 2.033691e+02 5.378143e-01
3.462000e+02 2.041096e+02 5.515171e-01
3.462000e+02 2.050492e+02 5.677851e-01
3.462000e+02 2.039451e+02 5.584825e-01
3.464000e+02 2.241795e+02 5.740411e-01
3.464000e+02 2.254779e+02 5.791368e-01
3.464000e+02 2.247638e+02 5.845925e-01
3.464000e+02 2.243581e+02 5.768530e-01
3.464000e+02 2.254758e+02 5.730174e-01
3.464000e+02 2.257288e+02 5.720244e-01
3.464000e+02 2.254046e+02 5.694053e-01
3.464000e+02 2.246222e+02 5.563208e-01
3.464000e+02 2.247992e+02 5.706035e-01
3.464000e+02 2.246274e+02 5.755010e-01
3.464000e+02 2.245939e+02 5.855020e-01
3.464000e+02 2.236773e+02 5.733607e-01
3.464000e+02 2.251686e+02 5.595173e-01
3.464000e+02 2.245741e+02 6.006724e-01
3.464000e+02 2.252089e+02 5.778068e-01
3.464000e+02 2.251170e+02 5.717949e-01
3.464000e+02 2.248945e+02 5.842877e-01
3.464000e+02 2.244765e+02 5.652305e-01
3.464000e+02 2.251446e+02 5.874603e-01
3.464000e+02 2.242903e+02 5.721568e-01
3.466000e+02 2.456089e+02 6.102198e-01
3.466000e+02 2.460693e+02 6.181693e-01
3.466000e+02 2.467833e+02 6.377980e-01
3.466000e+02 2.467808e+02 6.283052e-01
3.466000e+02 2.456051e+02 6.158838e-01
3.466000e+02 2.468401e+02 6.210663e-01
3.466000e+02 2.455715e+02 6.333297e-01
3.466000e+02 2.474901e+02 6.168404e-01
3.466000e+02 2.449477e+02 6.132584e-01
3.466000e+02 2.460847e+02 6.209103e-01
3.466000e+02 2.465969e+02 6.195999e-01
3.466000e+02 2.460538e+02 6.299961e-01
3.466000e+02 2.463924e+02 6.070969e-01
3.466000e+02 2.462627e+02 6.688582e-01
3.466000e+02 2.456091e+02 6.257945e-01
3.466000e+02 2.463622e+02 6.190481e-01
3.466000e+02 2.467655e+02 6.409325e-01
3.466000e+02 2.458671e+02 6.185570e-01
3.466000e+02 2.446472e+02 6.186069e-01
3.466000e+02 2.458740e+02 6.229877e-01
3.468000e+02 2.686685e+02 6.801857e-01
3.468000e+02 2.682029e+02 6.795576e-01
3.468000e+02 2.678289e+02 6.758334e-01
3.468000e+02 2.675259e+02 6.737429e-01
3.468000e+02 2.684057e+02 6.725151e-01
3.468000e+02 2.665059e+02 6.712719e-01
3.468000e+02 2.680383e+02 6.922384e-01
3.468000e+02 2.664724e+02 6.878106e-01
3.468000e+02 2.673356e+02 6.666675e-01
3.468000e+02 2.675835e+02 7.050973e-01
3.468000e+02 2.664632e+02 6.616734e-01
3.468000e+02 2.671749e+02 6.884485e-01
3.468000e+02 2.675879e+02 6.756029e-01
3.468000e+02 2.686754e+02 6.677381e-01
3.468000e+02 2.672652e+02 6.854603e-01
3.468000e+02 2.665559e+02 6.835812e-01
3.468000e+02 2.679103e+02 6.819322e-01
3.468000e+02 2.675068e+02 6.876224e-01
3.468000e+02 2.686620e+02 6.742454e-01
3.468000e+02 2.681129e+02 6.689054e-01
3.470000e+02 2.884059e+02 7.334678e-01
3.470000e+02 2.875636e+02 7.700639e-01
3.470000e+02 2.871321e+02 7.274465e-01
3.470000e+02 2.871239e+02 7.191074e-01
3.470000e+02 2.876432e+02 7.350650e-01
3.470000e+02 2.884996e+02 7.287032e-01
3.470000e+02 2.868590e+02 7.227311e-01
3.470000e+02 2.868820e+02 7.202326e-01
3.470000e+02 2.875810e+02 7.508198e-01
3.470000e+02 2.880333e+02 7.227220e-01
3.470000e+02 2.874694e+02 7.099936e-01
3.470000e+02 2.879696e+02 7.202194e-01
3.470000e+02 2.871213e+02 7.080907e-01
3.470000e+02 2.869953e+02 7.249835e-01
3.470000e+02 2.885863e+02 7.289836e-01
3.470000e+02 2.876047e+02 7.320649e-01
3.470000e+02 2.879390e+02 7.186137e-01
3.470000e+02 2.866895e+02 7.224509e-01
3.470000e+02 2.878761e+02 7.181238e-01
3.472000e+02 3.060421e+02 7.696693e-01
3.472000e+02 3.067415e+02 7.612981e-01
3.472000e+02 3.081053e+02 7.688533e-01
3.472000e+02 3.074212e+02 7.818205e-01
3.472000e+02 3.070181e+02 7.672133e-01
3.472000e+02 3.073221e+02 7.745621e-01
3.472000e+02 3.067721e+02 7.847416e-01
3.472000e+02 3.057912e+02 7.489494e-01
3.472000e+02 3.065350e+02 7.787738e-01
3.472000e+02 3.069049e+02 7.753348e-01
3.472000e+02 3.052362e+02 7.742245e-01
3.472000e+02 3.079118e+02 7.792252e-01
3.472000e+02 3.080177e+02 7.761864e-01
3.472000e+02 3.067006e+02 7.876139e-01
3.472000e+02 3.088270e+02 7.628025e-01
3.472000e+02 3.073697e+02 7.694996e-01
3.472000e+02 3.061647e+02 7.624890e-01
3.472000e+02 3.071603e+02 7.767945e-01
3.472000e+02 3.070502e+02 7.955419e-01
3.474000e+02 3.250250e+02 8.120947e-01
3.474000e+02 3.253071e+02 8.159307e-01
3.474000e+02 3.262318e+02 8.334024e-01
3.474000e+02 3.249917e+02 8.431944e-01
3.474000e+02 3.254306e+02 8.239965e-01
3.474000e+02 3.244208e+02 8.248639e-01
3.474000e+02 3.255206e+02 8.073795e-01
3.474000e+02 3.236756e+02 8.286661e-01
3.474000e+02 3.238692e+02 8.200341e-01
3.474000e+02 3.260024e+02 8.293424e-01
3.474000e+02 3.257489e+02 8.221053e-01
3.474000e+02 3.249048e+02 8.218993e-01
3.474000e+02 3.246338e+02 8.059826e-01
3.474000e+02 3.254707e+02 8.224656e-01
3.474000e+02 3.244936e+02 8.300989e-01
3.474000e+02 3.249205e+02 8.128477e-01
3.474000e+02 3.240435e+02 8.150360e-01
3.474000e+02 3.251505e+02 8.111147e-01
3.474000e+02 3.238797e+02 8.388729e-01
3.476000e+02 3.419188e+02 8.883731e-01
3.476000e+02 3.400983e+02 8.603673e-01
3.476000e+02 3.408896e+02 8.565394e-01
3.476000e+02 3.415515e+02 8.555925e-01
3.476000e+02 3.429020e+02 8.554472e-01
3.476000e+02 3.418903e+02 8.696678e-01
3.476000e+02 3.420477e+02 8.529576e-01
3.476000e+02 3.399225e+02 8.501895e-01
3.476000e+02 3.408547e+02 8.668595e-01
3.476000e+02 3.401121e+02 8.656969e-01
3.476000e+02 3.424531e+02 8.697682e-01
3.476000e+02 3.439398e+02 8.653376e-01
3.476000e+02 3.412875e+02 8.656844e-01
3.476000e+02 3.415844e+02 8.705037e-01
3.476000e+02 3.425449e+02 8.909810e-01
3.476000e+02 3.425751e+02 8.595532e-01
3.476000e+02 3.419461e+02 9.017265e-01
3.476000e+02 3.435408e+02 8.863776e-01
3.476000e+02 3.415209e+02 8.685042e-01
3.478000e+02 3.559764e+02 9.124895e-01
3.478000e+02 3.580058e+02 9.072289e-01
3.478000e+02 3.578550e+02 8.872546e-01
3.478000e+02 3.567534e+02 9.309191e-01
3.478000e+02 3.565117e+02 9.083431e-01
3.478000e+02 3.578124e+02 9.287284e-01
3.478000e+02 3.578844e+02 9.045322e-01
3.478000e+02 3.579790e+02 9.068334e-01
3.478000e+02 3.577984e+02 9.233989e-01
3.478000e+02 3.560298e+02 9.086667e-01
3.478000e+02 3.566397e+02 9.084010e-01
3.478000e+02 3.567310e+02 9.273613e-01
3.478000e+02 3.573471e+02 9.131254e-01
3.478000e+02 3.582087e+02 9.130991e-01
3.478000e+02 3.565205e+02 9.155532e-01
3.478000e+02 3.562437e+02 9.108967e-01
3.478000e+02 3.577350e+02 9.266955e-01
3.478000e+02 3.556333e+02 9.018175e-01
3.478000e+02 3.580759e+02 8.842123e-01
3.478000e+02 3.575841e+02 9.262636e-01
3.480000e+02 3.691808e+02 9.248469e-01
3.480000e+02 3.714248e+02 9.496812e-01
3.480000e+02 3.724496e+02 9.578989e-01
3.480000e+02 3.700394e+02 9.452250e-01
3.480000e+02 3.697975e+02 9.497234e-01
3.480000e+02 3.723371e+02 9.404293e-01
3.480000e+02 3.705237e+02 9.272374e-01
3.480000e+02 3.708312e+02 9.892110e-01
3.480000e+02 3.703004e+02 9.336603e-01
3.480000e+02 3.703624e+02 9.464113e-01
3.480000e+02 3.697349e+02 9.452787e-01
3.480000e+02 3.715703e+02 9.428811e-01
3.480000e+02 3.730275e+02 9.457405e-01
3.480000e+02 3.715553e+02 9.286100e-01
3.480000e+02 3.721099e+02 9.470193e-01
3.480000e+02 3.701951e+02 9.350375e-01
3.480000e+02 3.709488e+02 9.490490e-01
3.480000e+02 3.734351e+02 9.306987e-01
3.480000e+02 3.710255e+02 9.568453e-01
3.480000e+02 3.707503e+02 9.557963e-01
3.482000e+02 3.849374e+02 9.913099e-01
3.482000e+02 3.838947e+02 9.863431e-01
3.482000e+02 3.852141e+02 9.920302e-01
3.482000e+02 3.837673e+02 9.943597e-01
3.482000e+02 3.846633e+02 9.866162e-01
3.482000e+02 3.839083e+02 9.868286e-01
3.482000e+02 3.850689e+02 9.855460e-01
3.482000e+02 3.841134e+02 9.866757e-01
3.482000e+02 3.839108e+02 9.663380e-01
3.482000e+02 3.836755e+02 9.692181e-01
3.482000e+02 3.827085e+02 1.010436e+00
3.482000e+02 3.839827e+02 9.887989e-01
3.482000e+02 3.844804e+02 9.994644e-01
3.482000e+02 3.840861e+02 9.885084e-01
3.482000e+02 3.831906e+02 9.973450e-01
3.482000e+02 3.842553e+02 1.002915e+00
3.482000e+02 3.818940e+02 9.767262e-01
3.482000e+02 3.824105e+02 9.650436e-01
3.482000e+02 3.824805e+02 9.844601e-01
3.482000e+02 3.843115e+02 1.007420e+00
3.484000e+02 3.973946e+02 1.029966e+00
3.484000e+02 3.950790e+02 1.037583e+00
3.484000e+02 3.963060e+02 1.020998e+00
3.484000e+02 3.951714e+02 1.005977e+00
3.484000e+02 3.965339e+02 1.026652e+00
3.484000e+02 3.955804e+02 1.025951e+00
3.484000e+02 3.951354e+02 1.045434e+00
3.484000e+02 3.958395e+02 1.015099e+00
3.484000e+02 3.950890e+02 1.049222e+00
3.484000e+02 3.962550e+02 1.046391e+00
3.484000e+02 3.966884e+02 1.055937e+00
3.484000e+02 3.964174e+02 1.015138e+00
3.484000e+02 3.964864e+02 1.041969e+00
3.484000e+02 3.956769e+02 1.016323e+00
3.484000e+02 3.969446e+02 1.021694e+00
3.484000e+02 3.970727e+02 1.045932e+00
3.484000e+02 3.950219e+02 1.026765e+00
3.484000e+02 3.989737e+02 1.045845e+00
3.484000e+02 3.981375e+02 1.031800e+00
3.484000e+02 3.957222e+02 1.037941e+00
3.486000e+02 4.069864e+02 1.074475e+00
3.486000e+02 4.071619e+02 1.052742e+00
3.486000e+02 4.073179e+02 1.065913e+00
3.486000e+02 4.080144e+02 1.100461e+00
3.486000e+02 4.072999e+02 1.048834e+00
3.486000e+02 4.081949e+02 1.070397e+00
3.486000e+02 4.095655e+02 1.061717e+00
3.486000e+02 4.093670e+02 1.073377e+00
3.486000e+02 4.078716e+02 1.072408e+00
3.486000e+02 4.073399e+02 1.061050e+00
3.486000e+02 4.090346e+02 1.060199e+00
3.486000e+02 4.071831e+02 1.081055e+00
3.486000e+02 4.076055e+02 1.067258e+00
3.486000e+02 4.069122e+02 1.060167e+00
3.486000e+02 4.070455e+02 1.043313e+00
3.486000e+02 4.086984e+02 1.064744e+00
3.486000e+02 4.068663e+02 1.053371e+00
3.486000e+02 4.044060e+02 1.066311e+00
3.486000e+02 4.069249e+02 1.063701e+00
3.486000e+02 4.061303e+02 1.059347e+00
3.488000e+02 4.162158e+02 1.115036e+00
3.488000e+02 4.190943e+02 1.093463e+00
3.488000e+02 4.191776e+02 1.087484e+00
3.488000e+02 4.166682e+02 1.091086e+00
3.488000e+02 4.187381e+02 1.095572e+00
3.488000e+02 4.198356e+02 1.127280e+00
3.488000e+02 4.184014e+02 1.118058e+00
3.488000e+02 4.188068e+02 1.084990e+00
3.488000e+02 4.184599e+02 1.096024e+00
3.488000e+02 4.181449e+02 1.077604e+00
3.488000e+02 4.184151e+02 1.093789e+00
3.488000e+02 4.199994e+02 1.094212e+00
3.488000e+02 4.187350e+02 1.100919e+00
3.488000e+02 4.169761e+02 1.078050e+00
3.488000e+02 4.162144e+02 1.082862e+00
3.488000e+02 4.187546e+02 1.107824e+00
3.488000e+02 4.193160e+02 1.077374e+00
3.488000e+02 4.196843e+02 1.115767e+00
3.488000e+02 4.179673e+02 1.110440e+00
3.488000e+02 4.184169e+02 1.080203e+00
3.490000e+02 4.282141e+02 1.129747e+00
3.490000e+02 4.295174e+02 1.116505e+00
3.490000e+02 4.281540e+02 1.108470e+00
3.490000e+02 4.292976e+02 1.131641e+00
3.490000e+02 4.279662e+02 1.134019e+00
3.490000e+02 4.282780e+02 1.129087e+00
3.490000e+02 4.286991e+02 1.125224e+00
3.490000e+02 4.279774e+02 1.094229e+00
3.490000e+02 4.281460e+02 1.112571e+00
3.490000e+02 4.283397e+02 1.139413e+00
3.490000e+02 4.272583e+02 1.106991e+00
3.490000e+02 4.284650e+02 1.144182e+00
3.490000e+02 4.279848e+02 1.148856e+00
3.490000e+02 4.270047e+02 1.096610e+00
3.490000e+02 4.277728e+02 1.114449e+00
3.490000e+02 4.278730e+02 1.128313e+00
3.490000e+02 4.260316e+02 1.131421e+00
3.490000e+02 4.291469e+02 1.149458e+00
3.490000e+02 4.305778e+02 1.124455e+00
3.490000e+02 4.278434e+02 1.113388e+00
3.492000e+02 4.362557e+02 1.153673e+00
3.492000e+02 4.372974e+02 1.149411e+00
3.492000e+02 4.392666e+02 1.176195e+00
3.492000e+02 4.389679e+02 1.191908e+00
3.492000e+02 4.370711e+02 1.169305e+00
3.492000e+02 4.370876e+02 1.162708e+00
3.492000e+02 4.365509e+02 1.179161e+00
3.492000e+02 4.375226e+02 1.182290e+00
3.492000e+02 4.397159e+02 1.149267e+00
3.492000e+02 4.384453e+02 1.176658e+00
3.492000e+02 4.376295e+02 1.168636e+00
3.492000e+02 4.365884e+02 1.160269e+00
3.492000e+02 4.358425e+02 1.151333e+00
3.492000e+02 4.381523e+02 1.159689e+00
3.492000e+02 4.384194e+02 1.121799e+00
3.492000e+02 4.381637e+02 1.155240e+00
3.492000e+02 4.389178e+02 1.156876e+00
3.492000e+02 4.362516e+02 1.145553e+00
3.492000e+02 4.373088e+02 1.163929e+00
3.492000e+02 4.387945e+02 1.169581e+00
3.494000e+02 4.457590e+02 1.184912e+00
3.494000e+02 4.470702e+02 1.198864e+00
3.494000e+02 4.460607e+02 1.181000e+00
3.494000e+02 4.447276e+02 1.207285e+00
3.494000e+02 4.448678e+02 1.212751e+00
3.494000e+02 4.447071e+02 1.191057e+00
3.494000e+02 4.449441e+02 1.177433e+00
3.494000e+02 4.469874e+02 1.185618e+00
3.494000e+02 4.455195e+02 1.210151e+00
3.494000e+02 4.455020e+02 1.182202e+00
3.494000e+02 4.455381e+02 1.197745e+00
3.494000e+02 4.463384e+02 1.191496e+00
3.494000e+02 4.465921e+02 1.177949e+00
3.494000e+02 4.478038e+02 1.236813e+00
3.494000e+02 4.466111e+02 1.203494e+00
3.494000e+02 4.483771e+02 1.190840e+00
3.494000e+02 4.481442e+02 1.187161e+00
3.494000e+02 4.447934e+02 1.211630e+00
3.494000e+02 4.453988e+02 1.192126e+00
3.494000e+02 4.450300e+02 1.175104e+00
3.496000e+02 4.534745e+02 1.242086e+00
3.496000e+02 4.531405e+02 1.208062e+00
3.496000e+02 4.539874e+02 1.227549e+00
3.496000e+02 4.541494e+02 1.212276e+00
3.496000e+02 4.542603e+02 1.226826e+00
3.496000e+02 4.529261e+02 1.223493e+00
3.496000e+02 4.561288e+02 1.265423e+00
3.496000e+02 4.542609e+02 1.246803e+00
3.496000e+02 4.555264e+02 1.230615e+00
3.496000e+02 4.532915e+02 1.217080e+00
3.496000e+02 4.551399e+02 1.216724e+00
3.496000e+02 4.548130e+02 1.228517e+00
3.496000e+02 4.556548e+02 1.239395e+00
3.496000e+02 4.547588e+02 1.241722e+00
3.496000e+02 4.525716e+02 1.217778e+00
3.496000e+02 4.554097e+02 1.240958e+00
3.496000e+02 4.543936e+02 1.284415e+00
3.496000e+02 4.519445e+02 1.240765e+00
3.496000e+02 4.551186e+02 1.221086e+00
3.498000e+02 4.627175e+02 1.253333e+00
3.498000e+02 4.635578e+02 1.254090e+00
3.498000e+02 4.619642e+02 1.273525e+00
3.498000e+02 4.636749e+02 1.255189e+00
3.498000e+02 4.626142e+02 1.259151e+00
3.498000e+02 4.629158e+02 1.259412e+00
3.498000e+02 4.613779e+02 1.265871e+00
3.498000e+02 4.625746e+02 1.294112e+00
3.498000e+02 4.652412e+02 1.282787e+00
3.498000e+02 4.641115e+02 1.276823e+00
3.498000e+02 4.634700e+02 1.275160e+00
3.498000e+02 4.630629e+02 1.295425e+00
3.498000e+02 4.626991e+02 1.237983e+00
3.498000e+02 4.628861e+02 1.261463e+00
3.498000e+02 4.617080e+02 1.272732e+00
3.498000e+02 4.633848e+02 1.271250e+00
3.498000e+02 4.644619e+02 1.258744e+00
3.498000e+02 4.609191e+02 1.239881e+00
3.498000e+02 4.635139e+02 1.271498e+00
3.500000e+02 4.693016e+02 1.280431e+00
3.500000e+02 4.711655e+02 1.285064e+00
3.500000e+02 4.701565e+02 1.247964e+00
3.500000e+02 4.693623e+02 1.290641e+00
3.500000e+02 4.700287e+02 1.277098e+00
3.500000e+02 4.719755e+02 1.301385e+00
3.500000e+02 4.695982e+02 1.292259e+00
3.500000e+02 4.739770e+02 1.315575e+00
3.500000e+02 4.700522e+02 1.275308e+00
3.500000e+02 4.712847e+02 1.295906e+00
3.500000e+02 4.702585e+02 1.297517e+00
3.500000e+02 4.702594e+02 1.300393e+00
3.500000e+02 4.720857e+02 1.290624e+00
3.500000e+02 4.691535e+02 1.278324e+00
3.500000e+02 4.695090e+02 1.288869e+00
3.500000e+02 4.695142e+02 1.303386e+00
3.500000e+02 4.700663e+02 1.321860e+00
3.500000e+02 4.716482e+02 1.309816e+00
3.500000e+02 4.715561e+02 1.282186e+00
3.500000e+02 4.696581e+02 1.288133e+00
3.510000e+02 5.033343e+02 1.412742e+00
3.510000e+02 5.033595e+02 1.420990e+00
3.510000e+02 5.032647e+02 1.417429e+00
3.510000e+02 5.035775e+02 1.415254e+00
3.510000e+02 5.033534e+02 1.427508e+00
3.510000e+02 5.043430e+02 1.420793e+00
3.510000e+02 5.048409e+02 1.425950e+00
3.510000e+02 5.040657e+02 1.429422e+00
3.510000e+02 5.037633e+02 1.440512e+00
3.510000e+02 5.003925e+02 1.429471e+00
3.510000e+02 5.047646e+02 1.424568e+00
3.510000e+02 5.050810e+02 1.418975e+00
3.510000e+02 5.017808e+02 1.418566e+00
3.510000e+02 5.028099e+02 1.394559e+00
3.510000e+02 5.030255e+02 1.374033e+00
3.510000e+02 5.000918e+02 1.393801e+00
3.510000e+02 5.046840e+02 1.448253e+00
3.510000e+02 5.035753e+02 1.401096e+00
3.510000e+02 5.023082e+02 1.416539e+00
3.510000e+02 5.032654e+02 1.398235e+00
3.520000e+02 5.285997e+02 1.514513e+00
3.520000e+02 5.319517e+02 1.519891e+00
3.520000e+02 5.324673e+02 1.515416e+00
3.520000e+02 5.318874e+02 1.498207e+00
3.520000e+02 5.309389e+02 1.503065e+00
3.520000e+02 5.304836e+02 1.530271e+00
3.520000e+02 5.291487e+02 1.543509e+00
3.520000e+02 5.322028e+02 1.536709e+00
3.520000e+02 5.317563e+02 1.537151e+00
3.520000e+02 5.306863e+02 1.485840e+00
3.520000e+02 5.326275e+02 1.558118e+00
3.520000e+02 5.307135e+02 1.509315e+00
3.520000e+02 5.322685e+02 1.552620e+00
3.520000e+02 5.294679e+02 1.485664e+00
3.520000e+02 5.297181e+02 1.525832e+00
3.520000e+02 5.313091e+02 1.532946e+00
3.520000e+02 5.329687e+02 1.603188e+00
3.520000e+02 5.303414e+02 1.544003e+00
3.520000e+02 5.338851e+02 1.537181e+00
3.530000e+02 5.531908e+02 1.644474e+00
3.530000e+02 5.529515e+02 1.602801e+00
3.530000e+02 5.532435e+02 1.612207e+00
3.530000e+02 5.536552e+02 1.629828e+00
3.530000e+02 5.551942e+02 1.625296e+00
3.530000e+02 5.540065e+02 1.611515e+00
3.530000e+02 5.562273e+02 1.638541e+00
3.530000e+02 5.538192e+02 1.645443e+00
3.530000e+02 5.567169e+02 1.633588e+00
3.530000e+02 5.545130e+02 1.645450e+00
3.530000e+02 5.524119e+02 1.637264e+00
3.530000e+02 5.551292e+02 1.634878e+00
3.530000e+02 5.562882e+02 1.628248e+00
3.530000e+02 5.531367e+02 1.615001e+00
3.530000e+02 5.536627e+02 1.609838e+00
3.530000e+02 5.502272e+02 1.601154e+00
3.530000e+02 5.551355e+02 1.597208e+00
3.530000e+02 5.556777e+02 1.551187e+00
3.530000e+02 5.581468e+02 1.633631e+00
3.530000e+02 5.568219e+02 1.624032e+00
3.540000e+02 5.749749e+02 1.717491e+00
3.540000e+02 5.785146e+02 1.714749e+00
3.540000e+02 5.751234e+02 1.739413e+00
3.540000e+02 5.771928e+02 1.698728e+00
3.540000e+02 5.749986e+02 1.711447e+00
3.540000e+02 5.771800e+02 1.720272e+00
3.540000e+02 5.733245e+02 1.678349e+00
3.540000e+02 5.778082e+02 1.711319e+00
3.540000e+02 5.785511e+02 1.656601e+00
3.540000e+02 5.761632e+02 1.669941e+00
3.540000e+02 5.752794e+02 1.697098e+00
3.540000e+02 5.773050e+02 1.714452e+00
3.540000e+02 5.765329e+02 1.692910e+00
3.540000e+02 5.771089e+02 1.673339e+00
3.540000e+02 5.727606e+02 1.638074e+00
3.540000e+02 5.759712e+02 1.702081e+00
3.540000e+02 5.761550e+02 1.703102e+00
3.540000e+02 5.764134e+02 1.699201e+00
3.540000e+02 5.752041e+02 1.702966e+00
3.540000e+02 5.739273e+02 1.653891e+00
3.550000e+02 5.961407e+02 1.795993e+00
3.550000e+02 5.931498e+02 1.785351e+00
3.550000e+02 5.942885e+02 1.916672e+00
3.550000e+02 5.949712e+02 1.774858e+00
3.550000e+02 5.954023e+02 1.756450e+00
3.550000e+02 5.939672e+02 1.831600e+00
3.550000e+02 5.931688e+02 1.768056e+00
3.550000e+02 5.955580e+02 1.797686e+00
3.550000e+02 5.963776e+02 1.801964e+00
3.550000e+02 5.944293e+02 1.739217e+00
3.550000e+02 5.934195e+02 1.771626e+00
3.550000e+02 5.948280e+02 1.762557e+00
3.550000e+02 5.939327e+02 1.734641e+00
3.550000e+02 5.929245e+02 1.732725e+00
3.550000e+02 5.931861e+02 1.749252e+00
3.550000e+02 5.931548e+02 1.735501e+00
3.550000e+02 5.955268e+02 1.789424e+00
3.550000e+02 5.919417e+02 1.740728e+00
3.550000e+02 5.928146e+02 1.782941e+00
3.550000e+02 5.957675e+02 1.817034e+00
3.560000e+02 6.121864e+02 1.831709e+00
3.560000e+02 6.092706e+02 1.831280e+00
3.560000e+02 6.118761e+02 1.847862e+00
3.560000e+02 6.126014e+02 1.849089e+00
3.560000e+02 6.114716e+02 1.817488e+00
3.560000e+02 6.131820e+02 1.908875e+00
3.560000e+02 6.073955e+02 1.839307e+00
3.560000e+02 6.111312e+02 1.900091e+00
3.560000e+02 6.174947e+02 1.835451e+00
3.560000e+02 6.117572e+02 1.818000e+00
3.560000e+02 6.102227e+02 1.795712e+00
3.560000e+02 6.107824e+02 1.831010e+00
3.560000e+02 6.090155e+02 1.826005e+00
3.560000e+02 6.121913e+02 1.843492e+00
3.560000e+02 6.147691e+02 1.836609e+00
3.560000e+02 6.106302e+02 1.839616e+00
3.560000e+02 6.141114e+02 1.840748e+00
3.560000e+02 6.076958e+02 1.789604e+00
3.560000e+02 6.140899e+02 1.830472e+00
3.560000e+02 6.139266e+02 1.808114e+00
3.570000e+02 6.240523e+02 1.887526e+00
3.570000e+02 6.259927e+02 1.851328e+00
3.570000e+02 6.299481e+02 1.898497e+00
3.570000e+02 6.259705e+02 1.892705e+00
3.570000e+02 6.269853e+02 1.936536e+00
3.570000e+02 6.280288e+02 1.888429e+00
3.570000e+02 6.248642e+02 1.888095e+00
3.570000e+02 6.280644e+02 1.886760e+00
3.570000e+02 6.246711e+02 1.848186e+00
3.570000e+02 6.254548e+02 1.875128e+00
3.570000e+02 6.265810e+02 1.884880e+00
3.570000e+02 6.276516e+02 1.876991e+00
3.570000e+02 6.283487e+02 1.886338e+00
3.570000e+02 6.271864e+02 1.918929e+00
3.570000e+02 6.241467e+02 1.881425e+00
3.570000e+02 6.267019e+02 1.880998e+00
3.570000e+02 6.274888e+02 1.927661e+00
3.570000e+02 6.275063e+02 1.922817e+00
3.570000e+02 6.290945e+02 1.875779e+00
3.570000e+02 6.275520e+02 1.911979e+00
3.580000e+02 6.361623e+02 1.914690e+00
3.580000e+02 6.392429e+02 1.937899e+00
3.580000e+02 6.433302e+02 1.928682e+00
3.580000e+02 6.399523e+02 1.940027e+00
3.580000e+02 6.438023e+02 1.888632e+00
3.580000e+02 6.406651e+02 1.938388e+00
3.580000e+02 6.405100e+02 1.967440e+00
3.580000e+02 6.384380e+02 1.940690e+00
3.580000e+02 6.429237e+02 1.954139e+00
3.580000e+02 6.401269e+02 1.942549e+00
3.580000e+02 6.397337e+02 1.915535e+00
3.580000e+02 6.393917e+02 1.938933e+00
3.580000e+02 6.428858e+02 1.988122e+00
3.580000e+02 6.417754e+02 1.922121e+00
3.580000e+02 6.406869e+02 1.968335e+00
3.580000e+02 6.422579e+02 2.008292e+00
3.580000e+02 6.423365e+02 1.966926e+00
3.580000e+02 6.430526e+02 1.988313e+00
3.580000e+02 6.447402e+02 1.955569e+00
3.590000e+02 6.549308e+02 2.023544e+00
3.590000e+02 6.554749e+02 1.995242e+00
3.590000e+02 6.554294e+02 1.963663e+00
3.590000e+02 6.513409e+02 1.970509e+00
3.590000e+02 6.550199e+02 1.990552e+00
3.590000e+02 6.525466e+02 2.014128e+00
3.590000e+02 6.546718e+02 2.078819e+00
3.590000e+02 6.527832e+02 1.988257e+00
3.590000e+02 6.543803e+02 2.022335e+00
3.590000e+02 6.551158e+02 2.128069e+00
3.590000e+02 6.534863e+02 2.089819e+00
3.590000e+02 6.546964e+02 2.031962e+00
3.590000e+02 6.532907e+02 2.088845e+00
3.590000e+02 6.573949e+02 1.996256e+00
3.590000e+02 6.590899e+02 2.010481e+00
3.590000e+02 6.520073e+02 2.003591e+00
3.590000e+02 6.541210e+02 2.025011e+00
3.590000e+02 6.557627e+02 2.081426e+00
3.590000e+02 6.558154e+02 2.021462e+00
3.590000e+02 6.563623e+02 1.978965e+00
3.600000e+02 6.663812e+02 2.098667e+00
3.600000e+02 6.688500e+02 1.991894e+00
3.600000e+02 6.660830e+02 2.052449e+00
3.600000e+02 6.680791e+02 2.072726e+00
3.600000e+02 6.672370e+02 2.098804e+00
3.600000e+02 6.670534e+02 2.041308e+00
3.600000e+02 6.639313e+02 2.130903e+00
3.600000e+02 6.661228e+02 2.065733e+00
3.600000e+02 6.724546e+02 2.078953e+00
3.600000e+02 6.681236e+02 2.068060e+00
3.600000e+02 6.668754e+02 2.018724e+00
3.600000e+02 6.641358e+02 2.019319e+00
3.600000e+02 6.692930e+02 2.038175e+00
3.600000e+02 6.679206e+02 2.044695e+00
3.600000e+02 6.656998e+02 2.095859e+00
3.600000e+02 6.607322e+02 2.069583e+00
3.600000e+02 6.652981e+02 2.005966e+00
3.600000e+02 6.677696e+02 2.106645e+00
3.600000e+02 6.677082e+02 2.029455e+00
3.600000e+02 6.627872e+02 2.025550e+00
3.650000e+02 7.150438e+02 2.240511e+00
3.650000e+02 7.179341e+02 2.226742e+00
3.650000e+02 7.176864e+02 2.283888e+00
3.650000e+02 7.169030e+02 2.291738e+00
3.650000e+02 7.202323e+02 2.315614e+00
3.650000e+02 7.144825e+02 2.206847e+00
3.650000e+02 7.194402e+02 2.332790e+00
3.650000e+02 7.179146e+02 2.282566e+00
3.650000e+02 7.134006e+02 2.207990e+00
3.650000e+02 7.169295e+02 2.248419e+00
3.650000e+02 7.201881e+02 2.340988e+00
3.650000e+02 7.154685e+02 2.264823e+00
3.650000e+02 7.155664e+02 2.209990e+00
3.650000e+02 7.187851e+02 2.232718e+00
3.650000e+02 7.195220e+02 2.296959e+00
3.650000e+02 7.195736e+02 2.253611e+00
3.650000e+02 7.166269e+02 2.240581e+00
3.650000e+02 7.196805e+02 2.294773e+00
3.650000e+02 7.161640e+02 2.357415e+00
3.650000e+02 7.154814e+02 2.233189e+00
3.700000e+02 7.560278e+02 2.446604e+00
3.700000e+02 7.527569e+02 2.422841e+00
3.700000e+02 7.582694e+02 2.471201e+00
3.700000e+02 7.580461e+02 2.471524e+00
3.700000e+02 7.557328e+02 2.412033e+00
3.700000e+02 7.534854e+02 2.411250e+00
3.700000e+02 7.526386e+02 2.464747e+00
3.700000e+02 7.584910e+02 2.450334e+00
3.700000e+02 7.534019e+02 2.414934e+00
3.700000e+02 7.566033e+02 2.432675e+00
3.700000e+02 7.551588e+02 2.500314e+00
3.700000e+02 7.511890e+02 2.339281e+00
3.700000e+02 7.497411e+02 2.449419e+00
3.700000e+02 7.534175e+02 2.421802e+00
3.700000e+02 7.548249e+02 2.478942e+00
3.700000e+02 7.560205e+02 2.444305e+00
3.700000e+02 7.530051e+02 2.543479e+00
3.700000e+02 7.558136e+02 2.423310e+00
3.700000e+02 7.565745e+02 2.390163e+00
3.750000e+02 7.814813e+02 2.627266e+00
3.750000e+02 7.809456e+02 2.508906e+00
3.750000e+02 7.808704e+02 2.566960e+00
3.750000e+02 7.795550e+02 2.609565e+00
3.750000e+02 7.877086e+02 2.574238e+00
3.750000e+02 7.849796e+02 2.533125e+00
3.750000e+02 7.862446e+02 2.564789e+00
3.750000e+02 7.821254e+02 2.582648e+00
3.750000e+02 7.853663e+02 2.535104e+00
3.750000e+02 7.839936e+02 2.562014e+00
3.750000e+02 7.896273e+02 2.598221e+00
3.750000e+02 7.858157e+02 2.606707e+00
3.750000e+02 7.833008e+02 2.611211e+00
3.750000e+02 7.827155e+02 2.604168e+00
3.750000e+02 7.822153e+02 2.614521e+00
3.750000e+02 7.859400e+02 2.550412e+00
3.750000e+02 7.804098e+02 2.564088e+00
3.750000e+02 7.871845e+02 2.598727e+00
3.750000e+02 7.839382e+02 2.534025e+00
3.750000e+02 7.831961e+02 2.499745e+00
3.800000e+02 8.102277e+02 2.740494e+00
3.800000e+02 8.063372e+02 2.737951e+00
3.800000e+02 8.066134e+02 2.689236e+00
3.800000e+02 8.102290e+02 2.641220e+00
3.800000e+02 8.064494e+02 2.580971e+00
3.800000e+02 8.093869e+02 2.649636e+00
3.800000e+02 8.093890e+02 2.654081e+00
3.800000e+02 8.064666e+02 2.706084e+00
3.800000e+02 8.114134e+02 2.631036e+00
3.800000e+02 8.038095e+02 2.697736e+00
3.800000e+02 8.030841e+02 2.711066e+00
3.800000e+02 8.046875e+02 2.716431e+00
3.800000e+02 8.121953e+02 2.746461e+00
3.800000e+02 8.071290e+02 2.694930e+00
3.800000e+02 8.112521e+02 2.660175e+00
3.800000e+02 8.061338e+02 2.645857e+00
3.800000e+02 8.077485e+02 2.660193e+00
3.800000e+02 8.027395e+02 2.681081e+00
3.850000e+02 8.201588e+02 2.715915e+00
3.850000e+02 8.247453e+02 2.730606e+00
3.850000e+02 8.262181e+02 2.732264e+00
3.850000e+02 8.238423e+02 2.704629e+00
3.850000e+02 8.285326e+02 2.813290e+00
3.850000e+02 8.225793e+02 2.790229e+00
3.850000e+02 8.237970e+02 2.742001e+00
3.850000e+02 8.268248e+02 2.836438e+00
3.850000e+02 8.263839e+02 2.679918e+00
3.850000e+02 8.224461e+02 2.743954e+00
3.850000e+02 8.299140e+02 2.834232e+00
3.850000e+02 8.268365e+02 2.779658e+00
3.850000e+02 8.244432e+02 2.809513e+00
3.850000e+02 8.230304e+02 2.785348e+00
3.850000e+02 8.200538e+02 2.691310e+00
3.850000e+02 8.254724e+02 2.732130e+00
3.850000e+02 8.214501e+02 2.770593e+00
3.850000e+02 8.222244e+02 2.790439e+00
3.850000e+02 8.178072e+02 2.789516e+00
