1.000000e+03 2.626695e+00 6.857655e-03
1.010000e+03 2.622301e+00 6.989082e-03
1.020000e+03 2.594123e+00 6.990514e-03
1.030000e+03 2.562315e+00 6.616725e-03
1.040000e+03 2.561950e+00 6.734057e-03
1.050000e+03 2.521684e+00 6.659543e-03
1.060000e+03 2.487163e+00 6.688884e-03
1.070000e+03 2.468444e+00 6.781944e-03
1.080000e+03 2.447599e+00 6.482728e-03
1.090000e+03 2.427639e+00 6.564667e-03
1.100000e+03 2.404435e+00 6.234550e-03
1.110000e+03 2.389704e+00 6.532153e-03
1.120000e+03 2.360776e+00 6.272490e-03
1.130000e+03 2.354623e+00 6.929541e-03
1.140000e+03 2.320766e+00 6.142307e-03
1.150000e+03 2.295554e+00 6.145826e-03
1.160000e+03 2.284699e+00 6.085030e-03
1.170000e+03 2.256065e+00 6.436788e-03
1.180000e+03 2.232360e+00 5.724285e-03
1.190000e+03 2.216118e+00 6.895340e-03
1.200000e+03 2.192189e+00 6.292094e-03
1.210000e+03 2.169371e+00 5.899239e-03
1.220000e+03 2.139976e+00 5.810524e-03
1.230000e+03 2.129343e+00 5.863868e-03
1.240000e+03 2.102247e+00 5.968149e-03
1.250000e+03 2.093460e+00 5.600890e-03
1.260000e+03 2.068275e+00 5.521767e-03
1.270000e+03 2.042846e+00 5.847347e-03
1.280000e+03 2.024571e+00 5.744800e-03
1.290000e+03 2.016691e+00 5.542781e-03
1.300000e+03 1.992071e+00 5.496878e-03
1.310000e+03 1.977078e+00 6.214783e-03
1.320000e+03 1.954972e+00 5.354829e-03
1.330000e+03 1.936788e+00 5.348587e-03
1.340000e+03 1.917904e+00 5.309285e-03
1.350000e+03 1.902994e+00 5.229727e-03
1.360000e+03 1.884584e+00 5.148172e-03
1.370000e+03 1.869699e+00 5.095549e-03
1.380000e+03 1.848335e+00 5.276776e-03
1.390000e+03 1.840087e+00 5.145341e-03
1.400000e+03 1.818791e+00 4.883678e-03
1.410000e+03 1.804778e+00 5.293351e-03
1.420000e+03 1.792451e+00 4.900738e-03
1.430000e+03 1.781862e+00 5.083571e-03
1.440000e+03 1.760376e+00 5.415673e-03
1.450000e+03 1.735652e+00 4.866910e-03
1.460000e+03 1.721396e+00 5.007922e-03
1.470000e+03 1.703441e+00 4.855085e-03
1.480000e+03 1.687485e+00 4.715019e-03
1.490000e+03 1.678574e+00 4.590705e-03
1.500000e+03 1.671526e+00 4.848041e-03
1.510000e+03 1.644277e+00 4.813913e-03
1.520000e+03 1.641479e+00 4.833235e-03
1.530000e+03 1.618274e+00 4.516486e-03
1.540000e+03 1.611074e+00 4.732083e-03
1.550000e+03 1.594646e+00 4.547210e-03
1.560000e+03 1.581059e+00 4.724920e-03
1.570000e+03 1.570252e+00 4.673481e-03
1.580000e+03 1.571116e+00 4.966669e-03
1.590000e+03 1.545927e+00 4.436729e-03
1.600000e+03 1.533267e+00 4.528961e-03
1.610000e+03 1.522528e+00 4.564168e-03
1.620000e+03 1.509187e+00 4.508839e-03
1.630000e+03 1.494473e+00 4.727237e-03
1.640000e+03 1.479927e+00 4.528664e-03
1.650000e+03 1.470178e+00 4.474304e-03
1.660000e+03 1.462399e+00 4.428195e-03
1.670000e+03 1.450221e+00 4.215413e-03
1.680000e+03 1.439322e+00 4.131877e-03
1.690000e+03 1.422579e+00 4.503831e-03
1.700000e+03 1.413190e+00 4.261445e-03
1.710000e+03 1.403770e+00 4.337266e-03
1.720000e+03 1.394501e+00 4.267606e-03
1.730000e+03 1.379946e+00 4.121602e-03
1.740000e+03 1.371648e+00 4.251512e-03
1.750000e+03 1.358128e+00 4.151777e-03
1.760000e+03 1.346707e+00 4.041803e-03
1.770000e+03 1.334052e+00 4.204762e-03
1.780000e+03 1.337502e+00 4.165241e-03
1.790000e+03 1.315076e+00 4.025199e-03
1.800000e+03 1.306312e+00 4.090441e-03
1.810000e+03 1.294343e+00 4.199864e-03
1.820000e+03 1.288248e+00 4.105922e-03
1.830000e+03 1.277977e+00 4.021591e-03
1.840000e+03 1.271647e+00 4.030764e-03
1.850000e+03 1.260017e+00 3.922141e-03
1.860000e+03 1.256618e+00 4.009567e-03
1.870000e+03 1.244946e+00 4.159478e-03
1.880000e+03 1.231722e+00 3.905561e-03
1.890000e+03 1.223250e+00 4.022421e-03
1.900000e+03 1.219150e+00 3.978892e-03
1.910000e+03 1.197823e+00 3.866051e-03
1.920000e+03 1.197300e+00 3.893958e-03
1.930000e+03 1.193033e+00 4.019049e-03
1.940000e+03 1.184937e+00 3.923693e-03
1.950000e+03 1.172353e+00 4.224889e-03
1.960000e+03 1.170468e+00 3.711643e-03
1.970000e+03 1.152097e+00 3.629921e-03
1.980000e+03 1.144847e+00 4.474482e-03
1.990000e+03 1.143533e+00 3.620505e-03
2.000000e+03 1.131311e+00 3.581901e-03
2.010000e+03 1.131800e+00 3.726942e-03
2.020000e+03 1.119642e+00 3.732882e-03
2.030000e+03 1.110399e+00 3.596232e-03
2.040000e+03 1.102699e+00 3.676970e-03
2.050000e+03 1.099827e+00 3.618181e-03
2.060000e+03 1.090808e+00 3.654069e-03
2.070000e+03 1.081909e+00 3.814062e-03
2.080000e+03 1.068533e+00 3.747101e-03
2.090000e+03 1.069933e+00 3.561339e-03
2.100000e+03 1.060735e+00 3.764983e-03
2.110000e+03 1.048502e+00 3.465089e-03
2.120000e+03 1.050035e+00 3.760878e-03
2.130000e+03 1.042345e+00 4.164422e-03
2.140000e+03 1.031300e+00 3.596915e-03
2.150000e+03 1.029192e+00 3.667086e-03
2.160000e+03 1.015826e+00 3.440202e-03
2.170000e+03 1.012141e+00 3.547531e-03
2.180000e+03 1.007910e+00 3.768286e-03
2.190000e+03 1.005680e+00 3.430346e-03
2.200000e+03 9.956522e-01 3.630496e-03
2.210000e+03 9.808586e-01 3.510339e-03
2.220000e+03 9.801542e-01 3.531717e-03
2.230000e+03 9.786654e-01 3.720800e-03
2.240000e+03 9.713115e-01 3.420092e-03
2.250000e+03 9.691605e-01 4.182023e-03
2.260000e+03 9.557394e-01 3.415644e-03
2.270000e+03 9.518915e-01 3.908244e-03
2.280000e+03 9.475360e-01 3.442011e-03
2.290000e+03 9.419044e-01 3.497427e-03
2.300000e+03 9.328930e-01 3.318266e-03
2.310000e+03 9.286748e-01 3.165640e-03
2.320000e+03 9.239429e-01 3.468701e-03
2.330000e+03 9.191376e-01 3.267458e-03
2.340000e+03 9.125428e-01 3.409302e-03
2.350000e+03 9.052984e-01 3.326474e-03
2.360000e+03 8.946371e-01 3.321860e-03
2.370000e+03 8.980593e-01 3.177178e-03
2.380000e+03 8.899908e-01 3.478703e-03
2.390000e+03 8.795296e-01 3.377773e-03
2.400000e+03 8.821996e-01 3.468801e-03
2.410000e+03 8.733724e-01 3.864884e-03
2.420000e+03 8.693251e-01 3.379803e-03
2.430000e+03 8.596720e-01 3.227740e-03
2.440000e+03 8.632605e-01 3.191009e-03
2.450000e+03 8.526874e-01 3.160080e-03
2.460000e+03 8.437430e-01 3.493799e-03
2.470000e+03 8.449654e-01 3.406303e-03
2.480000e+03 8.421817e-01 3.080357e-03
2.490000e+03 8.367544e-01 3.078753e-03
2.500000e+03 8.347785e-01 3.109841e-03
2.510000e+03 8.281382e-01 3.227640e-03
2.520000e+03 8.237286e-01 3.041387e-03
2.530000e+03 8.178952e-01 3.028737e-03
2.540000e+03 8.140736e-01 3.642609e-03
2.550000e+03 8.061996e-01 3.139242e-03
2.560000e+03 8.078301e-01 3.098855e-03
2.570000e+03 7.988126e-01 3.346995e-03
2.580000e+03 7.952649e-01 3.191302e-03
2.590000e+03 7.854449e-01 3.209094e-03
2.600000e+03 7.915625e-01 3.837896e-03
2.610000e+03 7.792855e-01 3.075337e-03
2.620000e+03 7.788310e-01 2.992727e-03
2.630000e+03 7.715747e-01 3.413532e-03
2.640000e+03 7.688777e-01 2.991060e-03
2.650000e+03 7.693700e-01 3.151805e-03
2.660000e+03 7.625053e-01 3.054019e-03
2.670000e+03 7.538466e-01 3.190497e-03
2.680000e+03 7.582790e-01 2.944370e-03
2.690000e+03 7.494523e-01 3.338714e-03
2.700000e+03 7.447713e-01 3.136859e-03
2.710000e+03 7.412387e-01 3.018286e-03
2.720000e+03 7.422205e-01 3.344827e-03
2.730000e+03 7.353200e-01 2.779343e-03
2.740000e+03 7.286930e-01 3.412996e-03
2.750000e+03 7.334877e-01 3.561574e-03
2.760000e+03 7.227323e-01 2.781026e-03
2.770000e+03 7.225590e-01 3.065406e-03
2.780000e+03 7.154706e-01 2.899121e-03
2.790000e+03 7.156402e-01 3.226240e-03
2.800000e+03 7.089600e-01 2.984204e-03
2.810000e+03 7.070144e-01 3.777314e-03
2.820000e+03 7.030543e-01 3.174951e-03
2.830000e+03 7.021682e-01 2.916555e-03
2.840000e+03 6.997532e-01 3.194684e-03
2.850000e+03 6.900112e-01 2.905749e-03
2.860000e+03 6.889116e-01 2.908874e-03
2.870000e+03 6.817663e-01 2.687580e-03
2.880000e+03 6.798877e-01 3.432642e-03
2.890000e+03 6.725664e-01 2.766358e-03
2.900000e+03 6.792029e-01 3.462087e-03
2.910000e+03 6.771061e-01 3.339791e-03
2.920000e+03 6.680276e-01 2.835004e-03
2.930000e+03 6.671711e-01 3.033723e-03
2.940000e+03 6.611585e-01 2.816860e-03
2.950000e+03 6.616269e-01 2.992537e-03
2.960000e+03 6.538418e-01 2.666406e-03
2.970000e+03 6.476319e-01 2.846511e-03
2.980000e+03 6.441065e-01 2.817832e-03
2.990000e+03 6.470985e-01 3.069758e-03
3.000000e+02 1.484424e-09 5.319641e-12
3.100000e+02 8.586168e-08 3.071257e-10
3.200000e+02 4.883909e-07 1.738727e-09
3.300000e+02 1.415065e-06 5.210658e-09
3.400000e+02 2.943605e-06 1.078014e-08
3.500000e+02 5.112033e-06 1.905213e-08
3.600000e+02 7.917215e-06 3.032727e-08
3.700000e+02 1.118525e-05 4.353433e-08
3.800000e+02 1.531999e-05 6.190951e-08
3.900000e+02 2.054663e-05 1.004492e-07
4.000000e+02 3.162654e-05 2.527440e-07
4.100000e+02 6.443094e-05 4.634058e-07
4.200000e+02 1.477718e-04 9.115644e-07
4.300000e+02 3.687159e-04 1.403541e-05
4.400000e+02 7.654163e-04 6.585020e-06
4.500000e+02 1.584695e-03 1.187900e-05
4.600000e+02 3.129895e-03 3.222065e-05
4.700000e+02 7.430994e-03 8.306207e-05
4.800000e+02 4.854944e-02 2.206737e-04
4.900000e+02 1.605638e-01 5.591591e-04
5.000000e+02 3.216592e-01 9.702806e-04
5.100000e+02 5.103388e-01 1.460897e-03
5.200000e+02 7.157542e-01 1.994725e-03
5.300000e+02 9.193793e-01 2.463429e-03
5.400000e+02 1.125777e+00 3.105416e-03
5.500000e+02 1.314117e+00 3.601077e-03
5.600000e+02 1.510218e+00 4.035144e-03
5.700000e+02 1.677218e+00 4.563360e-03
5.800000e+02 1.831332e+00 4.745543e-03
5.900000e+02 1.986587e+00 5.150698e-03
6.000000e+02 2.115432e+00 5.640840e-03
6.100000e+02 2.244952e+00 5.841969e-03
6.200000e+02 2.347795e+00 6.035340e-03
6.300000e+02 2.441742e+00 6.353482e-03
6.400000e+02 2.541084e+00 6.580522e-03
6.500000e+02 2.626943e+00 6.857887e-03
6.600000e+02 2.680562e+00 7.108929e-03
6.700000e+02 2.752408e+00 7.206941e-03
6.800000e+02 2.792709e+00 7.261928e-03
6.900000e+02 2.836524e+00 7.265634e-03
7.000000e+02 2.879216e+00 7.398759e-03
7.100000e+02 2.907668e+00 7.439327e-03
7.200000e+02 2.927931e+00 7.543644e-03
7.300000e+02 2.946591e+00 7.735631e-03
7.400000e+02 2.978137e+00 7.699663e-03
7.500000e+02 3.003091e+00 7.641174e-03
7.600000e+02 2.995836e+00 7.794738e-03
7.700000e+02 2.999759e+00 7.678698e-03
7.800000e+02 2.992646e+00 7.787945e-03
7.900000e+02 2.998881e+00 7.849025e-03
8.000000e+02 2.992276e+00 7.679733e-03
8.100000e+02 2.986417e+00 7.756734e-03
8.200000e+02 2.976275e+00 7.592414e-03
8.300000e+02 2.966434e+00 7.981141e-03
8.400000e+02 2.957387e+00 7.586712e-03
8.500000e+02 2.952294e+00 7.473556e-03
8.600000e+02 2.919300e+00 7.780470e-03
8.700000e+02 2.916599e+00 7.402221e-03
8.800000e+02 2.888841e+00 7.438533e-03
8.900000e+02 2.870835e+00 7.521060e-03
9.000000e+02 2.860903e+00 7.548969e-03
9.100000e+02 2.840316e+00 7.666313e-03
9.200000e+02 2.811253e+00 7.456906e-03
9.300000e+02 2.793757e+00 7.130709e-03
9.400000e+02 2.782781e+00 7.293913e-03
9.500000e+02 2.754871e+00 7.135195e-03
9.600000e+02 2.716851e+00 6.978024e-03
9.700000e+02 2.712062e+00 7.037100e-03
9.800000e+02 2.674155e+00 7.074181e-03
9.900000e+02 2.679302e+00 6.824605e-03
