1.000000e+03 2.681275e+00 6.351121e-03
1.000000e+03 2.685790e+00 6.323071e-03
1.000000e+03 2.692697e+00 6.329193e-03
1.000000e+03 2.681791e+00 6.210331e-03
1.000000e+03 2.673946e+00 6.367383e-03
1.000000e+03 2.681752e+00 6.482585e-03
1.000000e+03 2.689265e+00 6.377233e-03
1.000000e+03 2.693152e+00 6.345727e-03
1.000000e+03 2.679573e+00 6.343465e-03
1.000000e+03 2.680545e+00 6.306374e-03
1.000000e+03 2.668458e+00 6.383184e-03
1.000000e+03 2.685195e+00 6.438537e-03
1.000000e+03 2.687504e+00 6.324672e-03
1.000000e+03 2.685995e+00 6.354794e-03
1.000000e+03 2.675101e+00 6.364824e-03
1.000000e+03 2.682705e+00 6.374092e-03
1.000000e+03 2.673909e+00 6.395925e-03
1.000000e+03 2.687453e+00 6.436510e-03
1.000000e+03 2.683393e+00 6.366305e-03
1.000000e+03 2.679829e+00 6.427712e-03
1.000000e+03 2.677632e+00 6.417390e-03
1.000000e+03 2.671966e+00 6.387390e-03
1.000000e+03 2.690092e+00 6.456386e-03
1.000000e+03 2.679292e+00 6.212049e-03
1.000000e+03 2.677558e+00 6.458176e-03
1.200000e+03 2.267163e+00 5.381821e-03
1.200000e+03 2.276904e+00 5.395747e-03
1.200000e+03 2.265457e+00 5.412973e-03
1.200000e+03 2.275179e+00 5.393492e-03
1.200000e+03 2.274412e+00 5.424905e-03
1.200000e+03 2.272320e+00 5.410642e-03
1.200000e+03 2.266716e+00 5.423597e-03
1.200000e+03 2.279532e+00 5.355841e-03
1.200000e+03 2.262177e+00 5.464092e-03
1.200000e+03 2.269066e+00 5.431638e-03
1.200000e+03 2.269345e+00 5.381466e-03
1.200000e+03 2.268777e+00 5.407914e-03
1.200000e+03 2.277790e+00 5.347712e-03
1.200000e+03 2.268446e+00 5.394918e-03
1.200000e+03 2.275177e+00 5.349311e-03
1.200000e+03 2.276639e+00 5.430625e-03
1.200000e+03 2.275363e+00 5.355438e-03
1.200000e+03 2.276281e+00 5.491182e-03
1.200000e+03 2.264067e+00 5.486991e-03
1.200000e+03 2.271487e+00 5.401584e-03
1.200000e+03 2.272141e+00 5.382085e-03
1.200000e+03 2.271975e+00 5.511784e-03
1.200000e+03 2.271463e+00 5.337229e-03
1.200000e+03 2.274840e+00 5.457417e-03
1.200000e+03 2.279976e+00 5.339557e-03
1.400000e+03 1.928223e+00 4.618660e-03
1.400000e+03 1.926735e+00 4.617065e-03
1.400000e+03 1.924717e+00 4.707002e-03
1.400000e+03 1.940587e+00 4.582720e-03
1.400000e+03 1.921043e+00 4.635783e-03
1.400000e+03 1.923864e+00 4.683778e-03
1.400000e+03 1.921549e+00 4.646828e-03
1.400000e+03 1.918768e+00 4.747230e-03
1.400000e+03 1.932423e+00 4.596920e-03
1.400000e+03 1.929693e+00 4.639078e-03
1.400000e+03 1.926031e+00 4.699226e-03
1.400000e+03 1.927865e+00 4.592618e-03
1.400000e+03 1.916257e+00 4.574204e-03
1.400000e+03 1.923041e+00 4.657434e-03
1.400000e+03 1.926830e+00 4.552777e-03
1.400000e+03 1.924609e+00 4.597991e-03
1.400000e+03 1.933154e+00 4.560410e-03
1.400000e+03 1.930272e+00 4.623332e-03
1.400000e+03 1.913628e+00 4.625852e-03
1.400000e+03 1.924275e+00 4.674872e-03
1.400000e+03 1.914845e+00 4.657746e-03
1.400000e+03 1.923822e+00 4.534842e-03
1.400000e+03 1.922048e+00 4.641083e-03
1.400000e+03 1.922321e+00 4.634519e-03
1.400000e+03 1.921312e+00 4.620966e-03
1.600000e+03 1.651452e+00 4.090711e-03
1.600000e+03 1.640454e+00 4.081453e-03
1.600000e+03 1.641952e+00 4.076367e-03
1.600000e+03 1.650292e+00 4.042059e-03
1.600000e+03 1.648670e+00 4.087077e-03
1.600000e+03 1.647780e+00 4.027362e-03
1.600000e+03 1.646805e+00 4.042718e-03
1.600000e+03 1.650349e+00 4.053240e-03
1.600000e+03 1.649499e+00 4.011361e-03
1.600000e+03 1.644199e+00 4.006869e-03
1.600000e+03 1.644542e+00 4.044770e-03
1.600000e+03 1.648097e+00 4.066850e-03
1.600000e+03 1.652345e+00 4.018622e-03
1.600000e+03 1.641762e+00 3.946903e-03
1.600000e+03 1.643094e+00 3.898079e-03
1.600000e+03 1.646634e+00 3.987171e-03
1.600000e+03 1.643105e+00 3.952882e-03
1.600000e+03 1.646629e+00 4.070503e-03
1.600000e+03 1.641906e+00 4.082993e-03
1.600000e+03 1.646423e+00 4.025829e-03
1.600000e+03 1.644795e+00 3.956424e-03
1.600000e+03 1.646033e+00 4.056780e-03
1.600000e+03 1.645771e+00 4.001499e-03
1.600000e+03 1.636875e+00 4.040732e-03
1.600000e+03 1.647252e+00 4.050371e-03
1.800000e+03 1.433459e+00 3.359382e-03
1.800000e+03 1.429374e+00 3.557347e-03
1.800000e+03 1.429373e+00 3.542921e-03
1.800000e+03 1.426000e+00 3.523287e-03
1.800000e+03 1.425810e+00 3.476816e-03
1.800000e+03 1.422527e+00 3.567386e-03
1.800000e+03 1.424266e+00 3.601110e-03
1.800000e+03 1.430795e+00 3.537123e-03
1.800000e+03 1.431422e+00 3.523029e-03
1.800000e+03 1.430806e+00 3.514672e-03
1.800000e+03 1.431209e+00 3.567854e-03
1.800000e+03 1.427463e+00 3.475769e-03
1.800000e+03 1.428331e+00 3.599950e-03
1.800000e+03 1.427416e+00 3.595479e-03
1.800000e+03 1.430806e+00 3.562479e-03
1.800000e+03 1.426731e+00 3.595059e-03
1.800000e+03 1.427990e+00 3.514167e-03
1.800000e+03 1.427299e+00 3.596058e-03
1.800000e+03 1.425209e+00 3.546627e-03
1.800000e+03 1.424736e+00 3.475164e-03
1.800000e+03 1.430172e+00 3.537371e-03
1.800000e+03 1.424136e+00 3.550234e-03
1.800000e+03 1.425193e+00 3.477086e-03
1.800000e+03 1.425221e+00 3.518889e-03
1.800000e+03 1.433888e+00 3.552361e-03
2.000000e+03 1.254936e+00 3.155088e-03
2.000000e+03 1.252465e+00 3.162715e-03
2.000000e+03 1.253298e+00 3.155677e-03
2.000000e+03 1.256953e+00 3.219931e-03
2.000000e+03 1.251543e+00 3.163192e-03
2.000000e+03 1.255566e+00 3.120138e-03
2.000000e+03 1.250637e+00 3.236643e-03
2.000000e+03 1.254083e+00 3.265955e-03
2.000000e+03 1.251743e+00 3.152713e-03
2.000000e+03 1.254470e+00 3.155560e-03
2.000000e+03 1.255592e+00 3.137470e-03
2.000000e+03 1.253657e+00 3.291972e-03
2.000000e+03 1.247196e+00 3.174747e-03
2.000000e+03 1.253463e+00 3.205610e-03
2.000000e+03 1.252889e+00 3.274398e-03
2.000000e+03 1.259297e+00 3.186292e-03
2.000000e+03 1.248942e+00 3.228978e-03
2.000000e+03 1.250654e+00 3.136518e-03
2.000000e+03 1.253836e+00 3.171978e-03
2.000000e+03 1.248011e+00 3.173407e-03
2.000000e+03 1.253331e+00 3.111401e-03
2.000000e+03 1.245670e+00 3.156088e-03
2.000000e+03 1.253339e+00 3.144604e-03
2.000000e+03 1.250051e+00 3.156602e-03
2.000000e+03 1.250129e+00 3.257616e-03
2.200000e+03 1.110647e+00 2.831079e-03
2.200000e+03 1.110711e+00 2.997143e-03
2.200000e+03 1.109585e+00 2.941822e-03
2.200000e+03 1.108763e+00 2.831382e-03
2.200000e+03 1.113431e+00 2.849385e-03
2.200000e+03 1.113691e+00 2.844449e-03
2.200000e+03 1.109623e+00 2.894766e-03
2.200000e+03 1.111345e+00 2.925259e-03
2.200000e+03 1.114598e+00 2.870895e-03
2.200000e+03 1.106402e+00 2.949561e-03
2.200000e+03 1.111841e+00 2.986633e-03
2.200000e+03 1.113486e+00 2.802969e-03
2.200000e+03 1.111844e+00 2.856386e-03
2.200000e+03 1.114875e+00 3.000670e-03
2.200000e+03 1.114344e+00 2.856062e-03
2.200000e+03 1.106291e+00 2.896275e-03
2.200000e+03 1.106832e+00 2.921477e-03
2.200000e+03 1.118690e+00 2.836337e-03
2.200000e+03 1.112065e+00 2.879443e-03
2.200000e+03 1.108166e+00 2.847477e-03
2.200000e+03 1.111945e+00 2.824175e-03
2.200000e+03 1.109888e+00 2.958935e-03
2.200000e+03 1.109501e+00 2.889177e-03
2.200000e+03 1.118113e+00 2.799217e-03
2.200000e+03 1.113284e+00 2.836691e-03
2.400000e+03 9.966114e-01 2.597951e-03
2.400000e+03 9.947755e-01 2.613815e-03
2.400000e+03 9.949595e-01 2.630728e-03
2.400000e+03 9.962800e-01 2.542947e-03
2.400000e+03 9.962829e-01 2.658627e-03
2.400000e+03 9.987414e-01 2.640725e-03
2.400000e+03 9.966224e-01 2.608442e-03
2.400000e+03 1.000879e+00 2.598102e-03
2.400000e+03 9.951629e-01 2.642006e-03
2.400000e+03 9.973377e-01 2.644529e-03
2.400000e+03 9.952639e-01 2.590051e-03
2.400000e+03 9.978124e-01 2.641736e-03
2.400000e+03 9.998737e-01 2.594951e-03
2.400000e+03 9.972571e-01 2.621664e-03
2.400000e+03 9.913499e-01 2.601646e-03
2.400000e+03 1.000151e+00 2.612783e-03
2.400000e+03 9.957231e-01 2.661955e-03
2.400000e+03 9.990361e-01 2.619907e-03
2.400000e+03 9.985291e-01 2.621542e-03
2.400000e+03 9.985101e-01 2.751721e-03
2.400000e+03 9.927658e-01 2.662501e-03
2.400000e+03 9.959926e-01 2.689820e-03
2.400000e+03 9.958402e-01 2.648718e-03
2.400000e+03 9.943533e-01 2.718740e-03
2.400000e+03 9.998226e-01 2.617949e-03
2.600000e+03 9.028693e-01 2.391324e-03
2.600000e+03 8.912231e-01 2.376622e-03
2.600000e+03 8.972941e-01 2.386218e-03
2.600000e+03 8.975949e-01 2.424753e-03
2.600000e+03 9.006320e-01 2.355187e-03
2.600000e+03 9.052302e-01 2.427415e-03
2.600000e+03 8.982341e-01 2.453968e-03
2.600000e+03 9.001205e-01 2.515371e-03
2.600000e+03 9.001004e-01 2.401553e-03
2.600000e+03 8.988105e-01 2.478526e-03
2.600000e+03 8.977288e-01 2.374304e-03
2.600000e+03 8.997908e-01 2.387352e-03
2.600000e+03 8.975172e-01 2.402633e-03
2.600000e+03 9.010725e-01 2.408949e-03
2.600000e+03 8.979108e-01 2.352083e-03
2.600000e+03 9.012783e-01 2.360831e-03
2.600000e+03 9.001983e-01 2.401177e-03
2.600000e+03 8.986236e-01 2.496602e-03
2.600000e+03 8.957269e-01 2.444587e-03
2.600000e+03 9.018388e-01 2.485451e-03
2.600000e+03 8.956864e-01 2.432363e-03
2.600000e+03 8.970411e-01 2.452928e-03
2.600000e+03 9.003851e-01 2.367440e-03
2.600000e+03 9.015027e-01 2.421496e-03
2.600000e+03 9.000890e-01 2.408999e-03
2.800000e+03 8.208367e-01 2.297925e-03
2.800000e+03 8.165888e-01 2.275718e-03
2.800000e+03 8.208265e-01 2.239936e-03
2.800000e+03 8.164297e-01 2.151221e-03
2.800000e+03 8.161956e-01 2.204758e-03
2.800000e+03 8.209636e-01 2.245087e-03
2.800000e+03 8.191879e-01 2.389876e-03
2.800000e+03 8.181763e-01 2.280391e-03
2.800000e+03 8.137623e-01 2.270103e-03
2.800000e+03 8.165407e-01 2.243939e-03
2.800000e+03 8.170523e-01 2.306532e-03
2.800000e+03 8.189957e-01 2.274054e-03
2.800000e+03 8.180973e-01 2.250563e-03
2.800000e+03 8.196650e-01 2.249658e-03
2.800000e+03 8.199919e-01 2.334557e-03
2.800000e+03 8.176025e-01 2.209238e-03
2.800000e+03 8.149653e-01 2.222952e-03
2.800000e+03 8.217136e-01 2.217439e-03
2.800000e+03 8.183688e-01 2.234439e-03
2.800000e+03 8.209511e-01 2.200330e-03
2.800000e+03 8.180601e-01 2.271849e-03
2.800000e+03 8.204256e-01 2.212549e-03
2.800000e+03 8.203823e-01 2.176105e-03
2.800000e+03 8.198908e-01 2.194234e-03
2.800000e+03 8.197347e-01 2.256776e-03
3.000000e+03 7.480836e-01 2.127533e-03
3.000000e+03 7.441024e-01 2.081817e-03
3.000000e+03 7.525292e-01 2.177247e-03
3.000000e+03 7.490254e-01 2.048870e-03
3.000000e+03 7.490759e-01 2.135897e-03
3.000000e+03 7.470780e-01 2.102859e-03
3.000000e+03 7.458723e-01 2.043115e-03
3.000000e+03 7.454817e-01 2.085386e-03
3.000000e+03 7.488457e-01 2.032544e-03
3.000000e+03 7.474541e-01 2.093805e-03
3.000000e+03 7.466803e-01 2.127044e-03
3.000000e+03 7.480242e-01 2.096197e-03
3.000000e+03 7.461357e-01 2.158452e-03
3.000000e+03 7.503359e-01 2.124876e-03
3.000000e+03 7.453639e-01 2.149124e-03
3.000000e+03 7.486009e-01 2.144296e-03
3.000000e+03 7.465567e-01 2.123483e-03
3.000000e+03 7.479703e-01 2.224429e-03
3.000000e+03 7.468756e-01 2.132294e-03
3.000000e+03 7.486382e-01 2.069626e-03
3.000000e+03 7.478800e-01 2.066183e-03
3.000000e+03 7.489428e-01 2.130642e-03
3.000000e+03 7.490534e-01 2.071180e-03
3.000000e+03 7.490751e-01 2.014306e-03
4.000000e+02 2.329971e-05 6.038550e-08
4.000000e+02 2.321888e-05 6.195271e-08
4.000000e+02 2.323926e-05 6.456146e-08
4.000000e+02 2.348935e-05 6.249471e-08
4.000000e+02 2.330940e-05 6.164866e-08
4.000000e+02 2.332189e-05 6.216556e-08
4.000000e+02 2.318024e-05 6.264920e-08
4.000000e+02 2.329624e-05 6.256059e-08
4.000000e+02 2.324312e-05 6.359267e-08
4.000000e+02 2.320236e-05 6.085653e-08
4.000000e+02 2.327745e-05 6.015043e-08
4.000000e+02 2.316684e-05 6.253176e-08
4.000000e+02 2.324108e-05 6.188408e-08
4.000000e+02 2.329156e-05 6.314232e-08
4.000000e+02 2.327867e-05 6.326106e-08
4.000000e+02 2.330305e-05 6.138634e-08
4.000000e+02 2.332990e-05 6.169925e-08
4.000000e+02 2.322947e-05 6.407317e-08
4.000000e+02 2.322829e-05 6.470876e-08
4.000000e+02 2.322639e-05 5.997756e-08
4.000000e+02 2.336410e-05 6.250760e-08
4.000000e+02 2.325963e-05 6.050200e-08
4.000000e+02 2.323795e-05 6.342526e-08
4.000000e+02 2.316816e-05 6.338971e-08
4.000000e+02 2.322143e-05 6.209150e-08
4.200000e+02 1.429145e-04 4.646037e-07
4.200000e+02 1.427912e-04 4.587280e-07
4.200000e+02 1.430011e-04 4.763613e-07
4.200000e+02 1.431960e-04 4.704143e-07
4.200000e+02 1.441573e-04 5.409135e-07
4.200000e+02 1.430414e-04 4.617538e-07
4.200000e+02 1.431105e-04 4.807088e-07
4.200000e+02 1.435705e-04 4.830875e-07
4.200000e+02 1.429260e-04 5.275410e-07
4.200000e+02 1.442775e-04 6.031039e-07
4.200000e+02 1.430441e-04 5.010310e-07
4.200000e+02 1.431951e-04 4.798997e-07
4.200000e+02 1.425770e-04 4.739888e-07
4.200000e+02 1.436887e-04 5.435955e-07
4.200000e+02 1.448830e-04 5.962991e-07
4.200000e+02 1.427438e-04 4.718313e-07
4.200000e+02 1.444360e-04 5.332382e-07
4.200000e+02 1.430808e-04 4.632142e-07
4.200000e+02 1.438771e-04 5.125608e-07
4.200000e+02 1.441318e-04 5.465652e-07
4.200000e+02 1.446663e-04 4.905246e-07
4.200000e+02 1.444520e-04 4.698963e-07
4.200000e+02 1.431596e-04 4.637604e-07
4.200000e+02 1.431445e-04 5.219803e-07
4.400000e+02 8.130290e-04 2.770540e-06
4.400000e+02 8.106400e-04 2.798616e-06
4.400000e+02 8.092683e-04 2.917607e-06
4.400000e+02 8.140370e-04 2.892675e-06
4.400000e+02 8.140136e-04 2.876911e-06
4.400000e+02 8.081939e-04 2.815149e-06
4.400000e+02 8.093915e-04 2.908053e-06
4.400000e+02 8.090384e-04 2.858320e-06
4.400000e+02 8.117534e-04 2.825425e-06
4.400000e+02 8.070678e-04 2.804610e-06
4.400000e+02 8.054046e-04 2.909145e-06
4.400000e+02 8.126195e-04 2.811521e-06
4.400000e+02 8.104862e-04 2.846060e-06
4.400000e+02 8.134824e-04 2.822931e-06
4.400000e+02 8.147655e-04 2.941298e-06
4.400000e+02 8.092450e-04 2.889187e-06
4.400000e+02 8.085580e-04 2.771273e-06
4.400000e+02 8.132468e-04 2.892839e-06
4.400000e+02 8.118208e-04 2.919358e-06
4.400000e+02 8.157683e-04 2.877661e-06
4.400000e+02 8.113374e-04 2.868153e-06
4.400000e+02 8.143234e-04 3.014155e-06
4.400000e+02 8.104246e-04 2.805331e-06
4.400000e+02 8.075674e-04 2.927394e-06
4.400000e+02 8.116347e-04 2.854648e-06
4.600000e+02 3.681763e-03 1.420843e-05
4.600000e+02 3.679971e-03 1.385754e-05
4.600000e+02 3.686029e-03 1.394253e-05
4.600000e+02 3.679051e-03 1.388561e-05
4.600000e+02 3.681739e-03 1.427944e-05
4.600000e+02 3.661347e-03 1.330280e-05
4.600000e+02 3.686649e-03 1.398184e-05
4.600000e+02 3.698947e-03 1.386837e-05
4.600000e+02 3.702864e-03 1.433282e-05
4.600000e+02 3.659024e-03 1.394980e-05
4.600000e+02 3.680363e-03 1.468824e-05
4.600000e+02 3.675553e-03 1.429430e-05
4.600000e+02 3.679519e-03 1.380486e-05
4.600000e+02 3.678122e-03 1.393479e-05
4.600000e+02 3.708103e-03 1.437314e-05
4.600000e+02 3.690195e-03 1.376736e-05
4.600000e+02 3.685897e-03 1.380843e-05
4.600000e+02 3.689676e-03 1.341742e-05
4.600000e+02 3.666391e-03 1.380881e-05
4.600000e+02 3.656768e-03 1.436883e-05
4.600000e+02 3.678132e-03 1.401679e-05
4.600000e+02 3.677974e-03 1.371542e-05
4.600000e+02 3.676446e-03 1.386731e-05
4.600000e+02 3.697912e-03 1.363006e-05
4.800000e+02 8.749187e-02 2.443683e-04
4.800000e+02 8.733112e-02 2.437985e-04
4.800000e+02 8.723442e-02 2.418028e-04
4.800000e+02 8.755161e-02 2.403834e-04
4.800000e+02 8.708733e-02 2.467159e-04
4.800000e+02 8.773021e-02 2.563137e-04
4.800000e+02 8.743288e-02 2.368075e-04
4.800000e+02 8.725770e-02 2.438874e-04
4.800000e+02 8.722445e-02 2.464505e-04
4.800000e+02 8.731201e-02 2.463080e-04
4.800000e+02 8.718418e-02 2.373661e-04
4.800000e+02 8.731365e-02 2.401570e-04
4.800000e+02 8.710560e-02 2.372894e-04
4.800000e+02 8.736578e-02 2.378590e-04
4.800000e+02 8.742968e-02 2.417988e-04
4.800000e+02 8.744638e-02 2.432244e-04
4.800000e+02 8.744664e-02 2.437727e-04
4.800000e+02 8.726190e-02 2.356519e-04
4.800000e+02 8.756013e-02 2.306770e-04
4.800000e+02 8.763154e-02 2.369860e-04
4.800000e+02 8.705775e-02 2.407851e-04
4.800000e+02 8.733811e-02 2.844444e-04
4.800000e+02 8.712869e-02 2.389264e-04
4.800000e+02 8.713635e-02 2.381279e-04
4.800000e+02 8.749977e-02 2.397457e-04
5.000000e+02 4.394592e-01 1.114160e-03
5.000000e+02 4.415596e-01 1.098437e-03
5.000000e+02 4.392370e-01 1.109187e-03
5.000000e+02 4.400222e-01 1.105748e-03
5.000000e+02 4.399000e-01 1.087008e-03
5.000000e+02 4.406303e-01 1.094314e-03
5.000000e+02 4.404211e-01 1.103133e-03
5.000000e+02 4.399419e-01 1.124108e-03
5.000000e+02 4.395883e-01 1.105935e-03
5.000000e+02 4.408380e-01 1.109267e-03
5.000000e+02 4.414453e-01 1.103523e-03
5.000000e+02 4.405472e-01 1.104670e-03
5.000000e+02 4.423667e-01 1.095002e-03
5.000000e+02 4.417646e-01 1.103211e-03
5.000000e+02 4.413438e-01 1.103731e-03
5.000000e+02 4.379375e-01 1.097574e-03
5.000000e+02 4.422546e-01 1.112719e-03
5.000000e+02 4.404274e-01 1.101805e-03
5.000000e+02 4.406342e-01 1.111207e-03
5.000000e+02 4.406170e-01 1.112910e-03
5.000000e+02 4.400168e-01 1.107200e-03
5.000000e+02 4.395598e-01 1.095846e-03
5.000000e+02 4.405129e-01 1.109245e-03
5.000000e+02 4.421150e-01 1.108720e-03
5.000000e+02 4.388482e-01 1.104510e-03
5.200000e+02 8.577194e-01 2.139446e-03
5.200000e+02 8.569467e-01 2.148215e-03
5.200000e+02 8.642352e-01 2.153340e-03
5.200000e+02 8.580854e-01 2.151785e-03
5.200000e+02 8.604459e-01 2.170601e-03
5.200000e+02 8.621998e-01 2.098564e-03
5.200000e+02 8.604252e-01 2.123006e-03
5.200000e+02 8.595325e-01 2.164133e-03
5.200000e+02 8.598789e-01 2.124273e-03
5.200000e+02 8.605983e-01 2.148909e-03
5.200000e+02 8.620577e-01 2.140221e-03
5.200000e+02 8.593908e-01 2.123630e-03
5.200000e+02 8.645549e-01 2.132852e-03
5.200000e+02 8.604872e-01 2.141966e-03
5.200000e+02 8.609951e-01 2.137242e-03
5.200000e+02 8.593544e-01 2.131521e-03
5.200000e+02 8.630966e-01 2.159962e-03
5.200000e+02 8.643158e-01 2.131537e-03
5.200000e+02 8.588437e-01 2.151137e-03
5.200000e+02 8.612036e-01 2.157723e-03
5.200000e+02 8.626072e-01 2.139524e-03
5.200000e+02 8.605530e-01 2.159375e-03
5.200000e+02 8.621186e-01 2.143590e-03
5.200000e+02 8.620392e-01 2.126620e-03
5.200000e+02 8.658602e-01 2.129162e-03
5.400000e+02 1.267226e+00 3.152898e-03
5.400000e+02 1.270201e+00 3.150769e-03
5.400000e+02 1.264572e+00 3.119511e-03
5.400000e+02 1.261884e+00 3.150221e-03
5.400000e+02 1.259874e+00 3.173978e-03
5.400000e+02 1.268473e+00 3.119564e-03
5.400000e+02 1.269643e+00 3.132838e-03
5.400000e+02 1.265566e+00 3.108089e-03
5.400000e+02 1.269311e+00 3.116429e-03
5.400000e+02 1.265037e+00 3.161311e-03
5.400000e+02 1.273554e+00 3.165566e-03
5.400000e+02 1.267051e+00 3.126858e-03
5.400000e+02 1.270203e+00 3.135821e-03
5.400000e+02 1.272020e+00 3.086210e-03
5.400000e+02 1.267470e+00 3.137573e-03
5.400000e+02 1.266814e+00 3.088820e-03
5.400000e+02 1.264541e+00 3.119367e-03
5.400000e+02 1.274355e+00 3.097276e-03
5.400000e+02 1.271700e+00 3.137042e-03
5.400000e+02 1.265609e+00 3.131229e-03
5.400000e+02 1.261704e+00 3.118982e-03
5.400000e+02 1.269985e+00 3.121783e-03
5.400000e+02 1.267245e+00 3.135052e-03
5.400000e+02 1.263170e+00 3.119702e-03
5.400000e+02 1.267113e+00 3.197700e-03
5.600000e+02 1.631545e+00 4.011927e-03
5.600000e+02 1.626254e+00 3.904112e-03
5.600000e+02 1.622254e+00 3.968753e-03
5.600000e+02 1.625207e+00 3.966572e-03
5.600000e+02 1.628797e+00 3.985227e-03
5.600000e+02 1.635510e+00 3.972405e-03
5.600000e+02 1.630390e+00 4.002965e-03
5.600000e+02 1.625921e+00 4.027962e-03
5.600000e+02 1.631013e+00 4.001773e-03
5.600000e+02 1.631096e+00 3.984915e-03
5.600000e+02 1.632545e+00 3.977023e-03
5.600000e+02 1.630084e+00 4.011943e-03
5.600000e+02 1.629217e+00 4.016480e-03
5.600000e+02 1.635082e+00 3.971561e-03
5.600000e+02 1.627907e+00 3.992663e-03
5.600000e+02 1.635529e+00 4.045673e-03
5.600000e+02 1.633202e+00 4.013629e-03
5.600000e+02 1.630188e+00 4.019922e-03
5.600000e+02 1.633962e+00 4.011133e-03
5.600000e+02 1.626858e+00 3.968407e-03
5.600000e+02 1.625554e+00 4.025406e-03
5.600000e+02 1.631488e+00 3.977439e-03
5.600000e+02 1.636419e+00 3.995056e-03
5.800000e+02 1.940974e+00 4.731436e-03
5.800000e+02 1.933288e+00 4.743851e-03
5.800000e+02 1.928536e+00 4.679755e-03
5.800000e+02 1.936115e+00 4.749609e-03
5.800000e+02 1.942642e+00 4.724381e-03
5.800000e+02 1.943983e+00 4.728599e-03
5.800000e+02 1.947192e+00 4.810661e-03
5.800000e+02 1.933384e+00 4.669641e-03
5.800000e+02 1.942233e+00 4.678300e-03
5.800000e+02 1.936082e+00 4.665742e-03
5.800000e+02 1.942934e+00 4.710077e-03
5.800000e+02 1.941379e+00 4.754332e-03
5.800000e+02 1.935433e+00 4.776011e-03
5.800000e+02 1.938153e+00 4.805283e-03
5.800000e+02 1.930616e+00 4.748273e-03
5.800000e+02 1.932331e+00 4.756589e-03
5.800000e+02 1.941054e+00 4.740240e-03
5.800000e+02 1.935474e+00 4.627092e-03
5.800000e+02 1.943747e+00 4.685472e-03
5.800000e+02 1.931444e+00 4.715361e-03
5.800000e+02 1.938237e+00 4.666762e-03
5.800000e+02 1.934171e+00 4.766111e-03
5.800000e+02 1.932131e+00 4.712638e-03
5.800000e+02 1.938331e+00 4.719138e-03
6.000000e+02 2.200465e+00 5.389929e-03
6.000000e+02 2.196218e+00 5.300686e-03
6.000000e+02 2.203375e+00 5.327025e-03
6.000000e+02 2.196147e+00 5.312697e-03
6.000000e+02 2.197143e+00 5.342203e-03
6.000000e+02 2.200765e+00 5.369982e-03
6.000000e+02 2.195208e+00 5.295696e-03
6.000000e+02 2.203249e+00 5.359800e-03
6.000000e+02 2.188626e+00 5.409745e-03
6.000000e+02 2.203270e+00 5.539244e-03
6.000000e+02 2.200515e+00 5.322188e-03
6.000000e+02 2.195183e+00 5.309179e-03
6.000000e+02 2.201164e+00 5.394906e-03
6.000000e+02 2.194949e+00 5.391126e-03
6.000000e+02 2.192725e+00 5.402114e-03
6.000000e+02 2.194418e+00 5.364825e-03
6.000000e+02 2.199269e+00 5.371871e-03
6.000000e+02 2.199078e+00 5.341475e-03
6.000000e+02 2.201140e+00 5.372786e-03
6.000000e+02 2.199299e+00 5.326485e-03
6.000000e+02 2.197639e+00 5.328749e-03
6.000000e+02 2.196377e+00 5.342463e-03
6.000000e+02 2.202027e+00 5.310162e-03
6.000000e+02 2.199303e+00 5.364243e-03
6.000000e+02 2.195445e+00 5.313744e-03
6.500000e+02 2.658063e+00 6.479929e-03
6.500000e+02 2.645550e+00 6.401439e-03
6.500000e+02 2.641228e+00 6.328321e-03
6.500000e+02 2.637227e+00 6.354640e-03
6.500000e+02 2.642967e+00 6.465220e-03
6.500000e+02 2.648675e+00 6.477453e-03
6.500000e+02 2.647743e+00 6.404669e-03
6.500000e+02 2.638464e+00 6.432099e-03
6.500000e+02 2.639274e+00 6.449378e-03
6.500000e+02 2.656949e+00 6.327312e-03
6.500000e+02 2.650177e+00 6.344906e-03
6.500000e+02 2.663163e+00 6.404582e-03
6.500000e+02 2.644047e+00 6.398031e-03
6.500000e+02 2.647897e+00 6.367490e-03
6.500000e+02 2.638362e+00 6.450576e-03
6.500000e+02 2.644098e+00 6.419613e-03
6.500000e+02 2.640865e+00 6.505018e-03
6.500000e+02 2.653558e+00 6.311082e-03
6.500000e+02 2.638719e+00 6.282533e-03
6.500000e+02 2.649338e+00 6.328221e-03
6.500000e+02 2.637552e+00 6.335847e-03
6.500000e+02 2.658552e+00 6.327050e-03
6.500000e+02 2.647685e+00 6.439999e-03
6.500000e+02 2.648653e+00 6.417101e-03
6.500000e+02 2.647298e+00 6.361048e-03
7.000000e+02 2.885096e+00 6.901433e-03
7.000000e+02 2.889333e+00 6.926916e-03
7.000000e+02 2.891883e+00 6.951188e-03
7.000000e+02 2.885941e+00 6.903235e-03
7.000000e+02 2.889206e+00 6.916900e-03
7.000000e+02 2.888870e+00 6.867883e-03
7.000000e+02 2.873848e+00 6.908560e-03
7.000000e+02 2.888168e+00 6.932754e-03
7.000000e+02 2.880136e+00 6.896556e-03
7.000000e+02 2.881142e+00 6.924532e-03
7.000000e+02 2.885700e+00 7.007546e-03
7.000000e+02 2.874668e+00 6.905443e-03
7.000000e+02 2.876671e+00 6.835452e-03
7.000000e+02 2.876796e+00 6.924939e-03
7.000000e+02 2.885244e+00 6.839355e-03
7.000000e+02 2.871550e+00 6.855610e-03
7.000000e+02 2.893803e+00 6.926141e-03
7.000000e+02 2.877737e+00 7.014620e-03
7.000000e+02 2.879088e+00 6.807647e-03
7.000000e+02 2.893214e+00 6.890459e-03
7.000000e+02 2.882042e+00 6.847125e-03
7.000000e+02 2.875932e+00 6.939828e-03
7.000000e+02 2.890239e+00 6.968094e-03
7.000000e+02 2.881209e+00 6.960270e-03
7.000000e+02 2.890209e+00 6.901031e-03
7.500000e+02 2.988889e+00 7.102109e-03
7.500000e+02 2.972746e+00 7.124415e-03
7.500000e+02 2.982060e+00 7.211554e-03
7.500000e+02 2.996528e+00 7.158118e-03
7.500000e+02 2.981313e+00 7.041636e-03
7.500000e+02 2.979570e+00 7.166164e-03
7.500000e+02 2.981115e+00 7.085485e-03
7.500000e+02 2.984217e+00 7.153986e-03
7.500000e+02 2.975466e+00 7.131338e-03
7.500000e+02 2.978749e+00 7.107460e-03
7.500000e+02 2.994642e+00 7.049758e-03
7.500000e+02 2.988608e+00 7.054737e-03
7.500000e+02 2.975030e+00 7.157032e-03
7.500000e+02 2.973106e+00 7.063568e-03
7.500000e+02 2.995347e+00 7.135353e-03
7.500000e+02 2.990759e+00 7.024040e-03
7.500000e+02 2.980295e+00 7.150070e-03
7.500000e+02 2.974873e+00 7.114050e-03
7.500000e+02 2.984584e+00 7.088218e-03
7.500000e+02 2.973238e+00 7.207285e-03
7.500000e+02 2.990318e+00 7.104484e-03
7.500000e+02 2.992597e+00 7.033022e-03
7.500000e+02 2.978616e+00 7.148655e-03
7.500000e+02 2.976609e+00 7.237570e-03
7.500000e+02 2.980812e+00 7.230612e-03
8.000000e+02 3.001341e+00 7.105366e-03
8.000000e+02 2.986309e+00 7.181722e-03
8.000000e+02 3.000296e+00 7.080619e-03
8.000000e+02 3.004124e+00 7.036509e-03
8.000000e+02 2.995185e+00 6.952363e-03
8.000000e+02 2.997200e+00 7.129650e-03
8.000000e+02 2.988982e+00 7.131537e-03
8.000000e+02 2.991114e+00 7.096202e-03
8.000000e+02 3.003364e+00 7.042731e-03
8.000000e+02 2.983890e+00 7.217104e-03
8.000000e+02 2.994765e+00 7.177161e-03
8.000000e+02 2.995702e+00 7.100991e-03
8.000000e+02 3.006476e+00 7.189752e-03
8.000000e+02 2.993290e+00 7.251161e-03
8.000000e+02 2.998563e+00 7.139358e-03
8.000000e+02 2.986986e+00 7.193952e-03
8.000000e+02 2.998686e+00 7.309016e-03
8.000000e+02 2.994844e+00 7.160057e-03
8.000000e+02 2.980015e+00 7.114357e-03
8.000000e+02 2.997085e+00 7.161311e-03
8.000000e+02 2.994806e+00 7.205626e-03
8.000000e+02 2.984460e+00 7.127477e-03
8.000000e+02 2.997548e+00 7.220497e-03
8.000000e+02 2.997295e+00 7.106857e-03
8.000000e+02 2.997098e+00 7.173982e-03
8.500000e+02 2.962722e+00 7.126509e-03
8.500000e+02 2.938774e+00 7.075733e-03
8.500000e+02 2.948433e+00 7.016097e-03
8.500000e+02 2.946640e+00 6.960410e-03
8.500000e+02 2.944475e+00 6.991844e-03
8.500000e+02 2.951333e+00 6.851923e-03
8.500000e+02 2.948556e+00 6.907076e-03
8.500000e+02 2.953439e+00 6.953190e-03
8.500000e+02 2.954448e+00 6.960924e-03
8.500000e+02 2.945520e+00 6.997851e-03
8.500000e+02 2.948156e+00 6.959603e-03
8.500000e+02 2.953361e+00 7.147192e-03
8.500000e+02 2.953825e+00 7.026512e-03
8.500000e+02 2.961287e+00 7.005356e-03
8.500000e+02 2.958041e+00 7.089642e-03
8.500000e+02 2.948440e+00 7.074801e-03
8.500000e+02 2.950985e+00 7.037424e-03
8.500000e+02 2.939775e+00 7.172471e-03
8.500000e+02 2.945565e+00 7.026450e-03
8.500000e+02 2.959500e+00 7.055071e-03
8.500000e+02 2.944776e+00 7.110976e-03
8.500000e+02 2.952187e+00 7.090811e-03
8.500000e+02 2.949824e+00 6.929200e-03
8.500000e+02 2.942723e+00 6.910743e-03
8.500000e+02 2.947755e+00 7.074417e-03
