1.000000e+03 2.941523e+00 7.026176e-03
1.000000e+03 2.928433e+00 6.996574e-03
1.000000e+03 2.937051e+00 7.079897e-03
1.000000e+03 2.943135e+00 7.027682e-03
1.000000e+03 2.941477e+00 6.989671e-03
1.000000e+03 2.944233e+00 6.971904e-03
1.000000e+03 2.949800e+00 6.988568e-03
1.000000e+03 2.944617e+00 7.047354e-03
1.000000e+03 2.942379e+00 6.921693e-03
1.000000e+03 2.952874e+00 6.954001e-03
1.000000e+03 2.931956e+00 7.029958e-03
1.000000e+03 2.949837e+00 6.946191e-03
1.000000e+03 2.935364e+00 6.981727e-03
1.000000e+03 2.938766e+00 6.935886e-03
1.000000e+03 2.933399e+00 6.957660e-03
1.000000e+03 2.948032e+00 7.064740e-03
1.000000e+03 2.944048e+00 7.084071e-03
1.000000e+03 2.936616e+00 7.123642e-03
1.000000e+03 2.946881e+00 6.949835e-03
1.000000e+03 2.943414e+00 6.978171e-03
1.000000e+03 2.938719e+00 6.960466e-03
1.000000e+03 2.940530e+00 7.083583e-03
1.000000e+03 2.944595e+00 6.972768e-03
1.000000e+03 2.949785e+00 6.977799e-03
1.000000e+03 2.939088e+00 6.971268e-03
1.200000e+03 2.491514e+00 5.954696e-03
1.200000e+03 2.504505e+00 5.853653e-03
1.200000e+03 2.486832e+00 5.990033e-03
1.200000e+03 2.484451e+00 6.032973e-03
1.200000e+03 2.506434e+00 5.831203e-03
1.200000e+03 2.494145e+00 5.978224e-03
1.200000e+03 2.491364e+00 5.839102e-03
1.200000e+03 2.487655e+00 5.995747e-03
1.200000e+03 2.495074e+00 5.944551e-03
1.200000e+03 2.489412e+00 6.043155e-03
1.200000e+03 2.492964e+00 5.991675e-03
1.200000e+03 2.501913e+00 5.841562e-03
1.200000e+03 2.493781e+00 5.858451e-03
1.200000e+03 2.493816e+00 5.927685e-03
1.200000e+03 2.484004e+00 5.930547e-03
1.200000e+03 2.480207e+00 6.010905e-03
1.200000e+03 2.495343e+00 5.891992e-03
1.200000e+03 2.491773e+00 6.037529e-03
1.200000e+03 2.501359e+00 5.920406e-03
1.200000e+03 2.502385e+00 5.914979e-03
1.200000e+03 2.498900e+00 5.761542e-03
1.200000e+03 2.492567e+00 5.951258e-03
1.200000e+03 2.494700e+00 6.072937e-03
1.200000e+03 2.489495e+00 5.998592e-03
1.200000e+03 2.499129e+00 6.014586e-03
1.400000e+03 2.110065e+00 5.112844e-03
1.400000e+03 2.113901e+00 5.101375e-03
1.400000e+03 2.109287e+00 4.959985e-03
1.400000e+03 2.107862e+00 5.080341e-03
1.400000e+03 2.111685e+00 5.092435e-03
1.400000e+03 2.113537e+00 5.093043e-03
1.400000e+03 2.117054e+00 5.012930e-03
1.400000e+03 2.119062e+00 5.035412e-03
1.400000e+03 2.117449e+00 5.150649e-03
1.400000e+03 2.109683e+00 5.072482e-03
1.400000e+03 2.107898e+00 5.208157e-03
1.400000e+03 2.117005e+00 5.043649e-03
1.400000e+03 2.113538e+00 5.066804e-03
1.400000e+03 2.114528e+00 5.108323e-03
1.400000e+03 2.116679e+00 4.960669e-03
1.400000e+03 2.113203e+00 5.117790e-03
1.400000e+03 2.107521e+00 5.173906e-03
1.400000e+03 2.114008e+00 5.139437e-03
1.400000e+03 2.106213e+00 5.082946e-03
1.400000e+03 2.114738e+00 4.953886e-03
1.400000e+03 2.108553e+00 5.078230e-03
1.400000e+03 2.116221e+00 5.071561e-03
1.400000e+03 2.108525e+00 5.138429e-03
1.400000e+03 2.108552e+00 5.112640e-03
1.400000e+03 2.115500e+00 5.082423e-03
1.600000e+03 1.804505e+00 4.504545e-03
1.600000e+03 1.809011e+00 4.330822e-03
1.600000e+03 1.807274e+00 4.376061e-03
1.600000e+03 1.805693e+00 4.346334e-03
1.600000e+03 1.811542e+00 4.382262e-03
1.600000e+03 1.801936e+00 4.507876e-03
1.600000e+03 1.804665e+00 4.370491e-03
1.600000e+03 1.812729e+00 4.486297e-03
1.600000e+03 1.806524e+00 4.446195e-03
1.600000e+03 1.809046e+00 4.486394e-03
1.600000e+03 1.810716e+00 4.384404e-03
1.600000e+03 1.804434e+00 4.418986e-03
1.600000e+03 1.810913e+00 4.354610e-03
1.600000e+03 1.817348e+00 4.359754e-03
1.600000e+03 1.802391e+00 4.419110e-03
1.600000e+03 1.814617e+00 4.498200e-03
1.600000e+03 1.800089e+00 4.441585e-03
1.600000e+03 1.803845e+00 4.324796e-03
1.600000e+03 1.809846e+00 4.459224e-03
1.600000e+03 1.807718e+00 4.309181e-03
1.600000e+03 1.803510e+00 4.412357e-03
1.600000e+03 1.804524e+00 4.438832e-03
1.600000e+03 1.795047e+00 4.378469e-03
1.600000e+03 1.801394e+00 4.381420e-03
1.800000e+03 1.566994e+00 3.864581e-03
1.800000e+03 1.567307e+00 3.951095e-03
1.800000e+03 1.561162e+00 3.892964e-03
1.800000e+03 1.571601e+00 3.938169e-03
1.800000e+03 1.572027e+00 3.853551e-03
1.800000e+03 1.564211e+00 3.895620e-03
1.800000e+03 1.566366e+00 3.921784e-03
1.800000e+03 1.565454e+00 3.877124e-03
1.800000e+03 1.569737e+00 3.853599e-03
1.800000e+03 1.573898e+00 3.824579e-03
1.800000e+03 1.566271e+00 3.873163e-03
1.800000e+03 1.571923e+00 3.886043e-03
1.800000e+03 1.565304e+00 3.891507e-03
1.800000e+03 1.569595e+00 3.836387e-03
1.800000e+03 1.567035e+00 3.918677e-03
1.800000e+03 1.565276e+00 3.867127e-03
1.800000e+03 1.566031e+00 3.933349e-03
1.800000e+03 1.565191e+00 3.838720e-03
1.800000e+03 1.573307e+00 3.861424e-03
1.800000e+03 1.572114e+00 3.795515e-03
1.800000e+03 1.560063e+00 3.958207e-03
1.800000e+03 1.567707e+00 3.999183e-03
1.800000e+03 1.568475e+00 3.840114e-03
1.800000e+03 1.565087e+00 3.781479e-03
1.800000e+03 1.564558e+00 3.902104e-03
2.000000e+03 1.378244e+00 3.507788e-03
2.000000e+03 1.376618e+00 3.447782e-03
2.000000e+03 1.373968e+00 3.472492e-03
2.000000e+03 1.378150e+00 3.433726e-03
2.000000e+03 1.376341e+00 3.391346e-03
2.000000e+03 1.377904e+00 3.469885e-03
2.000000e+03 1.373690e+00 3.500754e-03
2.000000e+03 1.368624e+00 3.513952e-03
2.000000e+03 1.374981e+00 3.446270e-03
2.000000e+03 1.377234e+00 3.472118e-03
2.000000e+03 1.373245e+00 3.418238e-03
2.000000e+03 1.370629e+00 3.510057e-03
2.000000e+03 1.366828e+00 3.455821e-03
2.000000e+03 1.378283e+00 3.528350e-03
2.000000e+03 1.371801e+00 3.530808e-03
2.000000e+03 1.371162e+00 3.503306e-03
2.000000e+03 1.378597e+00 3.518761e-03
2.000000e+03 1.379127e+00 3.344232e-03
2.000000e+03 1.372944e+00 3.473842e-03
2.000000e+03 1.372065e+00 3.447597e-03
2.000000e+03 1.379251e+00 3.625229e-03
2.000000e+03 1.374958e+00 3.550169e-03
2.000000e+03 1.377571e+00 3.511327e-03
2.000000e+03 1.379287e+00 3.544951e-03
2.000000e+03 1.375593e+00 3.592609e-03
2.200000e+03 1.215654e+00 3.179671e-03
2.200000e+03 1.221058e+00 3.005511e-03
2.200000e+03 1.216087e+00 3.149557e-03
2.200000e+03 1.223043e+00 3.181921e-03
2.200000e+03 1.226795e+00 3.204871e-03
2.200000e+03 1.222454e+00 3.187972e-03
2.200000e+03 1.221879e+00 3.183067e-03
2.200000e+03 1.222437e+00 3.049525e-03
2.200000e+03 1.220467e+00 3.177638e-03
2.200000e+03 1.221300e+00 3.213013e-03
2.200000e+03 1.223731e+00 3.109310e-03
2.200000e+03 1.219958e+00 3.092778e-03
2.200000e+03 1.216746e+00 3.262923e-03
2.200000e+03 1.216794e+00 3.225544e-03
2.200000e+03 1.225032e+00 3.111311e-03
2.200000e+03 1.224278e+00 3.186006e-03
2.200000e+03 1.216768e+00 3.143207e-03
2.200000e+03 1.222065e+00 3.173581e-03
2.200000e+03 1.218330e+00 3.222681e-03
2.200000e+03 1.222648e+00 3.209048e-03
2.200000e+03 1.212740e+00 3.211877e-03
2.200000e+03 1.223861e+00 3.190616e-03
2.200000e+03 1.219469e+00 3.124988e-03
2.200000e+03 1.224440e+00 3.218293e-03
2.200000e+03 1.219927e+00 3.083968e-03
2.400000e+03 1.089845e+00 2.954081e-03
2.400000e+03 1.093123e+00 2.920157e-03
2.400000e+03 1.093394e+00 2.901467e-03
2.400000e+03 1.093371e+00 2.883782e-03
2.400000e+03 1.098075e+00 2.881241e-03
2.400000e+03 1.091363e+00 2.853317e-03
2.400000e+03 1.093309e+00 2.879150e-03
2.400000e+03 1.094710e+00 2.840964e-03
2.400000e+03 1.087223e+00 2.884640e-03
2.400000e+03 1.096015e+00 2.941362e-03
2.400000e+03 1.090720e+00 2.969724e-03
2.400000e+03 1.090558e+00 2.973681e-03
2.400000e+03 1.091792e+00 2.845239e-03
2.400000e+03 1.095995e+00 2.908372e-03
2.400000e+03 1.087240e+00 2.826976e-03
2.400000e+03 1.090018e+00 2.862992e-03
2.400000e+03 1.097447e+00 2.882428e-03
2.400000e+03 1.091656e+00 2.868371e-03
2.400000e+03 1.089984e+00 2.819662e-03
2.400000e+03 1.085952e+00 2.862486e-03
2.400000e+03 1.090508e+00 2.889720e-03
2.400000e+03 1.097144e+00 2.954026e-03
2.400000e+03 1.092267e+00 2.872854e-03
2.400000e+03 1.094322e+00 2.887460e-03
2.400000e+03 1.092100e+00 2.738815e-03
2.600000e+03 9.893659e-01 2.632506e-03
2.600000e+03 9.883922e-01 2.662506e-03
2.600000e+03 9.876872e-01 2.623223e-03
2.600000e+03 9.863131e-01 2.708313e-03
2.600000e+03 9.887063e-01 2.661943e-03
2.600000e+03 9.890736e-01 2.712072e-03
2.600000e+03 9.841877e-01 2.605110e-03
2.600000e+03 9.828715e-01 2.684728e-03
2.600000e+03 9.902282e-01 2.593124e-03
2.600000e+03 9.880789e-01 2.682715e-03
2.600000e+03 9.864611e-01 2.692022e-03
2.600000e+03 9.904906e-01 2.600125e-03
2.600000e+03 9.861450e-01 2.569878e-03
2.600000e+03 9.851499e-01 2.707890e-03
2.600000e+03 9.859726e-01 2.712313e-03
2.600000e+03 9.913596e-01 2.694261e-03
2.600000e+03 9.893616e-01 2.673129e-03
2.600000e+03 9.882778e-01 2.649929e-03
2.600000e+03 9.870487e-01 2.599872e-03
2.600000e+03 9.872763e-01 2.643942e-03
2.600000e+03 9.903397e-01 2.686739e-03
2.600000e+03 9.905129e-01 2.777512e-03
2.600000e+03 9.834494e-01 2.684975e-03
2.600000e+03 9.855206e-01 2.705797e-03
2.600000e+03 9.867833e-01 2.601603e-03
2.800000e+03 8.947739e-01 2.483566e-03
2.800000e+03 8.945309e-01 2.436831e-03
2.800000e+03 8.963310e-01 2.429924e-03
2.800000e+03 9.011568e-01 2.495178e-03
2.800000e+03 9.007691e-01 2.433809e-03
2.800000e+03 8.939949e-01 2.427415e-03
2.800000e+03 8.969151e-01 2.477262e-03
2.800000e+03 8.996940e-01 2.404125e-03
2.800000e+03 8.969638e-01 2.459205e-03
2.800000e+03 8.958830e-01 2.448579e-03
2.800000e+03 9.002908e-01 2.500359e-03
2.800000e+03 8.973280e-01 2.525717e-03
2.800000e+03 8.973595e-01 2.463679e-03
2.800000e+03 9.001238e-01 2.507675e-03
2.800000e+03 8.994044e-01 2.532204e-03
2.800000e+03 8.947411e-01 2.370232e-03
2.800000e+03 8.943215e-01 2.536534e-03
2.800000e+03 8.959330e-01 2.566425e-03
2.800000e+03 8.938342e-01 2.508654e-03
2.800000e+03 9.007013e-01 2.495038e-03
2.800000e+03 8.988218e-01 2.414181e-03
2.800000e+03 8.978816e-01 2.437119e-03
2.800000e+03 9.001217e-01 2.477165e-03
2.800000e+03 8.985418e-01 2.379029e-03
2.800000e+03 8.968111e-01 2.515930e-03
3.000000e+03 8.224207e-01 2.257108e-03
3.000000e+03 8.166349e-01 2.352134e-03
3.000000e+03 8.220838e-01 2.344083e-03
3.000000e+03 8.195005e-01 2.379536e-03
3.000000e+03 8.188796e-01 2.265697e-03
3.000000e+03 8.231931e-01 2.323104e-03
3.000000e+03 8.215624e-01 2.481735e-03
3.000000e+03 8.227820e-01 2.344072e-03
3.000000e+03 8.224988e-01 2.426479e-03
3.000000e+03 8.219027e-01 2.290408e-03
3.000000e+03 8.206553e-01 2.239116e-03
3.000000e+03 8.206644e-01 2.271879e-03
3.000000e+03 8.250161e-01 2.229775e-03
3.000000e+03 8.219693e-01 2.414214e-03
3.000000e+03 8.246775e-01 2.289387e-03
3.000000e+03 8.196671e-01 2.280508e-03
3.000000e+03 8.192379e-01 2.223502e-03
3.000000e+03 8.192865e-01 2.339794e-03
3.000000e+03 8.207380e-01 2.375852e-03
3.000000e+03 8.209906e-01 2.245065e-03
3.000000e+03 8.186876e-01 2.228444e-03
3.000000e+03 8.182220e-01 2.348901e-03
3.000000e+03 8.213457e-01 2.241419e-03
4.000000e+02 2.558129e-05 6.809240e-08
4.000000e+02 2.555304e-05 7.087731e-08
4.000000e+02 2.554560e-05 6.845299e-08
4.000000e+02 2.552887e-05 6.815127e-08
4.000000e+02 2.553828e-05 7.037899e-08
4.000000e+02 2.571592e-05 7.246910e-08
4.000000e+02 2.550407e-05 6.820376e-08
4.000000e+02 2.539089e-05 7.011216e-08
4.000000e+02 2.551520e-05 6.919657e-08
4.000000e+02 2.540571e-05 6.828927e-08
4.000000e+02 2.549427e-05 7.222712e-08
4.000000e+02 2.551163e-05 6.770156e-08
4.000000e+02 2.542116e-05 6.788653e-08
4.000000e+02 2.547747e-05 7.297251e-08
4.000000e+02 2.551832e-05 6.947247e-08
4.000000e+02 2.541755e-05 6.937438e-08
4.000000e+02 2.557244e-05 6.648116e-08
4.000000e+02 2.556435e-05 6.689602e-08
4.000000e+02 2.553656e-05 6.914623e-08
4.000000e+02 2.541767e-05 6.708348e-08
4.000000e+02 2.560400e-05 6.713400e-08
4.000000e+02 2.550608e-05 6.735741e-08
4.000000e+02 2.557892e-05 6.809579e-08
4.000000e+02 2.546531e-05 7.032105e-08
4.000000e+02 2.547537e-05 6.856892e-08
4.200000e+02 1.574271e-04 5.229069e-07
4.200000e+02 1.566790e-04 5.103781e-07
4.200000e+02 1.564520e-04 5.363104e-07
4.200000e+02 1.573154e-04 5.004114e-07
4.200000e+02 1.576243e-04 5.332155e-07
4.200000e+02 1.571182e-04 4.943826e-07
4.200000e+02 1.573041e-04 5.261401e-07
4.200000e+02 1.567074e-04 5.255877e-07
4.200000e+02 1.557871e-04 5.455763e-07
4.200000e+02 1.573016e-04 5.049093e-07
4.200000e+02 1.570095e-04 5.037249e-07
4.200000e+02 1.576072e-04 5.831618e-07
4.200000e+02 1.582742e-04 5.615460e-07
4.200000e+02 1.570889e-04 5.787932e-07
4.200000e+02 1.571072e-04 5.172799e-07
4.200000e+02 1.586389e-04 5.906549e-07
4.200000e+02 1.562414e-04 4.994742e-07
4.200000e+02 1.568614e-04 5.961626e-07
4.200000e+02 1.584006e-04 6.100638e-07
4.200000e+02 1.572985e-04 5.131870e-07
4.200000e+02 1.576583e-04 5.230966e-07
4.200000e+02 1.570556e-04 5.634937e-07
4.200000e+02 1.565899e-04 5.205327e-07
4.200000e+02 1.581645e-04 5.599595e-07
4.200000e+02 1.562205e-04 5.178152e-07
4.400000e+02 8.947584e-04 3.238498e-06
4.400000e+02 8.894490e-04 3.148792e-06
4.400000e+02 8.919042e-04 3.185617e-06
4.400000e+02 8.901545e-04 3.199516e-06
4.400000e+02 8.865797e-04 3.220863e-06
4.400000e+02 8.943548e-04 3.197395e-06
4.400000e+02 8.875497e-04 3.121283e-06
4.400000e+02 8.919339e-04 3.103355e-06
4.400000e+02 8.884387e-04 3.112948e-06
4.400000e+02 8.928454e-04 3.136997e-06
4.400000e+02 8.916874e-04 3.099112e-06
4.400000e+02 8.946734e-04 3.116291e-06
4.400000e+02 8.878479e-04 3.168814e-06
4.400000e+02 8.913524e-04 3.161196e-06
4.400000e+02 8.893391e-04 3.104010e-06
4.400000e+02 8.881734e-04 3.154919e-06
4.400000e+02 8.914689e-04 3.174657e-06
4.400000e+02 8.871871e-04 3.159032e-06
4.400000e+02 8.837414e-04 3.185603e-06
4.400000e+02 8.874749e-04 3.156889e-06
4.400000e+02 8.929333e-04 3.103365e-06
4.400000e+02 8.939913e-04 3.121181e-06
4.400000e+02 8.862678e-04 3.230385e-06
4.400000e+02 8.942857e-04 3.230575e-06
4.400000e+02 8.872037e-04 3.067840e-06
4.600000e+02 4.028934e-03 1.546522e-05
4.600000e+02 4.047213e-03 1.508558e-05
4.600000e+02 4.008742e-03 1.569501e-05
4.600000e+02 4.031758e-03 1.523110e-05
4.600000e+02 4.022585e-03 1.516874e-05
4.600000e+02 4.010962e-03 1.535233e-05
4.600000e+02 4.052548e-03 1.530853e-05
4.600000e+02 4.042283e-03 1.582116e-05
4.600000e+02 4.051714e-03 1.548299e-05
4.600000e+02 4.027545e-03 1.602271e-05
4.600000e+02 4.036537e-03 1.541372e-05
4.600000e+02 4.020624e-03 1.537944e-05
4.600000e+02 4.032413e-03 1.547137e-05
4.600000e+02 4.050505e-03 1.520050e-05
4.600000e+02 4.060828e-03 1.519142e-05
4.600000e+02 4.008024e-03 1.521923e-05
4.600000e+02 4.038903e-03 1.601280e-05
4.600000e+02 4.041367e-03 1.538219e-05
4.600000e+02 4.048342e-03 1.559182e-05
4.600000e+02 4.017739e-03 1.466407e-05
4.600000e+02 4.027903e-03 1.547970e-05
4.600000e+02 4.037893e-03 1.541633e-05
4.600000e+02 4.040152e-03 1.525293e-05
4.600000e+02 4.005415e-03 1.531355e-05
4.600000e+02 4.051457e-03 1.583810e-05
4.800000e+02 9.572626e-02 2.621257e-04
4.800000e+02 9.544309e-02 2.613198e-04
4.800000e+02 9.564885e-02 2.546860e-04
4.800000e+02 9.570241e-02 2.542549e-04
4.800000e+02 9.579135e-02 2.613666e-04
4.800000e+02 9.536624e-02 2.640232e-04
4.800000e+02 9.587898e-02 2.639794e-04
4.800000e+02 9.609857e-02 2.633146e-04
4.800000e+02 9.634200e-02 2.624906e-04
4.800000e+02 9.578753e-02 2.574287e-04
4.800000e+02 9.629521e-02 2.657364e-04
4.800000e+02 9.606401e-02 2.604804e-04
4.800000e+02 9.587956e-02 2.546581e-04
4.800000e+02 9.594062e-02 2.659980e-04
4.800000e+02 9.579147e-02 2.692600e-04
4.800000e+02 9.628409e-02 2.656682e-04
4.800000e+02 9.631529e-02 2.632055e-04
4.800000e+02 9.596006e-02 2.656109e-04
4.800000e+02 9.585820e-02 2.608664e-04
4.800000e+02 9.594445e-02 2.601160e-04
4.800000e+02 9.591948e-02 2.761377e-04
4.800000e+02 9.610758e-02 2.625542e-04
4.800000e+02 9.594779e-02 2.715967e-04
4.800000e+02 9.603151e-02 2.617522e-04
4.800000e+02 9.626280e-02 2.641385e-04
5.000000e+02 4.808485e-01 1.229037e-03
5.000000e+02 4.828629e-01 1.213748e-03
5.000000e+02 4.820494e-01 1.200551e-03
5.000000e+02 4.833614e-01 1.222392e-03
5.000000e+02 4.811638e-01 1.218980e-03
5.000000e+02 4.819390e-01 1.218030e-03
5.000000e+02 4.831296e-01 1.210302e-03
5.000000e+02 4.828454e-01 1.221183e-03
5.000000e+02 4.840883e-01 1.195420e-03
5.000000e+02 4.824856e-01 1.201704e-03
5.000000e+02 4.826513e-01 1.187527e-03
5.000000e+02 4.827151e-01 1.207063e-03
5.000000e+02 4.834858e-01 1.197416e-03
5.000000e+02 4.826836e-01 1.230886e-03
5.000000e+02 4.825524e-01 1.219636e-03
5.000000e+02 4.837679e-01 1.202771e-03
5.000000e+02 4.813969e-01 1.211536e-03
5.000000e+02 4.819334e-01 1.218295e-03
5.000000e+02 4.837202e-01 1.234733e-03
5.000000e+02 4.805416e-01 1.198364e-03
5.000000e+02 4.847674e-01 1.239243e-03
5.000000e+02 4.824619e-01 1.226499e-03
5.000000e+02 4.831564e-01 1.214294e-03
5.000000e+02 4.850031e-01 1.201017e-03
5.000000e+02 4.835593e-01 1.231050e-03
5.200000e+02 9.428215e-01 2.329582e-03
5.200000e+02 9.465831e-01 2.384523e-03
5.200000e+02 9.441947e-01 2.337118e-03
5.200000e+02 9.456387e-01 2.390941e-03
5.200000e+02 9.438318e-01 2.318293e-03
5.200000e+02 9.425547e-01 2.341240e-03
5.200000e+02 9.442377e-01 2.344070e-03
5.200000e+02 9.443521e-01 2.334445e-03
5.200000e+02 9.461000e-01 2.343629e-03
5.200000e+02 9.467414e-01 2.333842e-03
5.200000e+02 9.462229e-01 2.395966e-03
5.200000e+02 9.462097e-01 2.373260e-03
5.200000e+02 9.452707e-01 2.362311e-03
5.200000e+02 9.461568e-01 2.487470e-03
5.200000e+02 9.439460e-01 2.377008e-03
5.200000e+02 9.408386e-01 2.357078e-03
5.200000e+02 9.446429e-01 2.330039e-03
5.200000e+02 9.427643e-01 2.344350e-03
5.200000e+02 9.441471e-01 2.333677e-03
5.200000e+02 9.429270e-01 2.352398e-03
5.200000e+02 9.458128e-01 2.359419e-03
5.200000e+02 9.441030e-01 2.339535e-03
5.200000e+02 9.440102e-01 2.353250e-03
5.400000e+02 1.393208e+00 3.444132e-03
5.400000e+02 1.393604e+00 3.407611e-03
5.400000e+02 1.388487e+00 3.418313e-03
5.400000e+02 1.387363e+00 3.382764e-03
5.400000e+02 1.392118e+00 3.415434e-03
5.400000e+02 1.383437e+00 3.459521e-03
5.400000e+02 1.389339e+00 3.435402e-03
5.400000e+02 1.391080e+00 3.377188e-03
5.400000e+02 1.386531e+00 3.414378e-03
5.400000e+02 1.386435e+00 3.451467e-03
5.400000e+02 1.392520e+00 3.467119e-03
5.400000e+02 1.394839e+00 3.422736e-03
5.400000e+02 1.390454e+00 3.464086e-03
5.400000e+02 1.388941e+00 3.449553e-03
5.400000e+02 1.393249e+00 3.427043e-03
5.400000e+02 1.392883e+00 3.463595e-03
5.400000e+02 1.390761e+00 3.417856e-03
5.400000e+02 1.390202e+00 3.397961e-03
5.400000e+02 1.388898e+00 3.397056e-03
5.400000e+02 1.395095e+00 3.415007e-03
5.400000e+02 1.390702e+00 3.450346e-03
5.400000e+02 1.392808e+00 3.410108e-03
5.400000e+02 1.384655e+00 3.427966e-03
5.400000e+02 1.390713e+00 3.370966e-03
5.400000e+02 1.392509e+00 3.425641e-03
5.600000e+02 1.782174e+00 4.322361e-03
5.600000e+02 1.784965e+00 4.358851e-03
5.600000e+02 1.787853e+00 4.336478e-03
5.600000e+02 1.785163e+00 4.420762e-03
5.600000e+02 1.782368e+00 4.417128e-03
5.600000e+02 1.792207e+00 4.386128e-03
5.600000e+02 1.793170e+00 4.381409e-03
5.600000e+02 1.788986e+00 4.366545e-03
5.600000e+02 1.793173e+00 4.426704e-03
5.600000e+02 1.792813e+00 4.364923e-03
5.600000e+02 1.789121e+00 4.348534e-03
5.600000e+02 1.787179e+00 4.407828e-03
5.600000e+02 1.789070e+00 4.461005e-03
5.600000e+02 1.791341e+00 4.436661e-03
5.600000e+02 1.781154e+00 4.458967e-03
5.600000e+02 1.784225e+00 4.390940e-03
5.600000e+02 1.788338e+00 4.385346e-03
5.600000e+02 1.785456e+00 4.356309e-03
5.600000e+02 1.786347e+00 4.341754e-03
5.600000e+02 1.792148e+00 4.458101e-03
5.800000e+02 2.133140e+00 5.207637e-03
5.800000e+02 2.138986e+00 5.123048e-03
5.800000e+02 2.119786e+00 5.160533e-03
5.800000e+02 2.125552e+00 5.232430e-03
5.800000e+02 2.129622e+00 5.135787e-03
5.800000e+02 2.120109e+00 5.210124e-03
5.800000e+02 2.132670e+00 5.164244e-03
5.800000e+02 2.122066e+00 5.166478e-03
5.800000e+02 2.126605e+00 5.208663e-03
5.800000e+02 2.130205e+00 5.200960e-03
5.800000e+02 2.126552e+00 5.198373e-03
5.800000e+02 2.132622e+00 5.184832e-03
5.800000e+02 2.129663e+00 5.091591e-03
5.800000e+02 2.132723e+00 5.155838e-03
5.800000e+02 2.126123e+00 5.210954e-03
5.800000e+02 2.121916e+00 5.178627e-03
5.800000e+02 2.124756e+00 5.172957e-03
6.000000e+02 2.422800e+00 5.811889e-03
6.000000e+02 2.407801e+00 5.855836e-03
6.000000e+02 2.411429e+00 5.834899e-03
6.000000e+02 2.414723e+00 5.769202e-03
6.000000e+02 2.414195e+00 5.759112e-03
6.000000e+02 2.419956e+00 5.859916e-03
6.000000e+02 2.411099e+00 5.868900e-03
6.000000e+02 2.404465e+00 5.897625e-03
6.000000e+02 2.412856e+00 5.822451e-03
6.000000e+02 2.402011e+00 5.822524e-03
6.000000e+02 2.423592e+00 5.817774e-03
6.000000e+02 2.410827e+00 5.789866e-03
6.000000e+02 2.417056e+00 5.856905e-03
6.000000e+02 2.404009e+00 5.877623e-03
6.000000e+02 2.415666e+00 5.923728e-03
6.000000e+02 2.406637e+00 5.858901e-03
6.000000e+02 2.417787e+00 5.883163e-03
6.000000e+02 2.410344e+00 5.839350e-03
6.000000e+02 2.411137e+00 5.973838e-03
6.000000e+02 2.406429e+00 5.873053e-03
6.000000e+02 2.410764e+00 5.855383e-03
6.000000e+02 2.421515e+00 5.889879e-03
6.000000e+02 2.415315e+00 5.861543e-03
6.000000e+02 2.412317e+00 5.925851e-03
6.000000e+02 2.407375e+00 5.865832e-03
6.500000e+02 2.903818e+00 6.986267e-03
6.500000e+02 2.916241e+00 6.985725e-03
6.500000e+02 2.907036e+00 6.979784e-03
6.500000e+02 2.909714e+00 6.979561e-03
6.500000e+02 2.911386e+00 7.026957e-03
6.500000e+02 2.909915e+00 6.991960e-03
6.500000e+02 2.886163e+00 7.009813e-03
6.500000e+02 2.905858e+00 7.041126e-03
6.500000e+02 2.895179e+00 6.984426e-03
6.500000e+02 2.891032e+00 7.074717e-03
6.500000e+02 2.908643e+00 7.075179e-03
6.500000e+02 2.895339e+00 7.026867e-03
6.500000e+02 2.910672e+00 7.026266e-03
6.500000e+02 2.898920e+00 6.998801e-03
6.500000e+02 2.891322e+00 6.979968e-03
6.500000e+02 2.903527e+00 6.961179e-03
6.500000e+02 2.900204e+00 7.094380e-03
6.500000e+02 2.916739e+00 7.078577e-03
6.500000e+02 2.904234e+00 6.997036e-03
6.500000e+02 2.888534e+00 7.041651e-03
6.500000e+02 2.921862e+00 7.110479e-03
6.500000e+02 2.903290e+00 6.973974e-03
6.500000e+02 2.904568e+00 6.992001e-03
6.500000e+02 2.905179e+00 7.008960e-03
6.500000e+02 2.910501e+00 7.117906e-03
7.000000e+02 3.166824e+00 7.431485e-03
7.000000e+02 3.157615e+00 7.629177e-03
7.000000e+02 3.155132e+00 7.547546e-03
7.000000e+02 3.168944e+00 7.602936e-03
7.000000e+02 3.177371e+00 7.640845e-03
7.000000e+02 3.162932e+00 7.598994e-03
7.000000e+02 3.176385e+00 7.681646e-03
7.000000e+02 3.156438e+00 7.623886e-03
7.000000e+02 3.172910e+00 7.673040e-03
7.000000e+02 3.166400e+00 7.613521e-03
7.000000e+02 3.172114e+00 7.637068e-03
7.000000e+02 3.167721e+00 7.620032e-03
7.000000e+02 3.165616e+00 7.676815e-03
7.000000e+02 3.151898e+00 7.630321e-03
7.000000e+02 3.161406e+00 7.495013e-03
7.000000e+02 3.175947e+00 7.590368e-03
7.000000e+02 3.165704e+00 7.538796e-03
7.000000e+02 3.164947e+00 7.548428e-03
7.000000e+02 3.166358e+00 7.531374e-03
7.000000e+02 3.168761e+00 7.541419e-03
7.000000e+02 3.165352e+00 7.687217e-03
7.000000e+02 3.154431e+00 7.582115e-03
7.000000e+02 3.154235e+00 7.480879e-03
7.000000e+02 3.164597e+00 7.605263e-03
7.000000e+02 3.168663e+00 7.580961e-03
7.500000e+02 3.259451e+00 7.891842e-03
7.500000e+02 3.265783e+00 7.938812e-03
7.500000e+02 3.275059e+00 7.790450e-03
7.500000e+02 3.271823e+00 7.874477e-03
7.500000e+02 3.266865e+00 7.921566e-03
7.500000e+02 3.267364e+00 7.841223e-03
7.500000e+02 3.257428e+00 7.815640e-03
7.500000e+02 3.276233e+00 7.817947e-03
7.500000e+02 3.265192e+00 7.817359e-03
7.500000e+02 3.281659e+00 7.838200e-03
7.500000e+02 3.282722e+00 7.829549e-03
7.500000e+02 3.279423e+00 7.850662e-03
7.500000e+02 3.273081e+00 7.891310e-03
7.500000e+02 3.276300e+00 7.948414e-03
7.500000e+02 3.269766e+00 7.796634e-03
7.500000e+02 3.279628e+00 7.833037e-03
7.500000e+02 3.293962e+00 7.841227e-03
7.500000e+02 3.274791e+00 7.918164e-03
7.500000e+02 3.270815e+00 7.895355e-03
7.500000e+02 3.276774e+00 7.792876e-03
7.500000e+02 3.257262e+00 7.886394e-03
7.500000e+02 3.266333e+00 7.786380e-03
7.500000e+02 3.266953e+00 7.861421e-03
7.500000e+02 3.262464e+00 7.869854e-03
7.500000e+02 3.269536e+00 7.900460e-03
8.000000e+02 3.292784e+00 7.769097e-03
8.000000e+02 3.279363e+00 7.809286e-03
8.000000e+02 3.284148e+00 7.901746e-03
8.000000e+02 3.286221e+00 7.738114e-03
8.000000e+02 3.285120e+00 7.866109e-03
8.000000e+02 3.286750e+00 7.772018e-03
8.000000e+02 3.282286e+00 7.810568e-03
8.000000e+02 3.282197e+00 7.815366e-03
8.000000e+02 3.293967e+00 7.875052e-03
8.000000e+02 3.302758e+00 7.948987e-03
8.000000e+02 3.279637e+00 7.820582e-03
8.000000e+02 3.297016e+00 7.723457e-03
8.000000e+02 3.283527e+00 8.031211e-03
8.000000e+02 3.279274e+00 7.893333e-03
8.000000e+02 3.273467e+00 7.808118e-03
8.000000e+02 3.282532e+00 7.742245e-03
8.000000e+02 3.265205e+00 7.853834e-03
8.000000e+02 3.286758e+00 7.629000e-03
8.000000e+02 3.275972e+00 7.830115e-03
8.000000e+02 3.284967e+00 7.770205e-03
8.000000e+02 3.295329e+00 7.718023e-03
8.000000e+02 3.294719e+00 7.740697e-03
8.000000e+02 3.288606e+00 7.840317e-03
8.000000e+02 3.294633e+00 7.819073e-03
8.000000e+02 3.281245e+00 7.805792e-03
8.500000e+02 3.236152e+00 7.703176e-03
8.500000e+02 3.242178e+00 7.627996e-03
8.500000e+02 3.234308e+00 7.769214e-03
8.500000e+02 3.237046e+00 7.808230e-03
8.500000e+02 3.239243e+00 7.604516e-03
8.500000e+02 3.242831e+00 7.727810e-03
8.500000e+02 3.242636e+00 7.513826e-03
8.500000e+02 3.227369e+00 7.613638e-03
8.500000e+02 3.249066e+00 7.771564e-03
8.500000e+02 3.225749e+00 7.772647e-03
8.500000e+02 3.233955e+00 7.800679e-03
8.500000e+02 3.237077e+00 7.651380e-03
8.500000e+02 3.242707e+00 7.712881e-03
8.500000e+02 3.232877e+00 7.712950e-03
8.500000e+02 3.233646e+00 7.769352e-03
8.500000e+02 3.258441e+00 7.640896e-03
8.500000e+02 3.224891e+00 7.735155e-03
8.500000e+02 3.245432e+00 7.638328e-03
8.500000e+02 3.237899e+00 7.605386e-03
8.500000e+02 3.249785e+00 7.667383e-03
8.500000e+02 3.248166e+00 7.597652e-03
8.500000e+02 3.244779e+00 7.624846e-03
8.500000e+02 3.248448e+00 7.504201e-03
8.500000e+02 3.234422e+00 7.670291e-03
8.500000e+02 3.231949e+00 7.758130e-03
