1.044278e+03 5.061012e+01 1.510356e-03
1.044278e+03 5.061207e+01 1.501579e-03
1.044278e+03 5.061379e+01 1.501132e-03
1.044278e+03 5.061352e+01 1.504392e-03
1.044278e+03 5.061223e+01 1.502379e-03
1.120391e+03 4.514029e+01 1.355314e-03
1.120391e+03 4.514171e+01 1.359078e-03
1.120391e+03 4.514035e+01 1.367933e-03
1.120391e+03 4.514017e+01 1.358780e-03
1.120391e+03 4.514119e+01 1.369401e-03
1.202053e+03 4.024674e+01 1.218193e-03
1.202053e+03 4.024738e+01 1.218438e-03
1.202053e+03 4.024598e+01 1.205163e-03
1.202053e+03 4.024789e+01 1.233476e-03
1.202053e+03 4.024699e+01 1.211781e-03
1.289666e+03 3.586742e+01 1.090175e-03
1.289666e+03 3.586761e+01 1.088419e-03
1.289666e+03 3.586751e+01 1.079467e-03
1.289666e+03 3.586754e+01 1.090928e-03
1.289666e+03 3.586641e+01 1.081885e-03
1.383665e+03 3.195116e+01 9.799264e-04
1.383665e+03 3.195205e+01 9.786712e-04
1.383665e+03 3.195221e+01 9.737169e-04
1.383665e+03 3.195238e+01 9.745189e-04
1.383665e+03 3.195222e+01 9.685590e-04
1.484515e+03 2.845396e+01 8.658936e-04
1.484515e+03 2.845193e+01 8.709401e-04
1.484515e+03 2.845265e+01 8.758003e-04
1.484515e+03 2.845287e+01 8.669959e-04
1.484515e+03 2.845288e+01 8.742881e-04
1.592715e+03 2.532603e+01 7.754253e-04
1.592715e+03 2.532655e+01 7.760191e-04
1.592715e+03 2.532574e+01 7.836591e-04
1.592715e+03 2.532598e+01 7.864140e-04
1.592715e+03 2.532617e+01 7.778910e-04
1.708802e+03 2.253309e+01 6.981260e-04
1.708802e+03 2.253420e+01 6.905024e-04
1.708802e+03 2.253324e+01 6.976422e-04
1.708802e+03 2.253389e+01 6.926236e-04
1.708802e+03 2.253437e+01 6.982025e-04
1.833351e+03 2.004078e+01 6.214780e-04
1.833351e+03 2.004150e+01 6.176387e-04
1.833351e+03 2.004164e+01 6.210043e-04
1.833351e+03 2.004103e+01 6.219743e-04
1.833351e+03 2.004121e+01 6.151404e-04
1.966977e+03 1.781758e+01 5.491759e-04
1.966977e+03 1.781699e+01 5.506023e-04
1.966977e+03 1.781671e+01 5.488344e-04
1.966977e+03 1.781702e+01 5.475677e-04
1.966977e+03 1.781744e+01 5.512981e-04
2.110342e+03 1.583401e+01 4.906290e-04
2.110342e+03 1.583388e+01 4.931066e-04
2.110342e+03 1.583431e+01 4.907808e-04
2.110342e+03 1.583462e+01 4.919231e-04
2.110342e+03 1.583477e+01 4.886155e-04
2.264157e+03 1.406699e+01 4.358127e-04
2.264157e+03 1.406666e+01 4.402855e-04
2.264157e+03 1.406616e+01 4.371309e-04
2.264157e+03 1.406600e+01 4.357666e-04
2.264157e+03 1.406582e+01 4.375558e-04
2.429183e+03 1.249123e+01 3.893015e-04
2.429183e+03 1.249188e+01 3.911677e-04
2.429183e+03 1.249134e+01 3.855062e-04
2.429183e+03 1.249107e+01 3.882745e-04
2.429183e+03 1.249134e+01 3.920352e-04
2.606237e+03 1.108786e+01 3.462308e-04
2.606237e+03 1.108771e+01 3.466580e-04
2.606237e+03 1.108825e+01 3.460190e-04
2.606237e+03 1.108826e+01 3.442669e-04
2.606237e+03 1.108831e+01 3.465787e-04
2.796196e+03 9.838801e+00 3.048164e-04
2.796196e+03 9.838974e+00 3.052530e-04
2.796196e+03 9.839573e+00 3.066550e-04
2.796196e+03 9.838780e+00 3.076013e-04
2.796196e+03 9.838310e+00 3.079630e-04
3.000000e+03 8.727402e+00 2.714971e-04
3.000000e+03 8.727649e+00 2.753693e-04
3.000000e+03 8.727988e+00 2.717195e-04
3.000000e+03 8.727548e+00 2.728025e-04
3.000000e+03 8.727889e+00 2.700153e-04
3.442000e+02 3.829272e+02 4.158525e-04
3.442000e+02 3.829275e+02 4.164892e-04
3.442000e+02 3.829271e+02 4.141981e-04
3.442000e+02 3.829270e+02 4.131567e-04
3.442000e+02 3.829270e+02 4.129344e-04
3.444000e+02 3.783867e+02 5.813217e-04
3.444000e+02 3.783867e+02 5.836891e-04
3.444000e+02 3.783878e+02 5.806866e-04
3.444000e+02 3.783873e+02 5.810564e-04
3.444000e+02 3.783863e+02 5.806207e-04
3.446000e+02 3.749055e+02 7.107023e-04
3.446000e+02 3.749061e+02 7.092551e-04
3.446000e+02 3.749055e+02 7.054644e-04
3.446000e+02 3.749048e+02 7.074553e-04
3.446000e+02 3.749067e+02 7.014925e-04
3.448000e+02 3.719744e+02 8.063232e-04
3.448000e+02 3.719732e+02 8.110445e-04
3.448000e+02 3.719727e+02 8.077381e-04
3.448000e+02 3.719746e+02 8.131373e-04
3.448000e+02 3.719727e+02 8.101958e-04
3.450000e+02 3.693947e+02 8.983340e-04
3.450000e+02 3.693947e+02 9.027915e-04
3.450000e+02 3.693952e+02 9.000995e-04
3.450000e+02 3.693945e+02 8.967940e-04
3.450000e+02 3.693933e+02 9.024449e-04
3.452000e+02 3.670668e+02 9.849726e-04
3.452000e+02 3.670654e+02 9.825368e-04
3.452000e+02 3.670669e+02 9.822170e-04
3.452000e+02 3.670675e+02 9.817340e-04
3.452000e+02 3.670671e+02 9.837544e-04
3.454000e+02 3.649299e+02 1.060926e-03
3.454000e+02 3.649307e+02 1.059042e-03
3.454000e+02 3.649322e+02 1.057735e-03
3.454000e+02 3.649314e+02 1.058315e-03
3.454000e+02 3.649326e+02 1.057611e-03
3.456000e+02 3.629456e+02 1.119145e-03
3.456000e+02 3.629465e+02 1.119421e-03
3.456000e+02 3.629461e+02 1.121579e-03
3.456000e+02 3.629453e+02 1.124326e-03
3.456000e+02 3.629462e+02 1.119408e-03
3.458000e+02 3.610889e+02 1.187565e-03
3.458000e+02 3.610894e+02 1.182073e-03
3.458000e+02 3.610882e+02 1.180710e-03
3.458000e+02 3.610867e+02 1.182020e-03
3.458000e+02 3.610874e+02 1.190070e-03
3.460000e+02 3.593327e+02 1.240823e-03
3.460000e+02 3.593334e+02 1.234281e-03
3.460000e+02 3.593314e+02 1.241499e-03
3.460000e+02 3.593324e+02 1.242747e-03
3.460000e+02 3.593334e+02 1.248635e-03
3.462000e+02 3.576689e+02 1.298749e-03
3.462000e+02 3.576658e+02 1.306672e-03
3.462000e+02 3.576680e+02 1.304695e-03
3.462000e+02 3.576696e+02 1.297512e-03
3.462000e+02 3.576673e+02 1.300124e-03
3.464000e+02 3.560810e+02 1.353198e-03
3.464000e+02 3.560830e+02 1.355816e-03
3.464000e+02 3.560816e+02 1.351582e-03
3.464000e+02 3.560829e+02 1.357348e-03
3.464000e+02 3.560817e+02 1.354815e-03
3.466000e+02 3.545635e+02 1.403094e-03
3.466000e+02 3.545611e+02 1.402162e-03
3.466000e+02 3.545632e+02 1.397480e-03
3.466000e+02 3.545627e+02 1.405364e-03
3.466000e+02 3.545624e+02 1.399001e-03
3.468000e+02 3.531058e+02 1.462658e-03
3.468000e+02 3.531040e+02 1.442296e-03
3.468000e+02 3.531057e+02 1.451974e-03
3.468000e+02 3.531066e+02 1.449335e-03
3.468000e+02 3.531076e+02 1.442205e-03
3.470000e+02 3.517020e+02 1.503709e-03
3.470000e+02 3.517009e+02 1.492397e-03
3.470000e+02 3.517043e+02 1.497069e-03
3.470000e+02 3.517012e+02 1.508774e-03
3.470000e+02 3.517029e+02 1.495972e-03
3.472000e+02 3.503468e+02 1.535200e-03
3.472000e+02 3.503441e+02 1.543335e-03
3.472000e+02 3.503493e+02 1.538858e-03
3.472000e+02 3.503478e+02 1.545734e-03
3.472000e+02 3.503508e+02 1.541945e-03
3.474000e+02 3.490377e+02 1.586317e-03
3.474000e+02 3.490417e+02 1.579732e-03
3.474000e+02 3.490375e+02 1.596431e-03
3.474000e+02 3.490392e+02 1.576917e-03
3.474000e+02 3.490436e+02 1.586528e-03
3.476000e+02 3.477726e+02 1.618442e-03
3.476000e+02 3.477684e+02 1.619095e-03
3.476000e+02 3.477711e+02 1.609433e-03
3.476000e+02 3.477719e+02 1.629760e-03
3.476000e+02 3.477680e+02 1.624897e-03
3.478000e+02 3.465427e+02 1.656977e-03
3.478000e+02 3.465384e+02 1.665977e-03
3.478000e+02 3.465399e+02 1.656947e-03
3.478000e+02 3.465406e+02 1.661077e-03
3.478000e+02 3.465438e+02 1.659856e-03
3.480000e+02 3.453447e+02 1.698414e-03
3.480000e+02 3.453456e+02 1.702308e-03
3.480000e+02 3.453468e+02 1.706766e-03
3.480000e+02 3.453461e+02 1.705087e-03
3.480000e+02 3.453451e+02 1.706621e-03
3.482000e+02 3.441824e+02 1.741354e-03
3.482000e+02 3.441838e+02 1.742040e-03
3.482000e+02 3.441839e+02 1.740501e-03
3.482000e+02 3.441832e+02 1.729423e-03
3.482000e+02 3.441825e+02 1.733737e-03
3.484000e+02 3.430510e+02 1.766421e-03
3.484000e+02 3.430496e+02 1.781679e-03
3.484000e+02 3.430510e+02 1.774699e-03
3.484000e+02 3.430486e+02 1.770741e-03
3.484000e+02 3.430466e+02 1.775129e-03
3.486000e+02 3.419427e+02 1.806090e-03
3.486000e+02 3.419458e+02 1.808101e-03
3.486000e+02 3.419447e+02 1.816118e-03
3.486000e+02 3.419436e+02 1.806882e-03
3.486000e+02 3.419449e+02 1.794530e-03
3.488000e+02 3.408659e+02 1.841532e-03
3.488000e+02 3.408642e+02 1.832049e-03
3.488000e+02 3.408684e+02 1.835872e-03
3.488000e+02 3.408679e+02 1.847378e-03
3.488000e+02 3.408686e+02 1.836284e-03
3.490000e+02 3.398115e+02 1.867472e-03
3.490000e+02 3.398149e+02 1.881917e-03
3.490000e+02 3.398144e+02 1.879351e-03
3.490000e+02 3.398134e+02 1.877349e-03
3.490000e+02 3.398152e+02 1.867160e-03
3.492000e+02 3.387812e+02 1.904732e-03
3.492000e+02 3.387833e+02 1.906700e-03
3.492000e+02 3.387859e+02 1.919117e-03
3.492000e+02 3.387847e+02 1.889320e-03
3.492000e+02 3.387823e+02 1.910239e-03
3.494000e+02 3.377745e+02 1.927008e-03
3.494000e+02 3.377777e+02 1.948210e-03
3.494000e+02 3.377749e+02 1.943516e-03
3.494000e+02 3.377720e+02 1.941598e-03
3.494000e+02 3.377740e+02 1.926146e-03
3.496000e+02 3.367915e+02 1.973405e-03
3.496000e+02 3.367883e+02 1.961661e-03
3.496000e+02 3.367884e+02 1.962948e-03
3.496000e+02 3.367885e+02 1.962983e-03
3.496000e+02 3.367844e+02 1.985157e-03
3.498000e+02 3.358195e+02 1.989439e-03
3.498000e+02 3.358227e+02 2.010566e-03
3.498000e+02 3.358197e+02 1.991789e-03
3.498000e+02 3.358172e+02 1.994215e-03
3.498000e+02 3.358222e+02 1.994148e-03
3.500000e+02 3.348724e+02 2.035132e-03
3.500000e+02 3.348720e+02 2.023622e-03
3.500000e+02 3.348728e+02 2.033367e-03
3.500000e+02 3.348736e+02 2.024533e-03
3.500000e+02 3.348686e+02 2.019454e-03
3.510000e+02 3.303817e+02 2.152992e-03
3.510000e+02 3.303842e+02 2.178525e-03
3.510000e+02 3.303837e+02 2.168331e-03
3.510000e+02 3.303829e+02 2.153465e-03
3.510000e+02 3.303829e+02 2.155355e-03
3.520000e+02 3.262522e+02 2.272611e-03
3.520000e+02 3.262516e+02 2.272534e-03
3.520000e+02 3.262543e+02 2.279278e-03
3.520000e+02 3.262531e+02 2.285035e-03
3.520000e+02 3.262542e+02 2.262240e-03
3.530000e+02 3.224186e+02 2.385913e-03
3.530000e+02 3.224166e+02 2.389952e-03
3.530000e+02 3.224127e+02 2.386878e-03
3.530000e+02 3.224185e+02 2.387990e-03
3.530000e+02 3.224173e+02 2.394059e-03
3.540000e+02 3.188268e+02 2.483236e-03
3.540000e+02 3.188298e+02 2.497546e-03
3.540000e+02 3.188245e+02 2.518635e-03
3.540000e+02 3.188289e+02 2.499195e-03
3.540000e+02 3.188309e+02 2.493749e-03
3.550000e+02 3.154549e+02 2.581418e-03
3.550000e+02 3.154502e+02 2.577837e-03
3.550000e+02 3.154545e+02 2.595514e-03
3.550000e+02 3.154559e+02 2.574497e-03
3.550000e+02 3.154594e+02 2.595391e-03
3.560000e+02 3.122649e+02 2.674945e-03
3.560000e+02 3.122662e+02 2.669156e-03
3.560000e+02 3.122609e+02 2.666285e-03
3.560000e+02 3.122690e+02 2.683598e-03
3.560000e+02 3.122669e+02 2.661412e-03
3.570000e+02 3.092280e+02 2.756070e-03
3.570000e+02 3.092369e+02 2.746101e-03
3.570000e+02 3.092346e+02 2.768883e-03
3.570000e+02 3.092394e+02 2.753429e-03
3.570000e+02 3.092303e+02 2.763145e-03
3.580000e+02 3.063503e+02 2.832983e-03
3.580000e+02 3.063511e+02 2.838973e-03
3.580000e+02 3.063477e+02 2.825917e-03
3.580000e+02 3.063468e+02 2.837531e-03
3.580000e+02 3.063513e+02 2.825270e-03
3.590000e+02 3.035958e+02 2.897789e-03
3.590000e+02 3.035985e+02 2.908074e-03
3.590000e+02 3.035944e+02 2.889319e-03
3.590000e+02 3.035897e+02 2.910010e-03
3.590000e+02 3.035943e+02 2.894516e-03
3.600000e+02 3.009503e+02 2.959295e-03
3.600000e+02 3.009500e+02 2.971600e-03
3.600000e+02 3.009520e+02 2.977527e-03
3.600000e+02 3.009496e+02 2.986689e-03
3.600000e+02 3.009535e+02 2.980295e-03
3.650000e+02 2.891490e+02 3.244851e-03
3.650000e+02 2.891412e+02 3.240169e-03
3.650000e+02 2.891442e+02 3.267125e-03
3.650000e+02 2.891464e+02 3.253118e-03
3.650000e+02 2.891519e+02 3.255632e-03
3.700000e+02 2.790966e+02 3.480499e-03
3.700000e+02 2.790969e+02 3.491497e-03
3.700000e+02 2.791004e+02 3.505506e-03
3.700000e+02 2.791001e+02 3.453150e-03
3.700000e+02 2.791005e+02 3.470578e-03
3.750000e+02 2.702946e+02 3.663673e-03
3.750000e+02 2.702979e+02 3.654361e-03
3.750000e+02 2.702927e+02 3.678271e-03
3.750000e+02 2.702948e+02 3.663927e-03
3.750000e+02 2.702979e+02 3.657580e-03
3.800000e+02 2.624179e+02 3.810252e-03
3.800000e+02 2.624196e+02 3.789485e-03
3.800000e+02 2.624231e+02 3.795496e-03
3.800000e+02 2.624211e+02 3.789916e-03
3.800000e+02 2.624222e+02 3.792090e-03
3.850000e+02 2.552730e+02 3.890128e-03
3.850000e+02 2.552753e+02 3.941578e-03
3.850000e+02 2.552776e+02 3.928004e-03
3.850000e+02 2.552756e+02 3.917523e-03
3.850000e+02 2.552777e+02 3.915464e-03
3.900000e+02 2.486823e+02 4.019136e-03
3.900000e+02 2.486838e+02 4.022943e-03
3.900000e+02 2.486921e+02 4.006024e-03
3.900000e+02 2.486939e+02 3.981716e-03
3.900000e+02 2.486849e+02 4.026120e-03
4.184256e+02 2.186458e+02 4.303743e-03
4.184256e+02 2.186467e+02 4.268481e-03
4.184256e+02 2.186480e+02 4.264038e-03
4.184256e+02 2.186524e+02 4.252485e-03
4.184256e+02 2.186560e+02 4.260415e-03
4.489231e+02 1.944308e+02 4.264749e-03
4.489231e+02 1.944397e+02 4.204185e-03
4.489231e+02 1.944363e+02 4.243896e-03
4.489231e+02 1.944364e+02 4.270388e-03
4.489231e+02 1.944274e+02 4.214252e-03
4.816434e+02 1.736681e+02 4.127962e-03
4.816434e+02 1.736714e+02 4.055150e-03
4.816434e+02 1.736708e+02 4.111752e-03
4.816434e+02 1.736715e+02 4.124139e-03
4.816434e+02 1.736802e+02 4.101572e-03
5.167486e+02 1.553845e+02 3.890844e-03
5.167486e+02 1.553957e+02 3.851119e-03
5.167486e+02 1.553831e+02 3.846723e-03
5.167486e+02 1.553838e+02 3.870857e-03
5.167486e+02 1.553932e+02 3.843641e-03
5.544125e+02 1.390960e+02 3.609378e-03
5.544125e+02 1.391049e+02 3.572131e-03
5.544125e+02 1.390969e+02 3.586980e-03
5.544125e+02 1.390934e+02 3.595195e-03
5.544125e+02 1.390930e+02 3.615327e-03
5.948215e+02 1.245090e+02 3.300566e-03
5.948215e+02 1.245107e+02 3.309758e-03
5.948215e+02 1.245066e+02 3.339847e-03
5.948215e+02 1.245120e+02 3.303474e-03
5.948215e+02 1.245017e+02 3.306396e-03
6.381758e+02 1.114139e+02 3.025899e-03
6.381758e+02 1.114168e+02 3.056595e-03
6.381758e+02 1.114199e+02 3.032324e-03
6.381758e+02 1.114162e+02 3.035697e-03
6.381758e+02 1.114146e+02 3.049386e-03
6.846901e+02 9.966234e+01 2.789786e-03
6.846901e+02 9.967123e+01 2.771811e-03
6.846901e+02 9.966607e+01 2.766183e-03
6.846901e+02 9.966002e+01 2.799868e-03
6.846901e+02 9.966866e+01 2.803275e-03
7.345946e+02 8.911557e+01 2.513928e-03
7.345946e+02 8.911221e+01 2.514251e-03
7.345946e+02 8.911439e+01 2.538658e-03
7.345946e+02 8.911557e+01 2.544969e-03
7.345946e+02 8.911735e+01 2.516547e-03
7.881364e+02 7.965186e+01 2.299629e-03
7.881364e+02 7.965125e+01 2.273356e-03
7.881364e+02 7.964796e+01 2.282910e-03
7.881364e+02 7.964846e+01 2.293659e-03
7.881364e+02 7.964465e+01 2.301175e-03
8.455807e+02 7.115992e+01 2.055987e-03
8.455807e+02 7.115802e+01 2.076825e-03
8.455807e+02 7.116333e+01 2.076234e-03
8.455807e+02 7.115822e+01 2.056925e-03
8.455807e+02 7.116138e+01 2.063332e-03
9.072119e+02 6.354856e+01 1.868607e-03
9.072119e+02 6.354327e+01 1.868124e-03
9.072119e+02 6.354816e+01 1.858878e-03
9.072119e+02 6.354821e+01 1.851677e-03
9.072119e+02 6.354569e+01 1.852779e-03
9.733352e+02 5.672309e+01 1.670984e-03
9.733352e+02 5.672213e+01 1.691876e-03
9.733352e+02 5.672230e+01 1.674389e-03
9.733352e+02 5.672316e+01 1.671366e-03
9.733352e+02 5.672307e+01 1.682352e-03
