300 3.20564 0.00527719
300 3.19444 0.00527966
300 3.20176 0.0053196
305 4.21329 0.00690231
305 4.21532 0.00687299
305 4.21871 0.00688095
310 5.41175 0.00896432
310 5.41055 0.00891929
310 5.42278 0.00890519
315 6.85292 0.0113905
315 6.82086 0.0112988
315 6.82382 0.0114669
320 8.56675 0.0143525
320 8.54888 0.0143882
320 8.56309 0.0142407
325 10.7654 0.0180144
325 10.7564 0.0184675
325 10.7835 0.0181832
330 13.8809 0.0241991
330 13.8559 0.0245758
330 13.8437 0.0250047
331 14.6563 0.0263414
331 14.6924 0.0276388
331 14.6799 0.0259492
332 15.5508 0.0273655
332 15.5756 0.0278718
332 15.5178 0.0283233
333 16.4702 0.0295576
333 16.5023 0.0296634
333 16.5298 0.0301082
334 17.6649 0.0331631
334 17.6936 0.0323452
334 17.7084 0.0334781
335 19.0647 0.0354237
335 19.0388 0.0352111
335 19.0998 0.0353298
336 20.7589 0.0395696
336 20.7629 0.0394499
336 20.7392 0.0400453
337 23.0745 0.0459833
337 23.1366 0.0457411
337 23.1387 0.0469387
338 26.7242 0.0540672
338 26.6947 0.0540496
338 26.6267 0.0537178
339 33.1435 0.0709927
339 33.0818 0.0743523
339 33.1699 0.0719407
340 45.879 0.100421
340 45.9187 0.106704
340 45.7647 0.102877
340.2 49.4234 0.115996
340.2 49.6957 0.113542
340.2 49.7923 0.118288
340.4 54.1298 0.128439
340.4 54.225 0.125069
340.4 54.2429 0.121817
340.6 59.6437 0.14406
340.6 59.5587 0.143108
340.6 59.6966 0.143437
340.8 66.0526 0.15987
340.8 65.7498 0.155087
340.8 65.9255 0.165003
341 73.7741 0.174068
341 73.7306 0.180661
341 73.8215 0.17361
341.2 83.0361 0.199549
341.2 83.0017 0.197093
341.2 83.0888 0.202436
341.4 94.3015 0.232309
341.4 94.0871 0.230089
341.4 94.1325 0.222796
341.6 108.335 0.264778
341.6 107.921 0.264502
341.6 108.088 0.262398
341.8 125.216 0.303752
341.8 124.087 0.303022
341.8 124.524 0.295751
342 145.982 0.365074
342 145.396 0.34915
342 145.222 0.358233
342.2 171.172 0.427927
342.2 171.141 0.413489
342.2 171.825 0.429187
342.4 202.732 0.494175
342.4 202.129 0.494673
342.4 201.949 0.484512
342.6 242.407 0.589043
342.6 241.132 0.594084
342.6 241.964 0.621561
342.8 288.964 0.710935
342.8 289.871 0.738594
342.8 289.237 0.728752
343 345.723 0.86203
343 345.796 0.817607
343 346.238 0.862943
343.2 411.279 0.989653
343.2 410.999 1.00834
343.2 412.32 1.03488
343.4 484.805 1.25314
343.4 483.51 1.29774
343.4 484.73 1.21294
343.6 558.058 1.32834
343.6 557.682 1.32849
343.6 560.173 1.40854
343.8 630.109 1.58085
343.8 629.349 1.60055
343.8 628.222 1.54647
344 690.314 1.73948
344 690.601 1.64502
344 692.046 1.64005
344.2 739.589 1.8027
344.2 737.983 1.85019
344.2 738.092 1.91019
344.4 775.831 1.9508
344.4 774.671 2.00356
344.4 772.946 1.84706
344.6 801.355 2.03178
344.6 800.175 1.99277
344.6 798.379 1.96446
344.8 820.068 2.04406
344.8 818.398 1.98301
344.8 817.988 1.99798
345 834.921 2.05326
345 831.889 2.13911
345 835.492 2.0226
345.2 847.19 2.0743
345.2 851.559 2.12193
345.2 843.778 2.07342
345.4 858.669 1.88303
345.4 862.46 1.82636
345.4 861.432 1.78491
345.6 875.276 1.87445
345.6 875.215 1.8969
345.6 870.008 1.84623
345.8 880.75 1.87835
345.8 882.853 1.82517
345.8 881.978 1.83505
346 889.868 1.88747
346 889.494 1.84646
346 893.35 1.81315
346.2 894.815 1.90744
346.2 899.157 1.87267
346.2 895.552 1.98998
346.4 900.163 1.86626
346.4 908.506 1.96945
346.4 902.216 1.88652
346.6 908.511 1.85692
346.6 907.31 1.90678
346.6 903.76 1.86643
346.8 902.262 1.90045
346.8 910.396 1.90032
346.8 903.543 1.90478
347 899.718 1.92647
347 900.598 1.86175
347 903.28 1.89594
347.2 893.221 1.86936
347.2 894.992 1.88261
347.2 894.933 1.85905
347.4 887.73 1.89213
347.4 882.677 1.85441
347.4 884.385 1.93896
347.6 869.949 1.89925
347.6 870.617 1.80628
347.6 868.312 1.83032
347.8 852.262 1.86956
347.8 856.181 1.89099
347.8 855.72 1.84647
348 838.79 1.851
348 842.654 1.82117
348 837.213 1.76409
348.2 820.775 1.75042
348.2 818.856 1.78058
348.2 822.295 1.79612
348.4 802.671 1.76468
348.4 800.269 1.76506
348.4 803.169 1.75291
348.6 782.613 1.69577
348.6 782.931 1.71665
348.6 780.467 1.68695
348.8 761.174 1.66192
348.8 762.29 1.66812
348.8 760.398 1.63058
349 738.608 1.60686
349 742.753 1.64176
349 740.577 1.63066
349.2 716.806 1.62996
349.2 718.272 1.57761
349.2 723.791 1.62438
349.4 697.087 1.53557
349.4 694.088 1.52697
349.4 698.328 1.55034
349.6 677.333 1.46052
349.6 676.188 1.49407
349.6 674.378 1.48622
349.8 651.252 1.42731
349.8 652.646 1.45159
349.8 653.145 1.44203
350 635.259 1.40579
350 633.151 1.37352
350 631.997 1.34653
351 536.138 1.16017
351 539.141 1.16026
351 537.244 1.17277
352 462.903 0.975153
352 462.083 0.989783
352 462.565 0.981305
353 425.18 0.864235
353 425.423 0.888366
353 424.088 0.875855
354 411.639 0.827253
354 411.697 0.833867
354 412.609 0.813108
355 415.693 0.837078
355 417.615 0.830513
355 414.686 0.83614
356 425.389 0.832025
356 423.866 0.860742
356 424.175 0.833062
357 436.294 0.895536
357 436.491 0.861769
357 437.441 0.878433
358 451.701 0.915834
358 450.734 0.893554
358 451.568 0.90217
359 465.59 0.933427
359 465.581 0.93284
359 464.409 0.94019
360 479.98 0.96344
360 478.945 0.975521
360 478.838 0.953001
365 536.105 1.12047
365 535.757 1.1175
365 534.641 1.10975
370 579.685 1.21507
370 579.627 1.18789
370 580.119 1.2159
375 611.603 1.27808
375 611.975 1.28186
375 612.16 1.27596
380 636.838 1.35
380 640.095 1.33936
380 641.004 1.34148
385 659.682 1.36735
385 659.42 1.37894
385 658.791 1.4258
390 678.631 1.42132
390 676.708 1.43288
390 676.774 1.44435
395 689.035 1.43291
395 689.856 1.4572
395 690.882 1.48566
400 699.52 1.5254
400 695.43 1.48638
400 698.57 1.44765
405 702.446 1.47181
405 702.136 1.51116
405 702.956 1.47565
410 712.343 1.46817
410 711.643 1.48351
410 711.667 1.52357
415 712.317 1.51793
415 711.991 1.53298
415 712.527 1.47766
420 712.875 1.49754
420 713.79 1.4796
420 715.059 1.50722
425 713.792 1.51322
425 712.343 1.51989
425 714.465 1.48259
430 715.176 1.48874
430 713.489 1.48271
430 713.92 1.48609
435 710.815 1.49438
435 711.402 1.46939
435 711.454 1.49943
440 709.72 1.51846
440 706.643 1.55057
440 709.467 1.49722
445 707.09 1.46836
445 702.331 1.49242
445 707.144 1.50031
450 702.498 1.46298
450 700.679 1.45876
450 699.616 1.47457
455 697.589 1.50779
455 695.015 1.47865
455 697.266 1.45259
460 693.195 1.43281
460 696.891 1.46688
460 691.672 1.45344
465 686.83 1.43284
465 687.532 1.41147
465 687.296 1.47048
470 679.812 1.38526
470 680.696 1.4541
470 683.07 1.4091
475 677.32 1.44888
475 673.017 1.35901
475 676.647 1.41854
480 670.861 1.40525
480 666.784 1.41035
480 670.819 1.38637
485 664.538 1.38245
485 665.591 1.38946
485 662.75 1.34628
490 655.843 1.3588
490 656.491 1.30178
490 658.36 1.34741
495 649.544 1.31731
495 650.85 1.32231
495 649.366 1.30474
