3.250000e+02 -5.944223e-24 8.562204e-27
3.250000e+02 -5.927967e-24 8.517272e-27
3.250000e+02 -5.937736e-24 8.475042e-27
3.250000e+02 -5.947134e-24 8.553824e-27
3.250000e+02 -5.934493e-24 8.448420e-27
3.250000e+02 -5.929869e-24 8.436418e-27
3.250000e+02 -5.949721e-24 8.397425e-27
3.250000e+02 -5.942074e-24 8.380889e-27
3.250000e+02 -5.935235e-24 8.470307e-27
3.250000e+02 -5.952964e-24 8.437771e-27
3.260000e+02 -7.065186e-24 1.010050e-26
3.260000e+02 -7.077018e-24 1.000862e-26
3.260000e+02 -7.062999e-24 9.935565e-27
3.260000e+02 -7.066396e-24 1.006739e-26
3.260000e+02 -7.065531e-24 1.002670e-26
3.260000e+02 -7.084023e-24 1.008141e-26
3.260000e+02 -7.072173e-24 1.003615e-26
3.260000e+02 -7.076642e-24 1.001624e-26
3.260000e+02 -7.066017e-24 1.003007e-26
3.260000e+02 -7.062635e-24 1.007025e-26
3.270000e+02 -8.450189e-24 1.204010e-26
3.270000e+02 -8.465961e-24 1.207295e-26
3.270000e+02 -8.472662e-24 1.211957e-26
3.270000e+02 -8.463589e-24 1.189152e-26
3.270000e+02 -8.457066e-24 1.210083e-26
3.270000e+02 -8.454868e-24 1.205754e-26
3.270000e+02 -8.445550e-24 1.206538e-26
3.270000e+02 -8.484466e-24 1.196838e-26
3.270000e+02 -8.461871e-24 1.204596e-26
3.270000e+02 -8.455902e-24 1.207570e-26
3.280000e+02 -1.023730e-23 1.452423e-26
3.280000e+02 -1.023819e-23 1.443565e-26
3.280000e+02 -1.024575e-23 1.426412e-26
3.280000e+02 -1.024898e-23 1.439358e-26
3.280000e+02 -1.022936e-23 1.441462e-26
3.280000e+02 -1.019336e-23 1.430226e-26
3.280000e+02 -1.022860e-23 1.436901e-26
3.280000e+02 -1.024531e-23 1.451480e-26
3.280000e+02 -1.024835e-23 1.442423e-26
3.280000e+02 -1.024401e-23 1.444066e-26
3.290000e+02 -7.348579e-07 1.137730e-09
3.290000e+02 -7.339684e-07 1.126796e-09
3.290000e+02 -7.340099e-07 1.130803e-09
3.290000e+02 -7.335283e-07 1.140746e-09
3.290000e+02 -7.357537e-07 1.124335e-09
3.290000e+02 -7.361897e-07 1.138363e-09
3.290000e+02 -7.365790e-07 1.124521e-09
3.290000e+02 -7.347152e-07 1.133059e-09
3.290000e+02 -7.347965e-07 1.135442e-09
3.290000e+02 -7.368880e-07 1.129945e-09
3.300000e+02 -1.211272e-04 1.852438e-07
3.300000e+02 -1.212239e-04 1.840792e-07
3.300000e+02 -1.212295e-04 1.845998e-07
3.300000e+02 -1.208026e-04 1.852932e-07
3.300000e+02 -1.210668e-04 1.847598e-07
3.300000e+02 -1.214696e-04 1.863045e-07
3.300000e+02 -1.213307e-04 1.860590e-07
3.300000e+02 -1.213692e-04 1.840700e-07
3.300000e+02 -1.210350e-04 1.847951e-07
3.300000e+02 -1.209122e-04 1.855275e-07
3.310000e+02 -1.234508e-03 1.905811e-06
3.310000e+02 -1.233259e-03 1.892397e-06
3.310000e+02 -1.233501e-03 1.873785e-06
3.310000e+02 -1.231401e-03 1.873777e-06
3.310000e+02 -1.231099e-03 1.883348e-06
3.310000e+02 -1.234913e-03 1.878095e-06
3.310000e+02 -1.234782e-03 1.861129e-06
3.310000e+02 -1.233435e-03 1.879197e-06
3.310000e+02 -1.235046e-03 1.871666e-06
3.320000e+02 -5.918500e-03 8.996816e-06
3.320000e+02 -5.945339e-03 8.855651e-06
3.320000e+02 -5.908975e-03 9.090442e-06
3.320000e+02 -5.925908e-03 8.952416e-06
3.320000e+02 -5.929633e-03 9.121230e-06
3.320000e+02 -5.922175e-03 8.984178e-06
3.320000e+02 -5.930202e-03 8.944954e-06
3.320000e+02 -5.917241e-03 8.942623e-06
3.320000e+02 -5.930035e-03 8.952716e-06
3.320000e+02 -5.926066e-03 8.996460e-06
3.330000e+02 -2.012857e-02 3.000009e-05
3.330000e+02 -2.015672e-02 3.012073e-05
3.330000e+02 -2.016534e-02 3.006211e-05
3.330000e+02 -2.020364e-02 3.019048e-05
3.330000e+02 -2.015836e-02 3.018244e-05
3.330000e+02 -2.012838e-02 3.018618e-05
3.330000e+02 -2.011687e-02 3.003035e-05
3.330000e+02 -2.010834e-02 3.016779e-05
3.330000e+02 -2.011479e-02 3.050473e-05
3.340000e+02 -5.649060e-02 8.324605e-05
3.340000e+02 -5.649703e-02 8.415218e-05
3.340000e+02 -5.641818e-02 8.355148e-05
3.340000e+02 -5.623249e-02 8.458372e-05
3.340000e+02 -5.653942e-02 8.410140e-05
3.340000e+02 -5.625068e-02 8.347325e-05
3.340000e+02 -5.637330e-02 8.356128e-05
3.340000e+02 -5.635526e-02 8.352984e-05
3.340000e+02 -5.650366e-02 8.290089e-05
3.340000e+02 -5.654855e-02 8.410730e-05
3.350000e+02 -1.414841e-01 2.060438e-04
3.350000e+02 -1.408362e-01 2.063724e-04
3.350000e+02 -1.404956e-01 2.091543e-04
3.350000e+02 -1.408541e-01 2.044577e-04
3.350000e+02 -1.407483e-01 2.065544e-04
3.350000e+02 -1.411902e-01 2.072969e-04
3.350000e+02 -1.409262e-01 2.056074e-04
3.350000e+02 -1.407179e-01 2.056494e-04
3.350000e+02 -1.410552e-01 2.070712e-04
3.350000e+02 -1.408700e-01 2.096275e-04
3.360000e+02 -3.284197e-01 4.741526e-04
3.360000e+02 -3.274933e-01 4.773351e-04
3.360000e+02 -3.280406e-01 4.763101e-04
3.360000e+02 -3.276755e-01 4.761507e-04
3.360000e+02 -3.285854e-01 4.764980e-04
3.360000e+02 -3.281521e-01 4.786479e-04
3.360000e+02 -3.287306e-01 4.772003e-04
3.360000e+02 -3.282649e-01 4.767667e-04
3.360000e+02 -3.291157e-01 4.725845e-04
3.370000e+02 -7.346328e-01 1.038130e-03
3.370000e+02 -7.365167e-01 1.044725e-03
3.370000e+02 -7.372470e-01 1.044961e-03
3.370000e+02 -7.339638e-01 1.046448e-03
3.370000e+02 -7.360576e-01 1.039972e-03
3.370000e+02 -7.370694e-01 1.044757e-03
3.370000e+02 -7.365858e-01 1.036491e-03
3.370000e+02 -7.364085e-01 1.045191e-03
3.370000e+02 -7.372915e-01 1.039973e-03
3.380000e+02 -1.611769e+00 2.271752e-03
3.380000e+02 -1.610735e+00 2.213394e-03
3.380000e+02 -1.612688e+00 2.249405e-03
3.380000e+02 -1.610671e+00 2.231483e-03
3.380000e+02 -1.614781e+00 2.226197e-03
3.380000e+02 -1.615069e+00 2.219194e-03
3.380000e+02 -1.611431e+00 2.231517e-03
3.380000e+02 -1.610446e+00 2.240399e-03
3.380000e+02 -1.610297e+00 2.215319e-03
3.390000e+02 -3.456815e+00 4.669929e-03
3.390000e+02 -3.457609e+00 4.699313e-03
3.390000e+02 -3.451063e+00 4.696392e-03
3.390000e+02 -3.453913e+00 4.735413e-03
3.390000e+02 -3.458139e+00 4.670865e-03
3.390000e+02 -3.453870e+00 4.835428e-03
3.390000e+02 -3.461774e+00 4.685770e-03
3.390000e+02 -3.464753e+00 4.664522e-03
3.390000e+02 -3.456665e+00 4.715727e-03
3.400000e+02 -6.954690e+00 9.164739e-03
3.400000e+02 -6.943186e+00 9.258765e-03
3.400000e+02 -6.965530e+00 9.221587e-03
3.400000e+02 -6.950821e+00 9.306008e-03
3.400000e+02 -6.958301e+00 9.233423e-03
3.400000e+02 -6.946741e+00 9.333979e-03
3.400000e+02 -6.943779e+00 9.187128e-03
3.400000e+02 -6.941644e+00 9.253239e-03
3.402000e+02 -7.840313e+00 1.053292e-02
3.402000e+02 -7.861784e+00 1.053889e-02
3.402000e+02 -7.836730e+00 1.068326e-02
3.402000e+02 -7.856904e+00 1.045751e-02
3.402000e+02 -7.875792e+00 1.032084e-02
3.402000e+02 -7.863216e+00 1.048382e-02
3.402000e+02 -7.865870e+00 1.043006e-02
3.402000e+02 -7.851197e+00 1.037197e-02
3.402000e+02 -7.859493e+00 1.040231e-02
3.402000e+02 -7.852769e+00 1.046364e-02
3.404000e+02 -8.787983e+00 1.166747e-02
3.404000e+02 -8.796403e+00 1.164494e-02
3.404000e+02 -8.808910e+00 1.160389e-02
3.404000e+02 -8.799158e+00 1.160192e-02
3.404000e+02 -8.786831e+00 1.158555e-02
3.404000e+02 -8.819493e+00 1.161373e-02
3.404000e+02 -8.782905e+00 1.156149e-02
3.404000e+02 -8.787916e+00 1.166513e-02
3.404000e+02 -8.789126e+00 1.167188e-02
3.404000e+02 0.000000e+00 0.000000e+00
3.406000e+02 -9.798664e+00 1.320140e-02
3.406000e+02 -9.809418e+00 1.295868e-02
3.406000e+02 -9.850096e+00 1.270347e-02
3.406000e+02 -9.817402e+00 1.291047e-02
3.406000e+02 -9.832327e+00 1.298399e-02
3.406000e+02 -9.800054e+00 1.287684e-02
3.406000e+02 -9.811040e+00 1.289833e-02
3.406000e+02 -9.807303e+00 1.292232e-02
3.406000e+02 -9.828263e+00 1.292722e-02
3.406000e+02 -9.831881e+00 1.293987e-02
3.408000e+02 -1.097856e+01 1.448975e-02
3.408000e+02 -1.098879e+01 1.438394e-02
3.408000e+02 -1.099042e+01 1.457147e-02
3.408000e+02 -1.098410e+01 1.447071e-02
3.408000e+02 -1.099389e+01 1.452387e-02
3.408000e+02 -1.097742e+01 1.443136e-02
3.408000e+02 -1.100456e+01 1.444881e-02
3.408000e+02 -1.101391e+01 1.458542e-02
3.408000e+02 -1.099839e+01 1.452962e-02
3.408000e+02 -1.099935e+01 1.485176e-02
3.410000e+02 -1.231637e+01 1.641911e-02
3.410000e+02 -1.234995e+01 1.642182e-02
3.410000e+02 -1.233972e+01 1.603838e-02
3.410000e+02 -1.236887e+01 1.624821e-02
3.410000e+02 -1.234778e+01 1.620393e-02
3.410000e+02 -1.231037e+01 1.612718e-02
3.410000e+02 -1.237266e+01 1.629391e-02
3.410000e+02 -1.233946e+01 1.618300e-02
3.410000e+02 -1.232961e+01 1.625502e-02
3.410000e+02 -1.234556e+01 1.621525e-02
3.412000e+02 -1.391675e+01 1.834730e-02
3.412000e+02 -1.394849e+01 1.821222e-02
3.412000e+02 -1.391490e+01 1.819814e-02
3.412000e+02 -1.391892e+01 1.818301e-02
3.412000e+02 -1.393102e+01 1.851699e-02
3.412000e+02 -1.391113e+01 1.842150e-02
3.412000e+02 -1.393628e+01 1.856172e-02
3.412000e+02 -1.395269e+01 1.815697e-02
3.412000e+02 -1.394257e+01 1.816365e-02
3.412000e+02 -1.392095e+01 1.844785e-02
3.414000e+02 -1.577986e+01 2.053483e-02
3.414000e+02 -1.581086e+01 2.045287e-02
3.414000e+02 -1.579953e+01 2.070348e-02
3.414000e+02 -1.582079e+01 2.093740e-02
3.414000e+02 -1.578881e+01 2.065755e-02
3.414000e+02 -1.580152e+01 2.046408e-02
3.414000e+02 -1.582120e+01 2.058530e-02
3.414000e+02 -1.578262e+01 2.062782e-02
3.414000e+02 -1.581509e+01 2.041680e-02
3.414000e+02 -1.580175e+01 2.057685e-02
3.416000e+02 -1.796958e+01 2.355429e-02
3.416000e+02 -1.796730e+01 2.356651e-02
3.416000e+02 -1.799051e+01 2.356628e-02
3.416000e+02 -1.799336e+01 2.340410e-02
3.416000e+02 -1.799558e+01 2.334552e-02
3.416000e+02 -1.797245e+01 2.334643e-02
3.416000e+02 -1.797859e+01 2.378311e-02
3.416000e+02 -1.799730e+01 2.417285e-02
3.416000e+02 -1.799695e+01 2.371505e-02
3.418000e+02 -2.061979e+01 2.679017e-02
3.418000e+02 -2.068390e+01 2.721572e-02
3.418000e+02 -2.057660e+01 2.728942e-02
3.418000e+02 -2.059865e+01 2.666717e-02
3.418000e+02 -2.061452e+01 2.728571e-02
3.418000e+02 -2.059476e+01 2.697118e-02
3.418000e+02 -2.064018e+01 2.736145e-02
3.418000e+02 -2.065186e+01 2.699510e-02
3.418000e+02 -2.064373e+01 2.701393e-02
3.418000e+02 -2.066786e+01 2.689829e-02
3.420000e+02 -2.380622e+01 3.145740e-02
3.420000e+02 -2.373750e+01 3.131322e-02
3.420000e+02 -2.381289e+01 3.103631e-02
3.420000e+02 -2.377724e+01 3.123915e-02
3.420000e+02 -2.382953e+01 3.091628e-02
3.420000e+02 -2.381263e+01 3.118691e-02
3.420000e+02 -2.379255e+01 3.123898e-02
3.420000e+02 -2.374166e+01 3.104885e-02
3.420000e+02 -2.380660e+01 3.184959e-02
3.420000e+02 -2.383396e+01 3.133894e-02
3.422000e+02 -2.760587e+01 3.641129e-02
3.422000e+02 -2.762661e+01 3.595489e-02
3.422000e+02 0.000000e+00 0.000000e+00
3.422000e+02 -2.758942e+01 3.642673e-02
3.422000e+02 -2.754024e+01 3.800445e-02
3.422000e+02 -2.759321e+01 3.610719e-02
3.422000e+02 -2.754157e+01 3.562744e-02
3.422000e+02 -2.761987e+01 3.604241e-02
3.424000e+02 -3.216565e+01 4.214192e-02
3.424000e+02 -3.219033e+01 4.241209e-02
3.424000e+02 -3.222314e+01 4.254146e-02
3.424000e+02 -3.229281e+01 4.243168e-02
3.424000e+02 -3.223305e+01 4.210059e-02
3.424000e+02 -3.218801e+01 4.234710e-02
3.424000e+02 -3.224312e+01 4.197771e-02
3.424000e+02 -3.222817e+01 4.301102e-02
3.424000e+02 -3.226255e+01 4.247870e-02
3.424000e+02 -3.219758e+01 4.252538e-02
3.426000e+02 -3.779443e+01 4.996542e-02
3.426000e+02 -3.781137e+01 4.989168e-02
3.426000e+02 -3.783418e+01 5.053948e-02
3.426000e+02 -3.777113e+01 4.868388e-02
3.426000e+02 -3.786658e+01 5.002829e-02
3.426000e+02 -3.773273e+01 4.991480e-02
3.426000e+02 -3.786020e+01 4.986592e-02
3.426000e+02 -3.776327e+01 5.188416e-02
3.426000e+02 -3.774972e+01 5.000534e-02
3.426000e+02 -3.777625e+01 4.964651e-02
3.428000e+02 -4.448250e+01 5.819303e-02
3.428000e+02 -4.443639e+01 5.841239e-02
3.428000e+02 -4.452691e+01 5.782371e-02
3.428000e+02 -4.454153e+01 5.817395e-02
3.428000e+02 -4.455787e+01 5.848876e-02
3.428000e+02 -4.450630e+01 5.876913e-02
3.428000e+02 -4.446899e+01 5.900007e-02
3.428000e+02 -4.459560e+01 5.838046e-02
3.428000e+02 -4.452554e+01 5.871288e-02
3.428000e+02 -4.444145e+01 5.967103e-02
3.430000e+02 -5.255703e+01 7.165094e-02
3.430000e+02 -5.255111e+01 6.929079e-02
3.430000e+02 -5.248375e+01 6.917634e-02
3.430000e+02 -5.258396e+01 6.875373e-02
3.430000e+02 -5.243890e+01 6.888026e-02
3.430000e+02 -5.236539e+01 6.962933e-02
3.430000e+02 -5.238783e+01 6.927393e-02
3.430000e+02 -5.251830e+01 6.950473e-02
3.430000e+02 -5.258017e+01 6.902783e-02
3.432000e+02 -6.155745e+01 8.153922e-02
3.432000e+02 -6.168209e+01 8.260541e-02
3.432000e+02 -6.158007e+01 8.138402e-02
3.432000e+02 -6.167386e+01 8.212403e-02
3.432000e+02 -6.161603e+01 8.361839e-02
3.432000e+02 -6.156651e+01 8.413016e-02
3.432000e+02 -6.158493e+01 8.279698e-02
3.432000e+02 -6.170881e+01 8.235712e-02
3.432000e+02 -6.177355e+01 8.247367e-02
3.432000e+02 -6.166760e+01 8.228072e-02
3.434000e+02 -7.192816e+01 9.713112e-02
3.434000e+02 -7.204390e+01 9.648430e-02
3.434000e+02 -7.175627e+01 9.688736e-02
3.434000e+02 -7.166593e+01 9.884522e-02
3.434000e+02 -7.182763e+01 9.651237e-02
3.434000e+02 -7.184952e+01 9.514636e-02
3.434000e+02 -7.182496e+01 9.680588e-02
3.434000e+02 -7.169111e+01 9.753616e-02
3.436000e+02 -8.250390e+01 1.116085e-01
3.436000e+02 -8.270521e+01 1.119555e-01
3.436000e+02 -8.266366e+01 1.155961e-01
3.436000e+02 -8.262268e+01 1.141704e-01
3.436000e+02 -8.239515e+01 1.101357e-01
3.436000e+02 -8.257436e+01 1.113183e-01
3.436000e+02 -8.244746e+01 1.127078e-01
3.436000e+02 -8.232977e+01 1.117375e-01
3.436000e+02 -8.226495e+01 1.116404e-01
3.438000e+02 -9.262216e+01 1.310600e-01
3.438000e+02 -9.259454e+01 1.262330e-01
3.438000e+02 -9.261708e+01 1.273956e-01
3.438000e+02 -9.259294e+01 1.273283e-01
3.438000e+02 -9.270352e+01 1.244244e-01
3.438000e+02 -9.253504e+01 1.256823e-01
3.438000e+02 -9.262172e+01 1.262691e-01
3.438000e+02 -9.269689e+01 1.270890e-01
3.438000e+02 -9.256080e+01 1.295498e-01
3.438000e+02 -9.295760e+01 1.269194e-01
3.440000e+02 -1.014821e+02 1.385934e-01
3.440000e+02 -1.012828e+02 1.386641e-01
3.440000e+02 -1.012698e+02 1.385443e-01
3.440000e+02 -1.015363e+02 1.417990e-01
3.440000e+02 -1.013760e+02 1.419031e-01
3.440000e+02 -1.014878e+02 1.377821e-01
3.440000e+02 -1.012296e+02 1.399693e-01
3.440000e+02 -1.013928e+02 1.376187e-01
3.440000e+02 -1.013808e+02 1.404050e-01
3.440000e+02 -1.013870e+02 1.420829e-01
3.442000e+02 -1.078728e+02 1.493846e-01
3.442000e+02 -1.079661e+02 1.504051e-01
3.442000e+02 -1.076029e+02 1.563045e-01
3.442000e+02 -1.078623e+02 1.502406e-01
3.442000e+02 -1.075337e+02 1.512606e-01
3.442000e+02 -1.081189e+02 1.555311e-01
3.442000e+02 -1.080495e+02 1.529123e-01
3.442000e+02 -1.082543e+02 1.490084e-01
3.442000e+02 -1.082037e+02 1.522758e-01
3.444000e+02 -1.123037e+02 1.578311e-01
3.444000e+02 -1.121806e+02 1.656940e-01
3.444000e+02 -1.122657e+02 1.583535e-01
3.444000e+02 -1.124056e+02 1.644183e-01
3.444000e+02 -1.122072e+02 1.542399e-01
3.444000e+02 -1.126518e+02 1.573689e-01
3.444000e+02 -1.124803e+02 1.604482e-01
3.444000e+02 -1.122129e+02 1.627265e-01
3.444000e+02 -1.122571e+02 1.660704e-01
3.444000e+02 -1.122631e+02 1.597364e-01
3.446000e+02 -1.151715e+02 1.676694e-01
3.446000e+02 -1.149687e+02 1.628604e-01
3.446000e+02 -1.146688e+02 1.629796e-01
3.446000e+02 -1.150002e+02 1.678106e-01
3.446000e+02 -1.149186e+02 1.614362e-01
3.446000e+02 -1.147689e+02 1.647216e-01
3.446000e+02 -1.152219e+02 1.621570e-01
3.446000e+02 -1.152284e+02 1.666530e-01
3.446000e+02 -1.149111e+02 1.629641e-01
3.446000e+02 -1.150272e+02 1.693423e-01
3.448000e+02 -1.166340e+02 1.645291e-01
3.448000e+02 -1.163614e+02 1.632205e-01
3.448000e+02 -1.163950e+02 1.639813e-01
3.448000e+02 -1.165346e+02 1.667472e-01
3.448000e+02 -1.165881e+02 1.660217e-01
3.448000e+02 -1.166275e+02 1.668563e-01
3.448000e+02 -1.160429e+02 1.702274e-01
3.448000e+02 -1.168222e+02 1.607606e-01
3.448000e+02 -1.168583e+02 1.659513e-01
3.448000e+02 -1.165256e+02 1.672213e-01
3.450000e+02 -1.174877e+02 1.677990e-01
3.450000e+02 -1.176771e+02 1.644888e-01
3.450000e+02 -1.177182e+02 1.677927e-01
3.450000e+02 -1.173975e+02 1.708942e-01
3.450000e+02 -1.179627e+02 1.687803e-01
3.450000e+02 -1.175215e+02 1.698914e-01
3.450000e+02 -1.175931e+02 1.684791e-01
3.450000e+02 -1.175975e+02 1.678334e-01
3.452000e+02 -1.192614e+02 1.715185e-01
3.452000e+02 -1.191972e+02 1.755901e-01
3.452000e+02 -1.192555e+02 1.691082e-01
3.452000e+02 -1.192504e+02 1.719350e-01
3.452000e+02 -1.190684e+02 1.768469e-01
3.452000e+02 -1.193372e+02 1.769455e-01
3.452000e+02 -1.192081e+02 1.688779e-01
3.452000e+02 -1.191702e+02 1.703870e-01
3.452000e+02 -1.191935e+02 1.696297e-01
3.452000e+02 -1.194537e+02 1.691108e-01
3.454000e+02 -1.211142e+02 1.762104e-01
3.454000e+02 -1.208181e+02 1.739839e-01
3.454000e+02 -1.208293e+02 1.709778e-01
3.454000e+02 -1.209057e+02 1.720406e-01
3.454000e+02 -1.208127e+02 1.762081e-01
3.454000e+02 -1.209055e+02 1.719434e-01
3.454000e+02 -1.209661e+02 1.752178e-01
3.454000e+02 -1.208267e+02 1.712303e-01
3.454000e+02 -1.210602e+02 1.703757e-01
3.456000e+02 -1.234527e+02 1.778756e-01
3.456000e+02 -1.233318e+02 1.773414e-01
3.456000e+02 -1.231739e+02 1.781875e-01
3.456000e+02 -1.232759e+02 1.726657e-01
3.456000e+02 -1.233181e+02 1.788992e-01
3.456000e+02 -1.231747e+02 1.765327e-01
3.456000e+02 -1.234895e+02 1.775993e-01
3.456000e+02 -1.233996e+02 1.738791e-01
3.458000e+02 -1.260672e+02 1.840380e-01
3.458000e+02 -1.258221e+02 1.778566e-01
3.458000e+02 -1.262073e+02 1.818785e-01
3.458000e+02 -1.258616e+02 1.804862e-01
3.458000e+02 -1.256519e+02 1.796035e-01
3.458000e+02 0.000000e+00 0.000000e+00
3.458000e+02 -1.259549e+02 1.804107e-01
3.458000e+02 -1.255275e+02 1.809424e-01
3.458000e+02 -1.259110e+02 1.824977e-01
3.458000e+02 -1.256325e+02 1.784155e-01
3.460000e+02 -1.289066e+02 1.876066e-01
3.460000e+02 -1.285580e+02 1.844536e-01
3.460000e+02 -1.290192e+02 1.841829e-01
3.460000e+02 -1.287454e+02 1.856753e-01
3.460000e+02 -1.290136e+02 1.815450e-01
3.460000e+02 -1.288834e+02 1.885809e-01
3.460000e+02 -1.288047e+02 1.863402e-01
3.460000e+02 -1.290363e+02 1.874708e-01
3.460000e+02 -1.288462e+02 1.811579e-01
3.462000e+02 -1.320286e+02 1.915905e-01
3.462000e+02 -1.318449e+02 1.917037e-01
3.462000e+02 -1.319236e+02 1.920656e-01
3.462000e+02 -1.313316e+02 1.888223e-01
3.462000e+02 -1.319630e+02 1.957437e-01
3.462000e+02 -1.317243e+02 1.876735e-01
3.462000e+02 -1.315936e+02 1.910667e-01
3.462000e+02 -1.316398e+02 1.882412e-01
3.462000e+02 -1.315812e+02 1.917420e-01
3.462000e+02 -1.320354e+02 1.937739e-01
3.464000e+02 -1.351146e+02 1.952244e-01
3.464000e+02 -1.346311e+02 1.943095e-01
3.464000e+02 -1.346536e+02 1.916569e-01
3.464000e+02 -1.347645e+02 1.874546e-01
3.464000e+02 -1.350428e+02 1.926553e-01
3.464000e+02 -1.348888e+02 1.888439e-01
3.464000e+02 -1.349308e+02 1.920695e-01
3.464000e+02 -1.346225e+02 1.951445e-01
3.464000e+02 -1.350015e+02 1.934830e-01
3.464000e+02 -1.347503e+02 1.921748e-01
3.466000e+02 -1.376579e+02 1.932162e-01
3.466000e+02 -1.379415e+02 1.972238e-01
3.466000e+02 -1.382081e+02 1.958539e-01
3.466000e+02 -1.381372e+02 1.950148e-01
3.466000e+02 -1.375959e+02 2.014064e-01
3.466000e+02 -1.379491e+02 2.056275e-01
3.466000e+02 -1.378972e+02 1.986136e-01
3.466000e+02 -1.380069e+02 1.986850e-01
3.466000e+02 -1.377324e+02 1.991336e-01
3.466000e+02 -1.378455e+02 1.977825e-01
3.468000e+02 -1.406880e+02 2.093441e-01
3.468000e+02 -1.403550e+02 2.043567e-01
3.468000e+02 -1.407760e+02 2.057811e-01
3.468000e+02 -1.408611e+02 2.038348e-01
3.468000e+02 -1.409576e+02 2.056837e-01
3.468000e+02 -1.406258e+02 2.036693e-01
3.468000e+02 -1.405523e+02 2.037089e-01
3.468000e+02 -1.409307e+02 2.058595e-01
3.470000e+02 -1.437967e+02 2.146170e-01
3.470000e+02 -1.431540e+02 2.193420e-01
3.470000e+02 -1.436979e+02 2.159870e-01
3.470000e+02 -1.435263e+02 2.126922e-01
3.470000e+02 -1.435606e+02 2.148090e-01
3.470000e+02 -1.434607e+02 2.134156e-01
3.470000e+02 -1.438931e+02 2.079431e-01
3.470000e+02 -1.436078e+02 2.101750e-01
3.470000e+02 -1.436637e+02 2.127881e-01
3.472000e+02 -1.465927e+02 2.164271e-01
3.472000e+02 -1.465246e+02 2.197264e-01
3.472000e+02 -1.462680e+02 2.184557e-01
3.472000e+02 -1.460653e+02 2.185796e-01
3.472000e+02 -1.461719e+02 2.160095e-01
3.472000e+02 -1.464173e+02 2.202102e-01
3.472000e+02 -1.462678e+02 2.194887e-01
3.472000e+02 -1.466621e+02 2.180933e-01
3.472000e+02 -1.460870e+02 2.157171e-01
3.472000e+02 -1.462570e+02 2.196795e-01
3.474000e+02 -1.487973e+02 2.263975e-01
3.474000e+02 -1.484466e+02 2.243847e-01
3.474000e+02 -1.484725e+02 2.262642e-01
3.474000e+02 -1.488768e+02 2.241097e-01
3.474000e+02 -1.483862e+02 2.259155e-01
3.474000e+02 -1.484553e+02 2.307733e-01
3.474000e+02 -1.486805e+02 2.264643e-01
3.474000e+02 -1.482998e+02 2.248304e-01
3.474000e+02 -1.489513e+02 2.257660e-01
3.476000e+02 -1.508442e+02 2.319975e-01
3.476000e+02 -1.507773e+02 2.356777e-01
3.476000e+02 -1.509152e+02 2.329585e-01
3.476000e+02 -1.506487e+02 2.347752e-01
3.476000e+02 -1.509995e+02 2.282615e-01
3.476000e+02 -1.513612e+02 2.320388e-01
3.476000e+02 -1.507766e+02 2.314902e-01
3.476000e+02 -1.509441e+02 2.351088e-01
3.476000e+02 -1.512962e+02 2.354181e-01
3.476000e+02 -1.508313e+02 2.342229e-01
3.478000e+02 -1.527974e+02 2.416360e-01
3.478000e+02 -1.523801e+02 2.372704e-01
3.478000e+02 -1.531428e+02 2.370591e-01
3.478000e+02 -1.526489e+02 2.413589e-01
3.478000e+02 -1.529889e+02 2.420735e-01
3.478000e+02 -1.530123e+02 2.385577e-01
3.478000e+02 -1.523295e+02 2.427721e-01
3.478000e+02 -1.528670e+02 2.394013e-01
3.478000e+02 -1.529741e+02 2.398215e-01
3.480000e+02 -1.541657e+02 2.446794e-01
3.480000e+02 -1.544935e+02 2.456030e-01
3.480000e+02 -1.537214e+02 2.472797e-01
3.480000e+02 -1.538371e+02 2.484486e-01
3.480000e+02 -1.537871e+02 2.485777e-01
3.480000e+02 -1.539326e+02 2.438393e-01
3.480000e+02 -1.537318e+02 2.495928e-01
3.480000e+02 -1.542114e+02 2.441916e-01
3.480000e+02 -1.543308e+02 2.433881e-01
3.482000e+02 -1.550891e+02 2.502339e-01
3.482000e+02 -1.541427e+02 2.508665e-01
3.482000e+02 -1.545345e+02 2.502081e-01
3.482000e+02 -1.544565e+02 2.538723e-01
3.482000e+02 -1.541859e+02 2.504944e-01
3.482000e+02 -1.552554e+02 2.494932e-01
3.482000e+02 -1.542577e+02 2.546659e-01
3.482000e+02 -1.543227e+02 2.481954e-01
3.482000e+02 -1.541938e+02 2.532660e-01
3.482000e+02 -1.542228e+02 2.502222e-01
3.484000e+02 -1.543407e+02 2.587381e-01
3.484000e+02 -1.540736e+02 2.528342e-01
3.484000e+02 -1.545064e+02 2.564096e-01
3.484000e+02 -1.544499e+02 2.540430e-01
3.484000e+02 -1.541780e+02 2.532365e-01
3.484000e+02 -1.544091e+02 2.549825e-01
3.484000e+02 -1.545282e+02 2.547965e-01
3.484000e+02 -1.545449e+02 2.589901e-01
3.484000e+02 -1.543912e+02 2.510851e-01
3.486000e+02 -1.530616e+02 2.561755e-01
3.486000e+02 -1.536203e+02 2.544913e-01
3.486000e+02 -1.536526e+02 2.599516e-01
3.486000e+02 -1.534543e+02 2.579672e-01
3.486000e+02 -1.533490e+02 2.586503e-01
3.486000e+02 -1.535602e+02 2.560942e-01
3.486000e+02 -1.530490e+02 2.559595e-01
3.486000e+02 -1.532438e+02 2.592706e-01
3.486000e+02 -1.536676e+02 2.553555e-01
3.486000e+02 -1.531345e+02 2.572824e-01
3.488000e+02 -1.515740e+02 2.641392e-01
3.488000e+02 -1.517050e+02 2.578467e-01
3.488000e+02 -1.511806e+02 2.558146e-01
3.488000e+02 -1.518450e+02 2.559540e-01
3.488000e+02 -1.521498e+02 2.581332e-01
3.488000e+02 -1.517113e+02 2.567291e-01
3.488000e+02 -1.513262e+02 2.567140e-01
3.488000e+02 -1.521283e+02 2.559067e-01
3.488000e+02 -1.514691e+02 2.649363e-01
3.488000e+02 -1.512626e+02 2.596910e-01
3.490000e+02 -1.492627e+02 2.536909e-01
3.490000e+02 -1.495782e+02 2.588506e-01
3.490000e+02 -1.498239e+02 2.551365e-01
3.490000e+02 -1.496631e+02 2.595037e-01
3.490000e+02 -1.496928e+02 2.551411e-01
3.490000e+02 -1.495185e+02 2.598347e-01
3.490000e+02 -1.495717e+02 2.572057e-01
3.490000e+02 -1.490878e+02 2.559319e-01
3.490000e+02 -1.498508e+02 2.548298e-01
3.492000e+02 -1.466877e+02 2.518516e-01
3.492000e+02 -1.467211e+02 2.554415e-01
3.492000e+02 -1.467588e+02 2.553762e-01
3.492000e+02 -1.464210e+02 2.559350e-01
3.492000e+02 -1.467553e+02 2.565111e-01
3.492000e+02 -1.466955e+02 2.576244e-01
3.492000e+02 -1.465005e+02 2.523837e-01
3.492000e+02 -1.467629e+02 2.581859e-01
3.492000e+02 -1.465555e+02 2.566371e-01
3.492000e+02 0.000000e+00 0.000000e+00
3.494000e+02 -1.433945e+02 2.502722e-01
3.494000e+02 -1.430816e+02 2.539713e-01
3.494000e+02 -1.430153e+02 2.539561e-01
3.494000e+02 -1.431110e+02 2.531812e-01
3.494000e+02 -1.431078e+02 2.501785e-01
3.494000e+02 -1.432100e+02 2.538999e-01
3.494000e+02 -1.432202e+02 2.539455e-01
3.494000e+02 -1.430124e+02 2.504657e-01
3.494000e+02 -1.430459e+02 2.537419e-01
3.494000e+02 -1.428045e+02 2.536335e-01
3.496000e+02 -1.392752e+02 2.543920e-01
3.496000e+02 -1.390931e+02 2.496893e-01
3.496000e+02 -1.389467e+02 2.478843e-01
3.496000e+02 -1.391233e+02 2.516520e-01
3.496000e+02 -1.391074e+02 2.520248e-01
3.496000e+02 -1.392521e+02 2.473112e-01
3.496000e+02 -1.393523e+02 2.504150e-01
3.496000e+02 -1.388596e+02 2.507833e-01
3.496000e+02 -1.390954e+02 2.476981e-01
3.496000e+02 -1.398450e+02 2.533754e-01
3.498000e+02 -1.350007e+02 2.433782e-01
3.498000e+02 -1.349013e+02 2.479318e-01
3.498000e+02 -1.347183e+02 2.434197e-01
3.498000e+02 -1.350543e+02 2.419811e-01
3.498000e+02 -1.346625e+02 2.473994e-01
3.498000e+02 -1.347330e+02 2.426783e-01
3.498000e+02 -1.347806e+02 2.454991e-01
3.498000e+02 -1.347311e+02 2.425556e-01
3.498000e+02 -1.351626e+02 2.503534e-01
3.498000e+02 -1.348759e+02 2.448311e-01
3.500000e+02 -1.302740e+02 2.466589e-01
3.500000e+02 -1.296762e+02 2.396713e-01
3.500000e+02 -1.298221e+02 2.390939e-01
3.500000e+02 -1.300334e+02 2.412645e-01
3.500000e+02 -1.300834e+02 2.426924e-01
3.500000e+02 -1.302651e+02 2.391896e-01
3.500000e+02 -1.294605e+02 2.371368e-01
3.500000e+02 -1.298590e+02 2.381494e-01
3.500000e+02 -1.301880e+02 2.383619e-01
3.500000e+02 -1.299143e+02 2.401821e-01
3.510000e+02 -1.032639e+02 2.020375e-01
3.510000e+02 -1.033141e+02 2.025297e-01
3.510000e+02 -1.032865e+02 1.982687e-01
3.510000e+02 -1.036074e+02 2.003453e-01
3.510000e+02 -1.030727e+02 2.010013e-01
3.510000e+02 -1.034899e+02 2.001294e-01
3.510000e+02 -1.038466e+02 1.986530e-01
3.510000e+02 -1.037344e+02 1.970893e-01
3.510000e+02 -1.035958e+02 2.012913e-01
3.520000e+02 -7.686387e+01 1.544946e-01
3.520000e+02 -7.653021e+01 1.518556e-01
3.520000e+02 -7.649820e+01 1.541750e-01
3.520000e+02 -7.649206e+01 1.531547e-01
3.520000e+02 -7.686749e+01 1.548309e-01
3.520000e+02 -7.705900e+01 1.553943e-01
3.520000e+02 -7.652010e+01 1.525068e-01
3.520000e+02 -7.669085e+01 1.570440e-01
3.520000e+02 -7.677679e+01 1.512444e-01
3.530000e+02 -5.500954e+01 1.142503e-01
3.530000e+02 -5.485055e+01 1.141609e-01
3.530000e+02 -5.503016e+01 1.130016e-01
3.530000e+02 -5.478783e+01 1.138730e-01
3.530000e+02 -5.509015e+01 1.120619e-01
3.530000e+02 -5.470736e+01 1.144076e-01
3.530000e+02 -5.482501e+01 1.129393e-01
3.530000e+02 -5.492194e+01 1.144689e-01
3.530000e+02 -5.485638e+01 1.118366e-01
3.540000e+02 -3.918864e+01 8.216626e-02
3.540000e+02 -3.930503e+01 8.109419e-02
3.540000e+02 -3.914465e+01 8.423008e-02
3.540000e+02 -3.923294e+01 8.378944e-02
3.540000e+02 -3.907708e+01 8.309089e-02
3.540000e+02 -3.927022e+01 8.086881e-02
3.540000e+02 -3.922942e+01 8.420514e-02
3.540000e+02 -3.938603e+01 8.083511e-02
3.540000e+02 -3.929693e+01 8.171388e-02
3.540000e+02 -3.936709e+01 8.332089e-02
3.550000e+02 -2.900469e+01 6.246654e-02
3.550000e+02 -2.906082e+01 6.021021e-02
3.550000e+02 -2.901533e+01 6.014038e-02
3.550000e+02 -2.896911e+01 5.920754e-02
3.550000e+02 -2.903203e+01 6.022155e-02
3.550000e+02 -2.906037e+01 5.980611e-02
3.550000e+02 -2.903087e+01 5.838578e-02
3.550000e+02 -2.908187e+01 5.966525e-02
3.550000e+02 -2.909132e+01 6.005529e-02
3.550000e+02 -2.894099e+01 5.825803e-02
3.560000e+02 -2.266252e+01 4.457864e-02
3.560000e+02 -2.266147e+01 4.561540e-02
3.560000e+02 -2.272342e+01 4.461658e-02
3.560000e+02 -2.269872e+01 4.497642e-02
3.560000e+02 -2.260018e+01 4.718981e-02
3.560000e+02 -2.265681e+01 4.612660e-02
3.560000e+02 -2.265198e+01 4.565660e-02
3.560000e+02 -2.265849e+01 4.710066e-02
3.560000e+02 -2.269255e+01 4.578367e-02
3.560000e+02 -2.262781e+01 4.619776e-02
3.570000e+02 -1.876413e+01 3.747054e-02
3.570000e+02 -1.883444e+01 3.660897e-02
3.570000e+02 -1.890352e+01 3.646607e-02
3.570000e+02 -1.879257e+01 3.721757e-02
3.570000e+02 -1.876357e+01 3.823626e-02
3.570000e+02 -1.882613e+01 3.660671e-02
3.570000e+02 -1.889913e+01 3.614900e-02
3.570000e+02 -1.881959e+01 3.688844e-02
3.570000e+02 -1.883167e+01 3.640680e-02
3.570000e+02 -1.886742e+01 3.645961e-02
3.580000e+02 -1.643201e+01 3.183496e-02
3.580000e+02 -1.645742e+01 3.232193e-02
3.580000e+02 -1.644539e+01 3.197818e-02
3.580000e+02 -1.641308e+01 3.229065e-02
3.580000e+02 -1.642977e+01 3.207500e-02
3.580000e+02 -1.639779e+01 3.238618e-02
3.580000e+02 -1.644861e+01 3.147142e-02
3.580000e+02 -1.646156e+01 3.207779e-02
3.580000e+02 -1.644018e+01 3.216533e-02
3.590000e+02 -1.484304e+01 2.932846e-02
3.590000e+02 -1.478398e+01 2.878587e-02
3.590000e+02 -1.473762e+01 2.893717e-02
3.590000e+02 -1.481677e+01 2.825287e-02
3.590000e+02 -1.481289e+01 2.845574e-02
3.590000e+02 -1.479931e+01 2.922361e-02
3.590000e+02 -1.475346e+01 2.842848e-02
3.590000e+02 -1.481362e+01 2.845943e-02
3.590000e+02 -1.479704e+01 2.904783e-02
3.600000e+02 -1.352135e+01 2.627239e-02
3.600000e+02 -1.346864e+01 2.618603e-02
3.600000e+02 -1.346492e+01 2.618393e-02
3.600000e+02 -1.348190e+01 2.576081e-02
3.600000e+02 -1.353542e+01 2.624819e-02
3.600000e+02 -1.347365e+01 2.621647e-02
3.600000e+02 -1.352961e+01 2.640941e-02
3.600000e+02 -1.351405e+01 2.597033e-02
3.600000e+02 -1.348277e+01 2.612052e-02
3.600000e+02 -1.347128e+01 2.636690e-02
3.650000e+02 -9.459927e+00 1.802258e-02
3.650000e+02 -9.479807e+00 1.842599e-02
3.650000e+02 -9.463499e+00 1.799469e-02
3.650000e+02 -9.489746e+00 1.830366e-02
3.650000e+02 -9.475563e+00 1.879584e-02
3.650000e+02 -9.477463e+00 1.839962e-02
3.650000e+02 -9.468778e+00 1.831010e-02
3.650000e+02 -9.459548e+00 1.860939e-02
3.650000e+02 -9.462409e+00 1.831852e-02
3.650000e+02 -9.464600e+00 1.807801e-02
3.700000e+02 -7.306654e+00 1.418910e-02
3.700000e+02 -7.271933e+00 1.385285e-02
3.700000e+02 -7.294458e+00 1.439887e-02
3.700000e+02 -7.306730e+00 1.424229e-02
3.700000e+02 -7.261670e+00 1.409267e-02
3.700000e+02 -7.290052e+00 1.419150e-02
3.700000e+02 -7.285560e+00 1.471617e-02
3.700000e+02 -7.274553e+00 1.386330e-02
3.700000e+02 -7.279113e+00 1.408844e-02
3.700000e+02 -7.307533e+00 1.430643e-02
3.750000e+02 -5.913799e+00 1.162613e-02
3.750000e+02 -5.905820e+00 1.122598e-02
3.750000e+02 -5.896057e+00 1.132213e-02
3.750000e+02 -5.891179e+00 1.160177e-02
3.750000e+02 -5.902272e+00 1.161268e-02
3.750000e+02 -5.902527e+00 1.096861e-02
3.750000e+02 -5.902241e+00 1.152721e-02
3.750000e+02 -5.899524e+00 1.150626e-02
3.800000e+02 -4.935519e+00 9.525604e-03
3.800000e+02 -4.937680e+00 9.593315e-03
3.800000e+02 -4.917551e+00 9.294694e-03
3.800000e+02 -4.937272e+00 9.471897e-03
3.800000e+02 -4.944978e+00 9.966299e-03
3.800000e+02 -4.931716e+00 9.772512e-03
3.800000e+02 -4.941823e+00 9.494325e-03
3.800000e+02 -4.931281e+00 9.749709e-03
3.800000e+02 -4.920744e+00 9.692353e-03
3.850000e+02 -4.218328e+00 8.104585e-03
3.850000e+02 -4.219280e+00 8.405756e-03
3.850000e+02 -4.212420e+00 8.191171e-03
3.850000e+02 -4.229417e+00 8.164900e-03
3.850000e+02 -4.212204e+00 8.278059e-03
3.850000e+02 -4.223308e+00 8.189920e-03
3.850000e+02 -4.209050e+00 8.127556e-03
3.850000e+02 -4.232708e+00 8.121471e-03
3.850000e+02 -4.228752e+00 8.127782e-03
3.850000e+02 -4.219917e+00 8.395567e-03
