3.250000e+02 6.115275e-04 1.388790e-06
3.250000e+02 6.100088e-04 1.411463e-06
3.250000e+02 6.102185e-04 1.419595e-06
3.250000e+02 6.098835e-04 1.381868e-06
3.250000e+02 6.092049e-04 1.372540e-06
3.250000e+02 6.112144e-04 1.383307e-06
3.250000e+02 6.105136e-04 1.388722e-06
3.250000e+02 6.080259e-04 1.380511e-06
3.250000e+02 6.109719e-04 1.394186e-06
3.250000e+02 6.080740e-04 1.364693e-06
3.260000e+02 1.108545e-03 2.527062e-06
3.260000e+02 1.110251e-03 2.505552e-06
3.260000e+02 1.107193e-03 2.490558e-06
3.260000e+02 1.106809e-03 2.527237e-06
3.260000e+02 1.107056e-03 2.518795e-06
3.260000e+02 1.102187e-03 2.526980e-06
3.260000e+02 1.105912e-03 2.497083e-06
3.260000e+02 1.104224e-03 2.519556e-06
3.260000e+02 1.107630e-03 2.519662e-06
3.260000e+02 1.108408e-03 2.518518e-06
3.270000e+02 1.932613e-03 4.439139e-06
3.270000e+02 1.929485e-03 4.432898e-06
3.270000e+02 1.928035e-03 4.397978e-06
3.270000e+02 1.926469e-03 4.351033e-06
3.270000e+02 1.936050e-03 4.422977e-06
3.270000e+02 1.922618e-03 4.395717e-06
3.270000e+02 1.923140e-03 4.376202e-06
3.270000e+02 1.927897e-03 4.329185e-06
3.270000e+02 1.924731e-03 4.412581e-06
3.270000e+02 1.924693e-03 4.459509e-06
3.280000e+02 3.252253e-03 7.490265e-06
3.280000e+02 3.261362e-03 7.359853e-06
3.280000e+02 3.250784e-03 7.438276e-06
3.280000e+02 3.257234e-03 7.459555e-06
3.280000e+02 3.274169e-03 7.435167e-06
3.280000e+02 3.249153e-03 7.407893e-06
3.280000e+02 3.250766e-03 7.480316e-06
3.280000e+02 3.259073e-03 7.520124e-06
3.280000e+02 3.259855e-03 7.438362e-06
3.280000e+02 3.265032e-03 7.471763e-06
3.290000e+02 5.394822e-03 1.263255e-05
3.290000e+02 5.376767e-03 1.221396e-05
3.290000e+02 5.387253e-03 1.233099e-05
3.290000e+02 5.380972e-03 1.256811e-05
3.290000e+02 5.380256e-03 1.232791e-05
3.290000e+02 5.378561e-03 1.226254e-05
3.290000e+02 5.388069e-03 1.231152e-05
3.290000e+02 5.375380e-03 1.218012e-05
3.290000e+02 5.397945e-03 1.251097e-05
3.290000e+02 5.379429e-03 1.253483e-05
3.300000e+02 8.801508e-03 2.002436e-05
3.300000e+02 8.745905e-03 2.031008e-05
3.300000e+02 8.737739e-03 2.013154e-05
3.300000e+02 8.749966e-03 1.992296e-05
3.300000e+02 8.735421e-03 2.005114e-05
3.300000e+02 8.746152e-03 2.013419e-05
3.300000e+02 8.771389e-03 2.020570e-05
3.300000e+02 8.758644e-03 2.015551e-05
3.300000e+02 8.779130e-03 2.009846e-05
3.300000e+02 8.773429e-03 1.996829e-05
3.310000e+02 1.407961e-02 3.239023e-05
3.310000e+02 1.409941e-02 3.288011e-05
3.310000e+02 1.408694e-02 3.248912e-05
3.310000e+02 1.406999e-02 3.262019e-05
3.310000e+02 1.400454e-02 3.217310e-05
3.310000e+02 1.407517e-02 3.266974e-05
3.310000e+02 1.404504e-02 3.227181e-05
3.310000e+02 1.408430e-02 3.264975e-05
3.310000e+02 1.405208e-02 3.242354e-05
3.310000e+02 1.406396e-02 3.315656e-05
3.320000e+02 2.240792e-02 5.254857e-05
3.320000e+02 2.244448e-02 5.231650e-05
3.320000e+02 2.244290e-02 5.241010e-05
3.320000e+02 2.237326e-02 5.260528e-05
3.320000e+02 2.249316e-02 5.235434e-05
3.320000e+02 2.254825e-02 5.199556e-05
3.320000e+02 2.245225e-02 5.180071e-05
3.320000e+02 2.249730e-02 5.249223e-05
3.320000e+02 2.239701e-02 5.167071e-05
3.320000e+02 2.252391e-02 5.220495e-05
3.330000e+02 3.575886e-02 8.309396e-05
3.330000e+02 3.577890e-02 8.473321e-05
3.330000e+02 3.585329e-02 8.309427e-05
3.330000e+02 3.579943e-02 8.292527e-05
3.330000e+02 3.586400e-02 8.379999e-05
3.330000e+02 3.582759e-02 8.346878e-05
3.330000e+02 3.575289e-02 8.248797e-05
3.330000e+02 3.584637e-02 8.434137e-05
3.330000e+02 3.576533e-02 8.403095e-05
3.330000e+02 3.595784e-02 8.474404e-05
3.340000e+02 5.702531e-02 1.338243e-04
3.340000e+02 5.698969e-02 1.342961e-04
3.340000e+02 5.717225e-02 1.333294e-04
3.340000e+02 5.712072e-02 1.343791e-04
3.340000e+02 5.708502e-02 1.360464e-04
3.340000e+02 5.716084e-02 1.352799e-04
3.340000e+02 5.716307e-02 1.360528e-04
3.340000e+02 5.724608e-02 1.369990e-04
3.340000e+02 5.693352e-02 1.333163e-04
3.350000e+02 9.132701e-02 2.171399e-04
3.350000e+02 9.177445e-02 2.149574e-04
3.350000e+02 9.194087e-02 2.144972e-04
3.350000e+02 9.182711e-02 2.165040e-04
3.350000e+02 9.179301e-02 2.183199e-04
3.350000e+02 9.197142e-02 2.195233e-04
3.350000e+02 9.187414e-02 2.140349e-04
3.350000e+02 9.194420e-02 2.167286e-04
3.350000e+02 9.193296e-02 2.188138e-04
3.350000e+02 9.166390e-02 2.185996e-04
3.360000e+02 1.496165e-01 3.589389e-04
3.360000e+02 1.503127e-01 3.599709e-04
3.360000e+02 1.498692e-01 3.600893e-04
3.360000e+02 1.500086e-01 3.608512e-04
3.360000e+02 1.500092e-01 3.571157e-04
3.360000e+02 1.497056e-01 3.608834e-04
3.360000e+02 1.500392e-01 3.616357e-04
3.360000e+02 1.505573e-01 3.571016e-04
3.360000e+02 1.492853e-01 3.534181e-04
3.360000e+02 1.503087e-01 3.552271e-04
3.370000e+02 2.498706e-01 6.088124e-04
3.370000e+02 2.495386e-01 6.059609e-04
3.370000e+02 2.506960e-01 6.141065e-04
3.370000e+02 2.502386e-01 5.970202e-04
3.370000e+02 2.498251e-01 6.082206e-04
3.370000e+02 2.503936e-01 6.087498e-04
3.370000e+02 2.496142e-01 6.077367e-04
3.370000e+02 2.504101e-01 6.049604e-04
3.370000e+02 2.501094e-01 6.077242e-04
3.370000e+02 2.504599e-01 6.047701e-04
3.380000e+02 4.317173e-01 1.067194e-03
3.380000e+02 4.310556e-01 1.065501e-03
3.380000e+02 4.296365e-01 1.058524e-03
3.380000e+02 4.298344e-01 1.054455e-03
3.380000e+02 4.307736e-01 1.058142e-03
3.380000e+02 4.306738e-01 1.046397e-03
3.380000e+02 4.318859e-01 1.057034e-03
3.380000e+02 4.311429e-01 1.067003e-03
3.390000e+02 7.772160e-01 1.894190e-03
3.390000e+02 7.736808e-01 1.874072e-03
3.390000e+02 7.768933e-01 1.894389e-03
3.390000e+02 7.766242e-01 1.929190e-03
3.390000e+02 7.776173e-01 1.938677e-03
3.390000e+02 7.766757e-01 1.917316e-03
3.390000e+02 7.735391e-01 1.930697e-03
3.400000e+02 1.483484e+00 3.854605e-03
3.400000e+02 1.497124e+00 3.778599e-03
3.400000e+02 1.492816e+00 3.789779e-03
3.400000e+02 1.493879e+00 3.826219e-03
3.400000e+02 1.490657e+00 3.760463e-03
3.400000e+02 1.492960e+00 3.664554e-03
3.400000e+02 1.493527e+00 3.735452e-03
3.400000e+02 1.491162e+00 3.796589e-03
3.400000e+02 1.490700e+00 3.758208e-03
3.400000e+02 1.487929e+00 3.786115e-03
3.402000e+02 1.723581e+00 4.312952e-03
3.402000e+02 1.717538e+00 4.367511e-03
3.402000e+02 1.724344e+00 4.267291e-03
3.402000e+02 1.720935e+00 4.398701e-03
3.402000e+02 1.724820e+00 4.234842e-03
3.402000e+02 1.724580e+00 4.406623e-03
3.402000e+02 1.723580e+00 4.268493e-03
3.402000e+02 1.725768e+00 4.373229e-03
3.402000e+02 1.725394e+00 4.361451e-03
3.404000e+02 1.987230e+00 5.058783e-03
3.404000e+02 1.991620e+00 5.109286e-03
3.404000e+02 1.987349e+00 4.979970e-03
3.404000e+02 1.988010e+00 4.934774e-03
3.404000e+02 1.978363e+00 5.055038e-03
3.404000e+02 1.979795e+00 5.055890e-03
3.404000e+02 1.981112e+00 4.914739e-03
3.404000e+02 1.984481e+00 5.077192e-03
3.404000e+02 1.988169e+00 5.099905e-03
3.404000e+02 1.991329e+00 5.043266e-03
3.406000e+02 2.304984e+00 5.793895e-03
3.406000e+02 2.310160e+00 5.903524e-03
3.406000e+02 2.301883e+00 5.843355e-03
3.406000e+02 2.301358e+00 5.844755e-03
3.406000e+02 2.304098e+00 5.875967e-03
3.406000e+02 2.295810e+00 5.894556e-03
3.406000e+02 2.296927e+00 5.732534e-03
3.406000e+02 2.306005e+00 5.878835e-03
3.406000e+02 2.302073e+00 5.816010e-03
3.408000e+02 2.684511e+00 6.877427e-03
3.408000e+02 2.690627e+00 6.689700e-03
3.408000e+02 2.673910e+00 6.822546e-03
3.408000e+02 2.678509e+00 6.961511e-03
3.408000e+02 2.681837e+00 6.825788e-03
3.408000e+02 2.685642e+00 6.803187e-03
3.408000e+02 2.688839e+00 6.827029e-03
3.408000e+02 2.681274e+00 6.837690e-03
3.408000e+02 2.689347e+00 6.878487e-03
3.410000e+02 3.131098e+00 8.038225e-03
3.410000e+02 3.134175e+00 8.089500e-03
3.410000e+02 3.143087e+00 8.014519e-03
3.410000e+02 3.155060e+00 8.175674e-03
3.410000e+02 3.148092e+00 8.024381e-03
3.410000e+02 3.140238e+00 8.053289e-03
3.410000e+02 3.135921e+00 7.885287e-03
3.410000e+02 3.141333e+00 8.046825e-03
3.410000e+02 3.142519e+00 7.848343e-03
3.412000e+02 3.677864e+00 9.504823e-03
3.412000e+02 3.683658e+00 9.520218e-03
3.412000e+02 3.682067e+00 9.359271e-03
3.412000e+02 3.678866e+00 9.237729e-03
3.412000e+02 3.687493e+00 9.600071e-03
3.412000e+02 3.695234e+00 9.576930e-03
3.412000e+02 3.691378e+00 9.413225e-03
3.412000e+02 3.666836e+00 9.394861e-03
3.412000e+02 3.687196e+00 9.440855e-03
3.412000e+02 3.681115e+00 9.301180e-03
3.414000e+02 4.357410e+00 1.110478e-02
3.414000e+02 4.345296e+00 1.152154e-02
3.414000e+02 4.320970e+00 1.112364e-02
3.414000e+02 4.347161e+00 1.126736e-02
3.414000e+02 4.354339e+00 1.122388e-02
3.414000e+02 4.371027e+00 1.118915e-02
3.414000e+02 4.368841e+00 1.135450e-02
3.414000e+02 4.347937e+00 1.130592e-02
3.414000e+02 4.361249e+00 1.135373e-02
3.414000e+02 4.338141e+00 1.102318e-02
3.416000e+02 5.121631e+00 1.300742e-02
3.416000e+02 5.136816e+00 1.325530e-02
3.416000e+02 5.148861e+00 1.307489e-02
3.416000e+02 5.167134e+00 1.339607e-02
3.416000e+02 5.145428e+00 1.326634e-02
3.416000e+02 5.156293e+00 1.313378e-02
3.416000e+02 5.157231e+00 1.344840e-02
3.416000e+02 5.149294e+00 1.338795e-02
3.416000e+02 5.152569e+00 1.286828e-02
3.416000e+02 5.141888e+00 1.312546e-02
3.418000e+02 6.150080e+00 1.578892e-02
3.418000e+02 6.157912e+00 1.588165e-02
3.418000e+02 6.105976e+00 1.565847e-02
3.418000e+02 6.151223e+00 1.556387e-02
3.418000e+02 6.148380e+00 1.591090e-02
3.418000e+02 6.155246e+00 1.624358e-02
3.418000e+02 6.140378e+00 1.582273e-02
3.418000e+02 6.109435e+00 1.566421e-02
3.418000e+02 6.145852e+00 1.573854e-02
3.420000e+02 7.316922e+00 1.871140e-02
3.420000e+02 7.316872e+00 1.900021e-02
3.420000e+02 7.330046e+00 1.899768e-02
3.420000e+02 7.317484e+00 1.905593e-02
3.420000e+02 7.292093e+00 1.877797e-02
3.420000e+02 7.317572e+00 1.869388e-02
3.420000e+02 7.327989e+00 1.905976e-02
3.420000e+02 7.315678e+00 1.922286e-02
3.420000e+02 7.323263e+00 1.867829e-02
3.420000e+02 7.382511e+00 1.873407e-02
3.422000e+02 8.762849e+00 2.234035e-02
3.422000e+02 8.796895e+00 2.272102e-02
3.422000e+02 8.782658e+00 2.339097e-02
3.422000e+02 8.710046e+00 2.293893e-02
3.422000e+02 8.767719e+00 2.251843e-02
3.422000e+02 8.746338e+00 2.226292e-02
3.422000e+02 8.792678e+00 2.248755e-02
3.422000e+02 8.722402e+00 2.294918e-02
3.422000e+02 8.770552e+00 2.392721e-02
3.422000e+02 8.742573e+00 2.273442e-02
3.424000e+02 1.055881e+01 2.751514e-02
3.424000e+02 1.051871e+01 2.792041e-02
3.424000e+02 1.051024e+01 2.740550e-02
3.424000e+02 1.055596e+01 2.736127e-02
3.424000e+02 1.051403e+01 2.738754e-02
3.424000e+02 1.053157e+01 2.751115e-02
3.424000e+02 1.058604e+01 2.774299e-02
3.424000e+02 1.052138e+01 2.698525e-02
3.424000e+02 1.054810e+01 2.756372e-02
3.424000e+02 1.051003e+01 2.774438e-02
3.426000e+02 1.265839e+01 3.378039e-02
3.426000e+02 1.265039e+01 3.275171e-02
3.426000e+02 1.266980e+01 3.341173e-02
3.426000e+02 1.267807e+01 3.330092e-02
3.426000e+02 1.267974e+01 3.316739e-02
3.426000e+02 1.267490e+01 3.210454e-02
3.426000e+02 1.266350e+01 3.406158e-02
3.426000e+02 1.266032e+01 3.363790e-02
3.426000e+02 1.265232e+01 3.295140e-02
3.426000e+02 1.264763e+01 3.297804e-02
3.428000e+02 1.517387e+01 3.916870e-02
3.428000e+02 1.517832e+01 3.936316e-02
3.428000e+02 1.512897e+01 4.006011e-02
3.428000e+02 1.515728e+01 3.982406e-02
3.428000e+02 1.512607e+01 4.049039e-02
3.428000e+02 1.513107e+01 4.026596e-02
3.428000e+02 1.509622e+01 3.985023e-02
3.428000e+02 1.516847e+01 3.977733e-02
3.428000e+02 1.519911e+01 3.964820e-02
3.428000e+02 1.516382e+01 3.969783e-02
3.430000e+02 1.810660e+01 4.677079e-02
3.430000e+02 1.808091e+01 4.804217e-02
3.430000e+02 1.809615e+01 4.813120e-02
3.430000e+02 1.809941e+01 4.820270e-02
3.430000e+02 1.803929e+01 4.685382e-02
3.430000e+02 1.814408e+01 4.841986e-02
3.430000e+02 1.813368e+01 4.803625e-02
3.430000e+02 1.812715e+01 4.741386e-02
3.430000e+02 1.811369e+01 4.738793e-02
3.432000e+02 2.143279e+01 5.741001e-02
3.432000e+02 2.141432e+01 5.760171e-02
3.432000e+02 2.141702e+01 5.729034e-02
3.432000e+02 2.144786e+01 5.948795e-02
3.432000e+02 2.141455e+01 5.685480e-02
3.432000e+02 2.155466e+01 5.774128e-02
3.432000e+02 2.154030e+01 5.606453e-02
3.432000e+02 2.145409e+01 5.640475e-02
3.432000e+02 2.157421e+01 5.747276e-02
3.432000e+02 2.154096e+01 5.633294e-02
3.434000e+02 2.526044e+01 6.648894e-02
3.434000e+02 2.536413e+01 6.871603e-02
3.434000e+02 2.528388e+01 6.766474e-02
3.434000e+02 2.519225e+01 6.713539e-02
3.434000e+02 2.526338e+01 6.585313e-02
3.434000e+02 2.528688e+01 6.697689e-02
3.434000e+02 2.526664e+01 6.696741e-02
3.434000e+02 2.516215e+01 6.413349e-02
3.434000e+02 2.519401e+01 6.725991e-02
3.436000e+02 2.938081e+01 7.729765e-02
3.436000e+02 2.926924e+01 7.655175e-02
3.436000e+02 2.939787e+01 7.859111e-02
3.436000e+02 2.933472e+01 8.097311e-02
3.436000e+02 2.928382e+01 7.715229e-02
3.436000e+02 2.921044e+01 7.821152e-02
3.436000e+02 2.929516e+01 7.591622e-02
3.436000e+02 2.934199e+01 7.762972e-02
3.436000e+02 2.935380e+01 7.625309e-02
3.438000e+02 3.306062e+01 9.193000e-02
3.438000e+02 3.302510e+01 8.738100e-02
3.438000e+02 3.305619e+01 8.625560e-02
3.438000e+02 3.300852e+01 8.960136e-02
3.438000e+02 3.300350e+01 8.667045e-02
3.438000e+02 3.301020e+01 8.691529e-02
3.438000e+02 3.300638e+01 8.742735e-02
3.438000e+02 3.307436e+01 9.050732e-02
3.438000e+02 3.324237e+01 8.724807e-02
3.438000e+02 3.307887e+01 8.901926e-02
3.440000e+02 3.638177e+01 9.607421e-02
3.440000e+02 3.639184e+01 9.881478e-02
3.440000e+02 3.636046e+01 9.904877e-02
3.440000e+02 3.635412e+01 9.477881e-02
3.440000e+02 3.629185e+01 9.533013e-02
3.440000e+02 3.632224e+01 9.644096e-02
3.440000e+02 3.635577e+01 9.729264e-02
3.440000e+02 3.625343e+01 9.910268e-02
3.440000e+02 3.622710e+01 9.647938e-02
3.440000e+02 3.627335e+01 9.457546e-02
3.442000e+02 3.888042e+01 1.025429e-01
3.442000e+02 3.874926e+01 1.060324e-01
3.442000e+02 3.866343e+01 1.044515e-01
3.442000e+02 3.876883e+01 9.986745e-02
3.442000e+02 3.861200e+01 1.068780e-01
3.442000e+02 3.882986e+01 1.041584e-01
3.442000e+02 3.884365e+01 1.033380e-01
3.442000e+02 3.897015e+01 1.027465e-01
3.442000e+02 3.866390e+01 1.010832e-01
3.442000e+02 3.885333e+01 1.003908e-01
3.444000e+02 4.042988e+01 1.115852e-01
3.444000e+02 4.001163e+01 1.062688e-01
3.444000e+02 4.038788e+01 1.101215e-01
3.444000e+02 4.005285e+01 1.119582e-01
3.444000e+02 4.022738e+01 1.083300e-01
3.444000e+02 4.041048e+01 1.062147e-01
3.444000e+02 4.025720e+01 1.084088e-01
3.444000e+02 4.001352e+01 1.148397e-01
3.444000e+02 4.003199e+01 1.082427e-01
3.444000e+02 4.046755e+01 1.073603e-01
3.446000e+02 4.107023e+01 1.109684e-01
3.446000e+02 4.107389e+01 1.087316e-01
3.446000e+02 4.107422e+01 1.061639e-01
3.446000e+02 4.114424e+01 1.096088e-01
3.446000e+02 4.104630e+01 1.116233e-01
3.446000e+02 4.105192e+01 1.063112e-01
3.446000e+02 4.121291e+01 1.131564e-01
3.446000e+02 4.114593e+01 1.059766e-01
3.446000e+02 4.084388e+01 1.112195e-01
3.448000e+02 4.160490e+01 1.147066e-01
3.448000e+02 4.162325e+01 1.112724e-01
3.448000e+02 4.162142e+01 1.124689e-01
3.448000e+02 4.163072e+01 1.102029e-01
3.448000e+02 4.157773e+01 1.158998e-01
3.448000e+02 4.156836e+01 1.124541e-01
3.448000e+02 4.139837e+01 1.127075e-01
3.448000e+02 4.138956e+01 1.109634e-01
3.448000e+02 4.126858e+01 1.135828e-01
3.448000e+02 4.155421e+01 1.082996e-01
3.450000e+02 4.171570e+01 1.127889e-01
3.450000e+02 4.170616e+01 1.155341e-01
3.450000e+02 4.174554e+01 1.106142e-01
3.450000e+02 4.184050e+01 1.147682e-01
3.450000e+02 4.181307e+01 1.148469e-01
3.450000e+02 4.167243e+01 1.081702e-01
3.450000e+02 4.171912e+01 1.128963e-01
3.450000e+02 4.159023e+01 1.131455e-01
3.450000e+02 4.177883e+01 1.114986e-01
3.450000e+02 4.178670e+01 1.077784e-01
3.452000e+02 4.209691e+01 1.132904e-01
3.452000e+02 4.213135e+01 1.141997e-01
3.452000e+02 4.215052e+01 1.181915e-01
3.452000e+02 4.234539e+01 1.167005e-01
3.452000e+02 4.224210e+01 1.129752e-01
3.452000e+02 4.226398e+01 1.105483e-01
3.452000e+02 4.239067e+01 1.130047e-01
3.452000e+02 4.234798e+01 1.146787e-01
3.452000e+02 4.225034e+01 1.141176e-01
3.452000e+02 4.220439e+01 1.149756e-01
3.454000e+02 4.283442e+01 1.189517e-01
3.454000e+02 4.259915e+01 1.155416e-01
3.454000e+02 4.278462e+01 1.126147e-01
3.454000e+02 4.264910e+01 1.139366e-01
3.454000e+02 4.274298e+01 1.190608e-01
3.454000e+02 4.263493e+01 1.147076e-01
3.454000e+02 4.263833e+01 1.150405e-01
3.454000e+02 4.276486e+01 1.136903e-01
3.454000e+02 4.268007e+01 1.186784e-01
3.454000e+02 4.256426e+01 1.127180e-01
3.456000e+02 4.334921e+01 1.151775e-01
3.456000e+02 4.353306e+01 1.153992e-01
3.456000e+02 4.332234e+01 1.150451e-01
3.456000e+02 4.340822e+01 1.165321e-01
3.456000e+02 4.355261e+01 1.202288e-01
3.456000e+02 4.346808e+01 1.174748e-01
3.456000e+02 4.343939e+01 1.188045e-01
3.456000e+02 4.325066e+01 1.193322e-01
3.456000e+02 4.349776e+01 1.182749e-01
3.456000e+02 4.320004e+01 1.193736e-01
3.458000e+02 4.409383e+01 1.202792e-01
3.458000e+02 4.410310e+01 1.190181e-01
3.458000e+02 4.417475e+01 1.181038e-01
3.458000e+02 4.413491e+01 1.203344e-01
3.458000e+02 4.381314e+01 1.197526e-01
3.458000e+02 4.410600e+01 1.231554e-01
3.458000e+02 4.393882e+01 1.225112e-01
3.458000e+02 4.388890e+01 1.209254e-01
3.458000e+02 4.406199e+01 1.199919e-01
3.460000e+02 4.480843e+01 1.254430e-01
3.460000e+02 4.483086e+01 1.236311e-01
3.460000e+02 4.475833e+01 1.196988e-01
3.460000e+02 4.497533e+01 1.223962e-01
3.460000e+02 4.489274e+01 1.184994e-01
3.460000e+02 4.490832e+01 1.248486e-01
3.460000e+02 4.477496e+01 1.210538e-01
3.460000e+02 4.497459e+01 1.219134e-01
3.460000e+02 4.494624e+01 1.240067e-01
3.462000e+02 4.550289e+01 1.269675e-01
3.462000e+02 4.562819e+01 1.244824e-01
3.462000e+02 4.552296e+01 1.234693e-01
3.462000e+02 4.558107e+01 1.267237e-01
3.462000e+02 4.579556e+01 1.244301e-01
3.462000e+02 4.562732e+01 1.270533e-01
3.462000e+02 4.573318e+01 1.269094e-01
3.462000e+02 4.571371e+01 1.194115e-01
3.462000e+02 4.566343e+01 1.234259e-01
3.462000e+02 4.557638e+01 1.311948e-01
3.464000e+02 4.597199e+01 1.179511e-01
3.464000e+02 4.593628e+01 1.236544e-01
3.464000e+02 4.602673e+01 1.211611e-01
3.464000e+02 4.596281e+01 1.223824e-01
3.464000e+02 4.608968e+01 1.224071e-01
3.464000e+02 4.589115e+01 1.215308e-01
3.464000e+02 4.627532e+01 1.229806e-01
3.464000e+02 4.610772e+01 1.247241e-01
3.464000e+02 4.597603e+01 1.221349e-01
3.464000e+02 4.602211e+01 1.200411e-01
3.466000e+02 4.666681e+01 1.260317e-01
3.466000e+02 4.660349e+01 1.250472e-01
3.466000e+02 4.652528e+01 1.226290e-01
3.466000e+02 4.656729e+01 1.227184e-01
3.466000e+02 4.661432e+01 1.214847e-01
3.466000e+02 4.668257e+01 1.203960e-01
3.466000e+02 4.662617e+01 1.255598e-01
3.466000e+02 4.659490e+01 1.208303e-01
3.466000e+02 4.661425e+01 1.225840e-01
3.466000e+02 4.663428e+01 1.241428e-01
3.468000e+02 4.714609e+01 1.233716e-01
3.468000e+02 4.708792e+01 1.322588e-01
3.468000e+02 4.711470e+01 1.235068e-01
3.468000e+02 4.726791e+01 1.230133e-01
3.468000e+02 4.709277e+01 1.262235e-01
3.468000e+02 4.675349e+01 1.231222e-01
3.468000e+02 4.727414e+01 1.227376e-01
3.468000e+02 4.713735e+01 1.245045e-01
3.468000e+02 4.696093e+01 1.247038e-01
3.468000e+02 4.694966e+01 1.251050e-01
3.470000e+02 4.754346e+01 1.242457e-01
3.470000e+02 4.750651e+01 1.252539e-01
3.470000e+02 4.760272e+01 1.266089e-01
3.470000e+02 4.746703e+01 1.265959e-01
3.470000e+02 4.760185e+01 1.317300e-01
3.470000e+02 4.756010e+01 1.285572e-01
3.470000e+02 4.744058e+01 1.273807e-01
3.470000e+02 4.744916e+01 1.315219e-01
3.470000e+02 4.764459e+01 1.260991e-01
3.472000e+02 4.770984e+01 1.305328e-01
3.472000e+02 4.794978e+01 1.289586e-01
3.472000e+02 4.769171e+01 1.231549e-01
3.472000e+02 4.779254e+01 1.243723e-01
3.472000e+02 4.783505e+01 1.242827e-01
3.472000e+02 4.794567e+01 1.259666e-01
3.472000e+02 4.775240e+01 1.299575e-01
3.472000e+02 4.784994e+01 1.314509e-01
3.474000e+02 4.796613e+01 1.286275e-01
3.474000e+02 4.805749e+01 1.266502e-01
3.474000e+02 4.780068e+01 1.300667e-01
3.474000e+02 4.795391e+01 1.258539e-01
3.474000e+02 4.782131e+01 1.286456e-01
3.474000e+02 4.791793e+01 1.318374e-01
3.474000e+02 4.799534e+01 1.291551e-01
3.474000e+02 4.796732e+01 1.267855e-01
3.474000e+02 4.776910e+01 1.291223e-01
3.476000e+02 4.772165e+01 1.275518e-01
3.476000e+02 4.778995e+01 1.329132e-01
3.476000e+02 4.814028e+01 1.283976e-01
3.476000e+02 4.781769e+01 1.314839e-01
3.476000e+02 4.775345e+01 1.271600e-01
3.476000e+02 4.810585e+01 1.319143e-01
3.476000e+02 4.794951e+01 1.292056e-01
3.476000e+02 4.816107e+01 1.354499e-01
3.476000e+02 4.805824e+01 1.289583e-01
3.476000e+02 4.791649e+01 1.319086e-01
3.478000e+02 4.795556e+01 1.326924e-01
3.478000e+02 4.789119e+01 1.274912e-01
3.478000e+02 4.784979e+01 1.275451e-01
3.478000e+02 4.797165e+01 1.294256e-01
3.478000e+02 4.785271e+01 1.308090e-01
3.478000e+02 4.793735e+01 1.308595e-01
3.478000e+02 4.803325e+01 1.313455e-01
3.480000e+02 4.790477e+01 1.288072e-01
3.480000e+02 4.764250e+01 1.259427e-01
3.480000e+02 4.760887e+01 1.339696e-01
3.480000e+02 4.755573e+01 1.232604e-01
3.480000e+02 4.786530e+01 1.326013e-01
3.480000e+02 4.779011e+01 1.291858e-01
3.480000e+02 4.745745e+01 1.315730e-01
3.480000e+02 4.774495e+01 1.318821e-01
3.480000e+02 4.773210e+01 1.323849e-01
3.480000e+02 4.744472e+01 1.307776e-01
3.482000e+02 4.749914e+01 1.313581e-01
3.482000e+02 4.737148e+01 1.340701e-01
3.482000e+02 4.730191e+01 1.295932e-01
3.482000e+02 4.750080e+01 1.329612e-01
3.482000e+02 4.687785e+01 1.317243e-01
3.482000e+02 4.742140e+01 1.308271e-01
3.482000e+02 4.753252e+01 1.338203e-01
3.482000e+02 4.735948e+01 1.321390e-01
3.482000e+02 4.718470e+01 1.363925e-01
3.482000e+02 4.712312e+01 1.246115e-01
3.484000e+02 4.681273e+01 1.290601e-01
3.484000e+02 4.691854e+01 1.308710e-01
3.484000e+02 4.683231e+01 1.318298e-01
3.484000e+02 4.668862e+01 1.306072e-01
3.484000e+02 4.693383e+01 1.306425e-01
3.484000e+02 4.678534e+01 1.275114e-01
3.484000e+02 4.705602e+01 1.296314e-01
3.484000e+02 4.717306e+01 1.272012e-01
3.484000e+02 4.694259e+01 1.328279e-01
3.484000e+02 4.677497e+01 1.288888e-01
3.486000e+02 4.634078e+01 1.253580e-01
3.486000e+02 4.616514e+01 1.318481e-01
3.486000e+02 4.644387e+01 1.297725e-01
3.486000e+02 4.659355e+01 1.274312e-01
3.486000e+02 4.637724e+01 1.255992e-01
3.486000e+02 4.634571e+01 1.268389e-01
3.486000e+02 4.645604e+01 1.303524e-01
3.486000e+02 4.645878e+01 1.362383e-01
3.486000e+02 4.622382e+01 1.278578e-01
3.488000e+02 4.582131e+01 1.305070e-01
3.488000e+02 4.559052e+01 1.299990e-01
3.488000e+02 4.602670e+01 1.280692e-01
3.488000e+02 4.562784e+01 1.254615e-01
3.488000e+02 4.581558e+01 1.254494e-01
3.488000e+02 4.560621e+01 1.249873e-01
3.488000e+02 4.561323e+01 1.277701e-01
3.488000e+02 4.558485e+01 1.289478e-01
3.488000e+02 4.603990e+01 1.320242e-01
3.488000e+02 4.598073e+01 1.301328e-01
3.490000e+02 4.502972e+01 1.273040e-01
3.490000e+02 4.534303e+01 1.312536e-01
3.490000e+02 4.496917e+01 1.311869e-01
3.490000e+02 4.516500e+01 1.298838e-01
3.490000e+02 4.509714e+01 1.290143e-01
3.490000e+02 4.508754e+01 1.284328e-01
3.490000e+02 4.488641e+01 1.272575e-01
3.490000e+02 4.508526e+01 1.257412e-01
3.490000e+02 4.533635e+01 1.291013e-01
3.492000e+02 4.438900e+01 1.266143e-01
3.492000e+02 4.430012e+01 1.278362e-01
3.492000e+02 4.426321e+01 1.227463e-01
3.492000e+02 4.449784e+01 1.307780e-01
3.492000e+02 4.447115e+01 1.201182e-01
3.492000e+02 4.452294e+01 1.285676e-01
3.492000e+02 4.412870e+01 1.226575e-01
3.492000e+02 4.433169e+01 1.221789e-01
3.492000e+02 4.412630e+01 1.267309e-01
3.492000e+02 4.447568e+01 1.253193e-01
3.494000e+02 4.354107e+01 1.249201e-01
3.494000e+02 4.361109e+01 1.245245e-01
3.494000e+02 4.350404e+01 1.302144e-01
3.494000e+02 4.359025e+01 1.257217e-01
3.494000e+02 4.363417e+01 1.233949e-01
3.494000e+02 4.338842e+01 1.255684e-01
3.494000e+02 4.350000e+01 1.225197e-01
3.494000e+02 4.357082e+01 1.226739e-01
3.494000e+02 4.376087e+01 1.248875e-01
3.494000e+02 4.367042e+01 1.211175e-01
3.496000e+02 4.257617e+01 1.230640e-01
3.496000e+02 4.266297e+01 1.206624e-01
3.496000e+02 4.258002e+01 1.193743e-01
3.496000e+02 4.281040e+01 1.224247e-01
3.496000e+02 4.244846e+01 1.199458e-01
3.496000e+02 4.279140e+01 1.231769e-01
3.496000e+02 4.278668e+01 1.230145e-01
3.496000e+02 4.271085e+01 1.191806e-01
3.496000e+02 4.250700e+01 1.199400e-01
3.496000e+02 4.266802e+01 1.218160e-01
3.498000e+02 4.172881e+01 1.181950e-01
3.498000e+02 4.201059e+01 1.197213e-01
3.498000e+02 4.189715e+01 1.182633e-01
3.498000e+02 4.181668e+01 1.190101e-01
3.498000e+02 4.187368e+01 1.247272e-01
3.498000e+02 4.184617e+01 1.203924e-01
3.498000e+02 4.187242e+01 1.200228e-01
3.498000e+02 4.176967e+01 1.199906e-01
3.498000e+02 4.195780e+01 1.210651e-01
3.500000e+02 4.099168e+01 1.252538e-01
3.500000e+02 4.110882e+01 1.235269e-01
3.500000e+02 4.104427e+01 1.165457e-01
3.500000e+02 4.094296e+01 1.163265e-01
3.500000e+02 4.090207e+01 1.167187e-01
3.500000e+02 4.073715e+01 1.208152e-01
3.500000e+02 4.098257e+01 1.282021e-01
3.500000e+02 4.079834e+01 1.173801e-01
3.500000e+02 4.096543e+01 1.167035e-01
3.500000e+02 4.113030e+01 1.154835e-01
3.510000e+02 3.594244e+01 1.055146e-01
3.510000e+02 3.606158e+01 1.049485e-01
3.510000e+02 3.591173e+01 1.025595e-01
3.510000e+02 3.619747e+01 1.044940e-01
3.510000e+02 3.615056e+01 1.062457e-01
3.510000e+02 3.612590e+01 1.086636e-01
3.510000e+02 3.611912e+01 1.060821e-01
3.510000e+02 3.610968e+01 1.041858e-01
3.510000e+02 3.611726e+01 1.035883e-01
3.510000e+02 3.601413e+01 1.026201e-01
3.520000e+02 3.108503e+01 8.909295e-02
3.520000e+02 3.110549e+01 9.291356e-02
3.520000e+02 3.106609e+01 9.130264e-02
3.520000e+02 3.117541e+01 8.640807e-02
3.520000e+02 3.120595e+01 9.409886e-02
3.520000e+02 3.132382e+01 9.457567e-02
3.520000e+02 3.102895e+01 9.364266e-02
3.520000e+02 3.106608e+01 9.310143e-02
3.520000e+02 3.089815e+01 9.267055e-02
3.520000e+02 3.106029e+01 9.333818e-02
3.530000e+02 2.649140e+01 7.985662e-02
3.530000e+02 2.650020e+01 7.852635e-02
3.530000e+02 2.642494e+01 8.068112e-02
3.530000e+02 2.653803e+01 7.858425e-02
3.530000e+02 2.643878e+01 7.907736e-02
3.530000e+02 2.668643e+01 7.937941e-02
3.530000e+02 2.649488e+01 7.969359e-02
3.530000e+02 2.640033e+01 7.730623e-02
3.530000e+02 2.647509e+01 7.632169e-02
3.530000e+02 2.652861e+01 8.043413e-02
3.540000e+02 2.216200e+01 7.086564e-02
3.540000e+02 2.216941e+01 6.622012e-02
3.540000e+02 2.219646e+01 6.989281e-02
3.540000e+02 2.231367e+01 6.921183e-02
3.540000e+02 2.221578e+01 6.618002e-02
3.540000e+02 2.222354e+01 6.526467e-02
3.540000e+02 2.227910e+01 6.813320e-02
3.540000e+02 2.229421e+01 6.296718e-02
3.540000e+02 2.222085e+01 6.939680e-02
3.540000e+02 2.225964e+01 6.963808e-02
3.550000e+02 1.863650e+01 5.666527e-02
3.550000e+02 1.857619e+01 5.636296e-02
3.550000e+02 1.861985e+01 5.745823e-02
3.550000e+02 1.866477e+01 5.760077e-02
3.550000e+02 1.859653e+01 5.434796e-02
3.550000e+02 1.865013e+01 5.397386e-02
3.550000e+02 1.852835e+01 5.553832e-02
3.550000e+02 1.871864e+01 5.895542e-02
3.550000e+02 1.865986e+01 5.433436e-02
3.560000e+02 1.568252e+01 4.583843e-02
3.560000e+02 1.558757e+01 4.660557e-02
3.560000e+02 1.548469e+01 5.009145e-02
3.560000e+02 1.560677e+01 4.858206e-02
3.560000e+02 1.551730e+01 4.655272e-02
3.560000e+02 1.560357e+01 4.937732e-02
3.560000e+02 1.561109e+01 4.775864e-02
3.560000e+02 1.564490e+01 5.132773e-02
3.560000e+02 1.554176e+01 4.852975e-02
3.560000e+02 1.562587e+01 4.765050e-02
3.570000e+02 1.304327e+01 4.169151e-02
3.570000e+02 1.300037e+01 4.009621e-02
3.570000e+02 1.304208e+01 3.967230e-02
3.570000e+02 1.297946e+01 3.995840e-02
3.570000e+02 1.299739e+01 3.894294e-02
3.570000e+02 1.299122e+01 4.154151e-02
3.570000e+02 1.296528e+01 3.737829e-02
3.570000e+02 1.295497e+01 4.080227e-02
3.570000e+02 1.295467e+01 4.001871e-02
3.570000e+02 1.309190e+01 4.209069e-02
3.580000e+02 1.092038e+01 3.502684e-02
3.580000e+02 1.093094e+01 3.411223e-02
3.580000e+02 1.094526e+01 3.303690e-02
3.580000e+02 1.094770e+01 3.448980e-02
3.580000e+02 1.091763e+01 3.640031e-02
3.580000e+02 1.089139e+01 3.591162e-02
3.580000e+02 1.092890e+01 3.485083e-02
3.580000e+02 1.092305e+01 3.449133e-02
3.580000e+02 1.085883e+01 3.298081e-02
3.590000e+02 9.253698e+00 2.872673e-02
3.590000e+02 9.212470e+00 2.866409e-02
3.590000e+02 9.207997e+00 2.822255e-02
3.590000e+02 9.212459e+00 2.897211e-02
3.590000e+02 9.192567e+00 2.840912e-02
3.590000e+02 9.182505e+00 2.852658e-02
3.590000e+02 9.203075e+00 2.879719e-02
3.590000e+02 9.222170e+00 2.811416e-02
3.590000e+02 9.222262e+00 3.005524e-02
3.590000e+02 9.193405e+00 2.876373e-02
3.600000e+02 7.856730e+00 2.443009e-02
3.600000e+02 7.817603e+00 2.485601e-02
3.600000e+02 7.867661e+00 2.407498e-02
3.600000e+02 7.808917e+00 2.384402e-02
3.600000e+02 7.878075e+00 2.574908e-02
3.600000e+02 7.844506e+00 2.413057e-02
3.600000e+02 7.839640e+00 2.349006e-02
3.600000e+02 7.868874e+00 2.504026e-02
3.600000e+02 7.843962e+00 2.490701e-02
3.600000e+02 7.840708e+00 2.431276e-02
3.650000e+02 4.211222e+00 1.275516e-02
3.650000e+02 4.194364e+00 1.277540e-02
3.650000e+02 4.218902e+00 1.358607e-02
3.650000e+02 4.210795e+00 1.278879e-02
3.650000e+02 4.202305e+00 1.357619e-02
3.650000e+02 4.199800e+00 1.323018e-02
3.650000e+02 4.217039e+00 1.409304e-02
3.650000e+02 4.201246e+00 1.274492e-02
3.650000e+02 4.179367e+00 1.319341e-02
3.650000e+02 4.217249e+00 1.308770e-02
3.700000e+02 2.995910e+00 9.389338e-03
3.700000e+02 3.001918e+00 9.643975e-03
3.700000e+02 2.996508e+00 9.354656e-03
3.700000e+02 2.978900e+00 9.756295e-03
3.700000e+02 2.994485e+00 9.398548e-03
3.700000e+02 2.986753e+00 9.950224e-03
3.700000e+02 3.003061e+00 9.546886e-03
3.700000e+02 2.975818e+00 9.303429e-03
3.700000e+02 2.982901e+00 9.585698e-03
3.700000e+02 2.994589e+00 9.706131e-03
3.750000e+02 2.372084e+00 7.620266e-03
3.750000e+02 2.382307e+00 7.909646e-03
3.750000e+02 2.375836e+00 7.739762e-03
3.750000e+02 2.365177e+00 7.544459e-03
3.750000e+02 2.385653e+00 7.727239e-03
3.750000e+02 2.377428e+00 7.960001e-03
3.750000e+02 2.371603e+00 7.369187e-03
3.750000e+02 2.385725e+00 7.269244e-03
3.750000e+02 2.378010e+00 7.882732e-03
3.750000e+02 2.379459e+00 7.413680e-03
3.800000e+02 1.959375e+00 6.077674e-03
3.800000e+02 1.968622e+00 6.276372e-03
3.800000e+02 1.956159e+00 6.238892e-03
3.800000e+02 1.950907e+00 6.186755e-03
3.800000e+02 1.954001e+00 6.297477e-03
3.800000e+02 1.961540e+00 6.877419e-03
3.800000e+02 1.966819e+00 6.540695e-03
3.800000e+02 1.957979e+00 6.363323e-03
3.800000e+02 1.962742e+00 6.362270e-03
3.800000e+02 1.967771e+00 6.388193e-03
3.850000e+02 1.677020e+00 5.494025e-03
3.850000e+02 1.662482e+00 5.506986e-03
3.850000e+02 1.671083e+00 5.025592e-03
3.850000e+02 1.668547e+00 5.649835e-03
3.850000e+02 1.666033e+00 5.477989e-03
3.850000e+02 1.675789e+00 5.421929e-03
3.850000e+02 1.675656e+00 5.484098e-03
3.850000e+02 1.670588e+00 5.364314e-03
3.850000e+02 1.668890e+00 5.377201e-03
3.850000e+02 1.670715e+00 5.526073e-03
