3.250000e+02 -7.139146e-24 1.026447e-26
3.250000e+02 -7.134165e-24 1.019521e-26
3.250000e+02 -7.114875e-24 1.020284e-26
3.250000e+02 -7.126457e-24 1.029145e-26
3.250000e+02 -7.110200e-24 1.027852e-26
3.250000e+02 -7.128464e-24 1.033905e-26
3.250000e+02 -7.115120e-24 1.024007e-26
3.250000e+02 0.000000e+00 0.000000e+00
3.250000e+02 -7.110805e-24 1.033913e-26
3.250000e+02 -7.105884e-24 1.028951e-26
3.260000e+02 -8.462073e-24 1.210128e-26
3.260000e+02 -8.461260e-24 1.224129e-26
3.260000e+02 -8.461795e-24 1.213857e-26
3.260000e+02 -8.459399e-24 1.214004e-26
3.260000e+02 -8.463712e-24 1.214966e-26
3.260000e+02 -8.475944e-24 1.231267e-26
3.260000e+02 -8.461021e-24 1.215239e-26
3.260000e+02 -8.463281e-24 1.220473e-26
3.260000e+02 -8.461850e-24 1.219028e-26
3.260000e+02 -8.453023e-24 1.212421e-26
3.270000e+02 -1.014595e-23 1.439442e-26
3.270000e+02 -1.012843e-23 1.445195e-26
3.270000e+02 -1.013228e-23 1.441399e-26
3.270000e+02 -1.012186e-23 1.451598e-26
3.270000e+02 -1.013357e-23 1.469076e-26
3.270000e+02 -1.012989e-23 1.452152e-26
3.270000e+02 -1.014236e-23 1.441929e-26
3.270000e+02 -1.013274e-23 1.446231e-26
3.270000e+02 -1.013213e-23 1.468893e-26
3.270000e+02 -1.013656e-23 1.453398e-26
3.280000e+02 -1.223181e-23 1.727443e-26
3.280000e+02 -1.222574e-23 1.744759e-26
3.280000e+02 -1.220007e-23 1.733653e-26
3.280000e+02 -1.221162e-23 1.757524e-26
3.280000e+02 -1.223145e-23 1.745116e-26
3.280000e+02 -1.224094e-23 1.734055e-26
3.280000e+02 -1.225926e-23 1.766095e-26
3.280000e+02 -1.221802e-23 1.747715e-26
3.280000e+02 -1.226445e-23 1.759212e-26
3.280000e+02 -1.221721e-23 1.747625e-26
3.290000e+02 -2.863939e-07 4.500790e-10
3.290000e+02 -2.856031e-07 4.475421e-10
3.290000e+02 -2.857654e-07 4.480308e-10
3.290000e+02 -2.850371e-07 4.460997e-10
3.290000e+02 -2.858382e-07 4.441695e-10
3.290000e+02 -2.849629e-07 4.468624e-10
3.290000e+02 -2.856130e-07 4.443154e-10
3.290000e+02 -2.845300e-07 4.452091e-10
3.290000e+02 -2.861162e-07 4.593630e-10
3.290000e+02 -2.854178e-07 4.470327e-10
3.300000e+02 -4.730252e-05 7.285523e-08
3.300000e+02 -4.737330e-05 7.303698e-08
3.300000e+02 -4.721254e-05 7.220075e-08
3.300000e+02 -4.729210e-05 7.262127e-08
3.300000e+02 -4.737806e-05 7.249088e-08
3.300000e+02 -4.727916e-05 7.301533e-08
3.300000e+02 -4.723772e-05 7.315162e-08
3.300000e+02 -4.718934e-05 7.308329e-08
3.300000e+02 -4.725010e-05 7.353220e-08
3.300000e+02 -4.733691e-05 7.280658e-08
3.310000e+02 -4.852501e-04 7.460542e-07
3.310000e+02 -4.873242e-04 7.495243e-07
3.310000e+02 -4.858168e-04 7.489089e-07
3.310000e+02 -4.858670e-04 7.500164e-07
3.310000e+02 -4.868099e-04 7.561889e-07
3.310000e+02 -4.853833e-04 7.409623e-07
3.310000e+02 -4.845584e-04 7.494487e-07
3.310000e+02 -4.856667e-04 7.488764e-07
3.310000e+02 -4.864504e-04 7.382240e-07
3.310000e+02 -4.849051e-04 7.500054e-07
3.320000e+02 -2.337070e-03 3.634172e-06
3.320000e+02 -2.345631e-03 3.598000e-06
3.320000e+02 -2.349666e-03 3.545556e-06
3.320000e+02 -2.347154e-03 3.558072e-06
3.320000e+02 -2.345318e-03 3.559630e-06
3.320000e+02 -2.343274e-03 3.580530e-06
3.320000e+02 -2.345243e-03 3.598302e-06
3.320000e+02 -2.342574e-03 3.578295e-06
3.320000e+02 -2.344384e-03 3.596466e-06
3.320000e+02 -2.344339e-03 3.547169e-06
3.330000e+02 -7.965798e-03 1.201782e-05
3.330000e+02 -7.949370e-03 1.208407e-05
3.330000e+02 -7.954866e-03 1.202420e-05
3.330000e+02 -7.960947e-03 1.208648e-05
3.330000e+02 -7.937315e-03 1.212808e-05
3.330000e+02 -7.946388e-03 1.203509e-05
3.330000e+02 -7.948824e-03 1.197079e-05
3.330000e+02 -7.937549e-03 1.204199e-05
3.330000e+02 -7.960266e-03 1.212422e-05
3.330000e+02 -7.949775e-03 1.194127e-05
3.340000e+02 -2.205751e-02 3.302490e-05
3.340000e+02 -2.212801e-02 3.298219e-05
3.340000e+02 -2.211346e-02 3.379732e-05
3.340000e+02 -2.216561e-02 3.324315e-05
3.340000e+02 -2.210038e-02 3.295450e-05
3.340000e+02 -2.206709e-02 3.324519e-05
3.340000e+02 -2.212854e-02 3.323977e-05
3.340000e+02 -2.208539e-02 3.313162e-05
3.340000e+02 -2.207023e-02 3.299866e-05
3.340000e+02 -2.209969e-02 3.342526e-05
3.350000e+02 -5.442298e-02 8.073801e-05
3.350000e+02 -5.443596e-02 8.053935e-05
3.350000e+02 -5.457298e-02 8.135856e-05
3.350000e+02 -5.443325e-02 8.074447e-05
3.350000e+02 -5.443464e-02 8.108229e-05
3.350000e+02 -5.449407e-02 8.116293e-05
3.350000e+02 -5.446388e-02 8.195561e-05
3.350000e+02 -5.441066e-02 8.146867e-05
3.350000e+02 -5.441652e-02 8.130072e-05
3.360000e+02 -1.243715e-01 1.830004e-04
3.360000e+02 -1.246524e-01 1.833850e-04
3.360000e+02 -1.240992e-01 1.829263e-04
3.360000e+02 -1.243996e-01 1.834333e-04
3.360000e+02 -1.246555e-01 1.826200e-04
3.360000e+02 -1.246310e-01 1.823570e-04
3.360000e+02 -1.242126e-01 1.812253e-04
3.360000e+02 -1.243125e-01 1.836326e-04
3.360000e+02 -1.246105e-01 1.830345e-04
3.360000e+02 -1.243503e-01 1.843711e-04
3.370000e+02 -2.727376e-01 3.932509e-04
3.370000e+02 -2.728999e-01 3.960612e-04
3.370000e+02 -2.725093e-01 3.946133e-04
3.370000e+02 -2.725904e-01 3.921125e-04
3.370000e+02 -2.727865e-01 3.945044e-04
3.370000e+02 -2.724088e-01 3.966438e-04
3.370000e+02 -2.725413e-01 3.951762e-04
3.370000e+02 -2.729270e-01 3.956405e-04
3.370000e+02 -2.724299e-01 3.988070e-04
3.370000e+02 -2.721687e-01 3.934045e-04
3.380000e+02 -5.882900e-01 8.292237e-04
3.380000e+02 -5.890864e-01 8.321384e-04
3.380000e+02 -5.888541e-01 8.365237e-04
3.380000e+02 -5.888274e-01 8.350603e-04
3.380000e+02 -5.893400e-01 8.360382e-04
3.380000e+02 -5.889971e-01 8.322362e-04
3.380000e+02 -5.890942e-01 8.391527e-04
3.380000e+02 -5.890616e-01 8.350860e-04
3.380000e+02 -5.881687e-01 8.356553e-04
3.380000e+02 -5.878402e-01 8.349918e-04
3.390000e+02 -1.284070e+00 1.795506e-03
3.390000e+02 -1.285233e+00 1.776613e-03
3.390000e+02 -1.283281e+00 1.791381e-03
3.390000e+02 -1.285411e+00 1.796743e-03
3.390000e+02 -1.284453e+00 1.778258e-03
3.390000e+02 -1.282211e+00 1.769224e-03
3.390000e+02 -1.279277e+00 1.789959e-03
3.390000e+02 -1.281277e+00 1.779441e-03
3.390000e+02 -1.281873e+00 1.755714e-03
3.400000e+02 -2.912871e+00 3.959919e-03
3.400000e+02 -2.914559e+00 3.964774e-03
3.400000e+02 -2.919641e+00 3.924878e-03
3.400000e+02 -2.912103e+00 3.942988e-03
3.400000e+02 -2.912205e+00 3.939614e-03
3.400000e+02 -2.914531e+00 3.950381e-03
3.400000e+02 -2.914201e+00 3.917032e-03
3.400000e+02 -2.918897e+00 3.988003e-03
3.400000e+02 -2.915171e+00 3.907024e-03
3.400000e+02 -2.905453e+00 3.966187e-03
3.402000e+02 -3.469196e+00 4.668947e-03
3.402000e+02 -3.457974e+00 4.685349e-03
3.402000e+02 0.000000e+00 0.000000e+00
3.402000e+02 -3.452303e+00 4.671863e-03
3.402000e+02 -3.467069e+00 4.647346e-03
3.402000e+02 -3.457397e+00 4.608478e-03
3.402000e+02 -3.469668e+00 4.627595e-03
3.402000e+02 -3.456212e+00 4.659884e-03
3.402000e+02 -3.462980e+00 4.637798e-03
3.402000e+02 -3.453081e+00 4.731570e-03
3.404000e+02 -4.120295e+00 5.586431e-03
3.404000e+02 -4.133236e+00 5.560637e-03
3.404000e+02 -4.125966e+00 5.535245e-03
3.404000e+02 -4.129276e+00 5.497677e-03
3.404000e+02 -4.124476e+00 5.554569e-03
3.404000e+02 -4.132074e+00 5.454378e-03
3.404000e+02 -4.123158e+00 5.849951e-03
3.404000e+02 -4.121480e+00 5.504372e-03
3.404000e+02 -4.119369e+00 5.562861e-03
3.404000e+02 -4.136583e+00 5.512083e-03
3.406000e+02 -4.928488e+00 6.482855e-03
3.406000e+02 -4.929227e+00 6.510033e-03
3.406000e+02 -4.939715e+00 6.555003e-03
3.406000e+02 -4.946320e+00 6.499448e-03
3.406000e+02 -4.931460e+00 6.556458e-03
3.406000e+02 -4.938832e+00 6.604647e-03
3.406000e+02 -4.942152e+00 6.562746e-03
3.406000e+02 -4.941590e+00 6.669126e-03
3.406000e+02 -4.937801e+00 6.544232e-03
3.406000e+02 -4.926715e+00 6.648489e-03
3.408000e+02 -5.916652e+00 7.890840e-03
3.408000e+02 -5.913182e+00 7.855070e-03
3.408000e+02 -5.911496e+00 7.891590e-03
3.408000e+02 -5.923571e+00 7.820046e-03
3.408000e+02 -5.915202e+00 7.832051e-03
3.408000e+02 -5.910941e+00 7.911295e-03
3.408000e+02 -5.923194e+00 7.879283e-03
3.408000e+02 -5.921253e+00 7.925269e-03
3.408000e+02 -5.901292e+00 7.816657e-03
3.410000e+02 -7.134239e+00 9.320654e-03
3.410000e+02 -7.117476e+00 9.549023e-03
3.410000e+02 -7.129221e+00 9.589456e-03
3.410000e+02 -7.130793e+00 9.451553e-03
3.410000e+02 -7.127448e+00 9.573710e-03
3.410000e+02 -7.135330e+00 9.459681e-03
3.410000e+02 -7.117566e+00 9.431955e-03
3.410000e+02 -7.135525e+00 9.548948e-03
3.410000e+02 -7.146792e+00 9.467053e-03
3.410000e+02 -7.121174e+00 9.404652e-03
3.412000e+02 -8.614557e+00 1.149132e-02
3.412000e+02 -8.620063e+00 1.143706e-02
3.412000e+02 -8.619649e+00 1.124193e-02
3.412000e+02 -8.633396e+00 1.141246e-02
3.412000e+02 -8.613633e+00 1.136654e-02
3.412000e+02 -8.593249e+00 1.132268e-02
3.412000e+02 -8.618203e+00 1.129540e-02
3.412000e+02 -8.632587e+00 1.141970e-02
3.412000e+02 -8.631507e+00 1.139447e-02
3.414000e+02 -1.045901e+01 1.404456e-02
3.414000e+02 -1.043370e+01 1.401258e-02
3.414000e+02 -1.045893e+01 1.393020e-02
3.414000e+02 -1.045155e+01 1.382311e-02
3.414000e+02 -1.044671e+01 1.379424e-02
3.414000e+02 -1.046214e+01 1.386570e-02
3.414000e+02 -1.043551e+01 1.359523e-02
3.414000e+02 -1.046463e+01 1.386966e-02
3.414000e+02 -1.045648e+01 1.380366e-02
3.414000e+02 -1.045886e+01 1.378951e-02
3.416000e+02 -1.273794e+01 1.669866e-02
3.416000e+02 -1.275257e+01 1.679010e-02
3.416000e+02 -1.273833e+01 1.668669e-02
3.416000e+02 -1.270624e+01 1.696332e-02
3.416000e+02 -1.272261e+01 1.692049e-02
3.416000e+02 -1.274627e+01 1.680852e-02
3.416000e+02 -1.273535e+01 1.671287e-02
3.416000e+02 0.000000e+00 0.000000e+00
3.416000e+02 -1.274010e+01 1.692777e-02
3.416000e+02 -1.275204e+01 1.676396e-02
3.418000e+02 -1.555015e+01 2.079750e-02
3.418000e+02 -1.557152e+01 2.054462e-02
3.418000e+02 -1.551471e+01 2.020135e-02
3.418000e+02 -1.555080e+01 2.054607e-02
3.418000e+02 -1.555910e+01 2.042793e-02
3.418000e+02 -1.552570e+01 2.076164e-02
3.418000e+02 -1.555292e+01 2.054177e-02
3.418000e+02 -1.556237e+01 2.050746e-02
3.418000e+02 -1.555751e+01 2.035267e-02
3.418000e+02 -1.559244e+01 2.027023e-02
3.420000e+02 -1.896130e+01 2.499484e-02
3.420000e+02 -1.903325e+01 2.464512e-02
3.420000e+02 -1.904968e+01 2.501307e-02
3.420000e+02 -1.905908e+01 2.502247e-02
3.420000e+02 -1.899039e+01 2.502757e-02
3.420000e+02 -1.905255e+01 2.481308e-02
3.420000e+02 -1.898036e+01 2.488544e-02
3.420000e+02 -1.902004e+01 2.493256e-02
3.420000e+02 -1.900012e+01 2.526251e-02
3.422000e+02 -2.326908e+01 3.089010e-02
3.422000e+02 -2.328239e+01 3.010217e-02
3.422000e+02 -2.329631e+01 3.067633e-02
3.422000e+02 -2.335353e+01 3.064284e-02
3.422000e+02 -2.325063e+01 3.031368e-02
3.422000e+02 -2.326197e+01 3.037658e-02
3.422000e+02 -2.327092e+01 3.026672e-02
3.422000e+02 -2.327620e+01 3.061401e-02
3.422000e+02 -2.325941e+01 3.029787e-02
3.422000e+02 -2.327504e+01 3.106813e-02
3.424000e+02 -2.838151e+01 3.732317e-02
3.424000e+02 -2.837652e+01 3.793952e-02
3.424000e+02 -2.835457e+01 3.717959e-02
3.424000e+02 -2.836591e+01 3.660213e-02
3.424000e+02 -2.843711e+01 3.677105e-02
3.424000e+02 -2.834367e+01 3.770047e-02
3.424000e+02 -2.840457e+01 3.740429e-02
3.424000e+02 -2.843037e+01 3.758396e-02
3.424000e+02 -2.831082e+01 3.749010e-02
3.426000e+02 -3.452748e+01 4.551274e-02
3.426000e+02 -3.454937e+01 4.583306e-02
3.426000e+02 -3.445292e+01 4.540434e-02
3.426000e+02 -3.441706e+01 4.523245e-02
3.426000e+02 -3.442015e+01 4.649086e-02
3.426000e+02 -3.448901e+01 4.574171e-02
3.426000e+02 -3.454665e+01 4.643900e-02
3.426000e+02 -3.454024e+01 4.492556e-02
3.426000e+02 -3.452803e+01 4.591232e-02
3.426000e+02 -3.451307e+01 4.579384e-02
3.428000e+02 -4.164062e+01 5.590541e-02
3.428000e+02 -4.160869e+01 5.503361e-02
3.428000e+02 -4.165065e+01 5.510232e-02
3.428000e+02 -4.168059e+01 5.590216e-02
3.428000e+02 -4.156720e+01 5.510272e-02
3.428000e+02 -4.168870e+01 5.567545e-02
3.428000e+02 -4.153887e+01 5.621041e-02
3.428000e+02 -4.156310e+01 5.557116e-02
3.428000e+02 -4.155376e+01 5.502029e-02
3.428000e+02 -4.171817e+01 5.449686e-02
3.430000e+02 -4.972598e+01 6.634830e-02
3.430000e+02 -4.960377e+01 6.634242e-02
3.430000e+02 -4.966498e+01 6.577548e-02
3.430000e+02 -4.971717e+01 6.609810e-02
3.430000e+02 -4.963299e+01 6.588413e-02
3.430000e+02 -4.973499e+01 6.697236e-02
3.430000e+02 -4.952397e+01 6.622948e-02
3.430000e+02 -4.975064e+01 6.673287e-02
3.430000e+02 -4.955249e+01 6.615514e-02
3.430000e+02 -4.973686e+01 6.552293e-02
3.432000e+02 -5.871622e+01 7.985059e-02
3.432000e+02 -5.905273e+01 7.982119e-02
3.432000e+02 -5.883900e+01 7.765705e-02
3.432000e+02 -5.885671e+01 7.776208e-02
3.432000e+02 -5.892454e+01 7.899763e-02
3.432000e+02 -5.874217e+01 7.929177e-02
3.432000e+02 -5.881551e+01 7.895349e-02
3.432000e+02 -5.875121e+01 7.899163e-02
3.432000e+02 -5.876886e+01 7.860626e-02
3.432000e+02 -5.874005e+01 7.746792e-02
3.434000e+02 -6.873485e+01 9.163175e-02
3.434000e+02 -6.882613e+01 9.161010e-02
3.434000e+02 0.000000e+00 0.000000e+00
3.434000e+02 -6.875518e+01 9.291882e-02
3.434000e+02 -6.881660e+01 9.206505e-02
3.434000e+02 -6.875387e+01 9.358623e-02
3.434000e+02 -6.880193e+01 9.036027e-02
3.434000e+02 -6.886637e+01 9.253910e-02
3.434000e+02 -6.877678e+01 9.172467e-02
3.434000e+02 -6.868181e+01 9.432671e-02
3.436000e+02 -7.931851e+01 1.090913e-01
3.436000e+02 -7.895914e+01 1.098644e-01
3.436000e+02 -7.897773e+01 1.073661e-01
3.436000e+02 -7.896364e+01 1.093055e-01
3.436000e+02 -7.897230e+01 1.130874e-01
3.436000e+02 -7.906230e+01 1.090873e-01
3.436000e+02 -7.915020e+01 1.107856e-01
3.436000e+02 -7.899615e+01 1.085830e-01
3.436000e+02 -7.908693e+01 1.079275e-01
3.438000e+02 -8.849026e+01 1.247712e-01
3.438000e+02 -8.824984e+01 1.229968e-01
3.438000e+02 -8.836068e+01 1.252599e-01
3.438000e+02 -8.836147e+01 1.247564e-01
3.438000e+02 -8.846829e+01 1.228367e-01
3.438000e+02 -8.835409e+01 1.231049e-01
3.438000e+02 -8.860205e+01 1.206290e-01
3.438000e+02 -8.825802e+01 1.206172e-01
3.438000e+02 -8.837983e+01 1.248891e-01
3.438000e+02 -8.840290e+01 1.238884e-01
3.440000e+02 -9.633083e+01 1.342011e-01
3.440000e+02 -9.609916e+01 1.365461e-01
3.440000e+02 -9.622125e+01 1.349138e-01
3.440000e+02 -9.601239e+01 1.357404e-01
3.440000e+02 -9.606542e+01 1.370767e-01
3.440000e+02 -9.622794e+01 1.337381e-01
3.440000e+02 -9.589021e+01 1.371262e-01
3.440000e+02 -9.610825e+01 1.356165e-01
3.440000e+02 -9.601692e+01 1.338640e-01
3.442000e+02 -1.017405e+02 1.453621e-01
3.442000e+02 -1.016226e+02 1.397892e-01
3.442000e+02 -1.017517e+02 1.407320e-01
3.442000e+02 -1.016937e+02 1.441247e-01
3.442000e+02 -1.017361e+02 1.420088e-01
3.442000e+02 -1.015446e+02 1.437335e-01
3.442000e+02 -1.018390e+02 1.428520e-01
3.442000e+02 -1.018994e+02 1.465142e-01
3.442000e+02 -1.018300e+02 1.414470e-01
3.442000e+02 -1.017498e+02 1.413275e-01
3.444000e+02 -1.052764e+02 1.499798e-01
3.444000e+02 -1.052127e+02 1.494298e-01
3.444000e+02 -1.052733e+02 1.501705e-01
3.444000e+02 -1.050999e+02 1.492954e-01
3.444000e+02 -1.052540e+02 1.507329e-01
3.444000e+02 -1.051411e+02 1.496252e-01
3.444000e+02 -1.050609e+02 1.483312e-01
3.444000e+02 -1.051201e+02 1.491956e-01
3.444000e+02 -1.056582e+02 1.537676e-01
3.444000e+02 -1.050447e+02 1.474592e-01
3.446000e+02 -1.070744e+02 1.559611e-01
3.446000e+02 -1.072013e+02 1.554320e-01
3.446000e+02 -1.072632e+02 1.535835e-01
3.446000e+02 -1.073677e+02 1.552871e-01
3.446000e+02 -1.072673e+02 1.521348e-01
3.446000e+02 -1.071849e+02 1.576835e-01
3.446000e+02 -1.073957e+02 1.533287e-01
3.446000e+02 -1.073085e+02 1.558140e-01
3.446000e+02 -1.072797e+02 1.545947e-01
3.448000e+02 -1.083775e+02 1.567521e-01
3.448000e+02 -1.085703e+02 1.542272e-01
3.448000e+02 -1.085632e+02 1.582330e-01
3.448000e+02 -1.087535e+02 1.600967e-01
3.448000e+02 -1.084913e+02 1.552849e-01
3.448000e+02 -1.086053e+02 1.584584e-01
3.448000e+02 -1.086687e+02 1.558036e-01
3.448000e+02 -1.086443e+02 1.582657e-01
3.448000e+02 -1.085024e+02 1.565946e-01
3.448000e+02 -1.082452e+02 1.584834e-01
3.450000e+02 -1.097283e+02 1.582389e-01
3.450000e+02 -1.096026e+02 1.570696e-01
3.450000e+02 -1.096154e+02 1.624975e-01
3.450000e+02 -1.101667e+02 1.579223e-01
3.450000e+02 -1.096762e+02 1.576558e-01
3.450000e+02 -1.096634e+02 1.546989e-01
3.450000e+02 -1.097337e+02 1.574792e-01
3.450000e+02 -1.097072e+02 1.611646e-01
3.450000e+02 -1.097341e+02 1.580276e-01
3.452000e+02 -1.113280e+02 1.618063e-01
3.452000e+02 -1.116978e+02 1.598849e-01
3.452000e+02 -1.115012e+02 1.586685e-01
3.452000e+02 -1.114217e+02 1.627137e-01
3.452000e+02 -1.114297e+02 1.595190e-01
3.452000e+02 -1.112763e+02 1.615496e-01
3.452000e+02 -1.114648e+02 1.612800e-01
3.452000e+02 -1.114436e+02 1.600256e-01
3.452000e+02 -1.114559e+02 1.625248e-01
3.452000e+02 -1.112853e+02 1.597624e-01
3.454000e+02 -1.133016e+02 1.663323e-01
3.454000e+02 -1.134157e+02 1.658148e-01
3.454000e+02 -1.134790e+02 1.636092e-01
3.454000e+02 -1.132245e+02 1.653411e-01
3.454000e+02 -1.133598e+02 1.663168e-01
3.454000e+02 -1.135547e+02 1.635541e-01
3.454000e+02 -1.134967e+02 1.646281e-01
3.454000e+02 -1.132202e+02 1.668381e-01
3.454000e+02 -1.134755e+02 1.631558e-01
3.454000e+02 -1.139195e+02 1.596351e-01
3.456000e+02 -1.156044e+02 1.671669e-01
3.456000e+02 -1.154285e+02 1.685534e-01
3.456000e+02 -1.158181e+02 1.661671e-01
3.456000e+02 -1.158048e+02 1.669931e-01
3.456000e+02 -1.156384e+02 1.683270e-01
3.456000e+02 -1.155910e+02 1.652782e-01
3.456000e+02 -1.156981e+02 1.644306e-01
3.456000e+02 -1.158996e+02 1.674611e-01
3.456000e+02 -1.159843e+02 1.659305e-01
3.456000e+02 -1.156358e+02 1.672135e-01
3.458000e+02 -1.180216e+02 1.730337e-01
3.458000e+02 -1.180743e+02 1.689823e-01
3.458000e+02 -1.178170e+02 1.694800e-01
3.458000e+02 -1.181173e+02 1.760535e-01
3.458000e+02 -1.180285e+02 1.681841e-01
3.458000e+02 -1.179879e+02 1.719792e-01
3.458000e+02 -1.181459e+02 1.684140e-01
3.458000e+02 -1.181847e+02 1.696536e-01
3.458000e+02 -1.180516e+02 1.674940e-01
3.458000e+02 -1.180709e+02 1.690657e-01
3.460000e+02 -1.205223e+02 1.755583e-01
3.460000e+02 -1.208266e+02 1.725484e-01
3.460000e+02 -1.204079e+02 1.780682e-01
3.460000e+02 -1.203996e+02 1.738821e-01
3.460000e+02 -1.205017e+02 1.719851e-01
3.460000e+02 -1.206097e+02 1.750529e-01
3.460000e+02 -1.203785e+02 1.777074e-01
3.460000e+02 -1.200687e+02 1.771228e-01
3.462000e+02 -1.227153e+02 1.778912e-01
3.462000e+02 -1.224493e+02 1.785664e-01
3.462000e+02 -1.226958e+02 1.802582e-01
3.462000e+02 -1.225391e+02 1.785385e-01
3.462000e+02 -1.225441e+02 1.780180e-01
3.462000e+02 -1.225659e+02 1.805143e-01
3.462000e+02 -1.223959e+02 1.806726e-01
3.462000e+02 -1.222845e+02 1.812908e-01
3.462000e+02 -1.224598e+02 1.805932e-01
3.462000e+02 -1.222154e+02 1.834931e-01
3.464000e+02 -1.246535e+02 1.777963e-01
3.464000e+02 -1.244853e+02 1.806205e-01
3.464000e+02 -1.243307e+02 1.814558e-01
3.464000e+02 -1.246437e+02 1.811144e-01
3.464000e+02 -1.248680e+02 1.771843e-01
3.464000e+02 -1.244873e+02 1.791356e-01
3.464000e+02 -1.244835e+02 1.733747e-01
3.464000e+02 -1.243412e+02 1.778633e-01
3.464000e+02 -1.242791e+02 1.758928e-01
3.464000e+02 -1.245752e+02 1.791606e-01
3.466000e+02 -1.257420e+02 1.855220e-01
3.466000e+02 -1.260562e+02 1.817778e-01
3.466000e+02 -1.259975e+02 1.825868e-01
3.466000e+02 -1.260126e+02 1.843716e-01
3.466000e+02 -1.260743e+02 1.826071e-01
3.466000e+02 -1.261362e+02 1.846388e-01
3.466000e+02 -1.265259e+02 1.825438e-01
3.466000e+02 -1.258314e+02 1.822677e-01
3.466000e+02 -1.261538e+02 1.827566e-01
3.468000e+02 -1.271858e+02 1.881336e-01
3.468000e+02 -1.272130e+02 1.851136e-01
3.468000e+02 -1.270799e+02 1.871659e-01
3.468000e+02 -1.269158e+02 1.855786e-01
3.468000e+02 -1.272069e+02 1.886183e-01
3.468000e+02 -1.268797e+02 1.850701e-01
3.468000e+02 -1.271564e+02 1.862831e-01
3.468000e+02 -1.269116e+02 1.867865e-01
3.468000e+02 -1.271133e+02 1.904517e-01
3.468000e+02 -1.270122e+02 1.840737e-01
3.470000e+02 -1.275879e+02 1.894837e-01
3.470000e+02 -1.273104e+02 1.887102e-01
3.470000e+02 -1.274920e+02 1.900085e-01
3.470000e+02 -1.274264e+02 1.895778e-01
3.470000e+02 -1.275385e+02 1.899211e-01
3.470000e+02 -1.276514e+02 1.872003e-01
3.470000e+02 -1.275437e+02 1.892079e-01
3.470000e+02 -1.276853e+02 1.916635e-01
3.470000e+02 -1.277274e+02 1.862492e-01
3.470000e+02 -1.275874e+02 1.908511e-01
3.472000e+02 -1.275310e+02 1.911236e-01
3.472000e+02 -1.274224e+02 1.888067e-01
3.472000e+02 -1.273139e+02 1.923078e-01
3.472000e+02 -1.273758e+02 1.911578e-01
3.472000e+02 -1.271487e+02 1.949820e-01
3.472000e+02 -1.273746e+02 1.910517e-01
3.472000e+02 -1.276374e+02 1.921632e-01
3.472000e+02 -1.276790e+02 1.902917e-01
3.472000e+02 -1.274313e+02 1.931058e-01
3.474000e+02 -1.266712e+02 1.908970e-01
3.474000e+02 -1.268836e+02 1.926885e-01
3.474000e+02 -1.264965e+02 1.972789e-01
3.474000e+02 -1.268584e+02 1.926514e-01
3.474000e+02 0.000000e+00 0.000000e+00
3.474000e+02 -1.267435e+02 1.930048e-01
3.474000e+02 -1.268380e+02 1.922472e-01
3.474000e+02 -1.265399e+02 1.950134e-01
3.474000e+02 -1.264776e+02 1.911276e-01
3.476000e+02 -1.254993e+02 1.948309e-01
3.476000e+02 -1.256067e+02 1.928627e-01
3.476000e+02 -1.254343e+02 1.940246e-01
3.476000e+02 -1.253464e+02 1.931995e-01
3.476000e+02 -1.256104e+02 1.950459e-01
3.476000e+02 -1.255611e+02 1.929979e-01
3.476000e+02 -1.253780e+02 1.961905e-01
3.476000e+02 -1.250655e+02 1.975422e-01
3.476000e+02 -1.255450e+02 1.928830e-01
3.476000e+02 -1.252490e+02 1.961746e-01
3.478000e+02 -1.236257e+02 1.929368e-01
3.478000e+02 -1.237020e+02 1.940434e-01
3.478000e+02 -1.236950e+02 1.926354e-01
3.478000e+02 -1.234603e+02 1.908415e-01
3.478000e+02 -1.233501e+02 1.943973e-01
3.478000e+02 -1.233677e+02 1.971714e-01
3.478000e+02 -1.232813e+02 1.945228e-01
3.478000e+02 -1.234637e+02 1.963755e-01
3.478000e+02 -1.234955e+02 1.946048e-01
3.478000e+02 -1.232220e+02 1.952584e-01
3.480000e+02 -1.209209e+02 1.968156e-01
3.480000e+02 -1.211601e+02 1.966991e-01
3.480000e+02 0.000000e+00 0.000000e+00
3.480000e+02 -1.211588e+02 1.959383e-01
3.480000e+02 -1.214247e+02 1.934160e-01
3.480000e+02 -1.213385e+02 1.923152e-01
3.480000e+02 -1.211400e+02 1.936781e-01
3.480000e+02 -1.210003e+02 1.933038e-01
3.480000e+02 -1.210714e+02 1.936553e-01
3.480000e+02 -1.211452e+02 1.939039e-01
3.482000e+02 -1.183742e+02 1.912134e-01
3.482000e+02 -1.183980e+02 1.909308e-01
3.482000e+02 -1.182714e+02 1.919229e-01
3.482000e+02 -1.177525e+02 1.935299e-01
3.482000e+02 -1.181590e+02 1.912399e-01
3.482000e+02 -1.180715e+02 1.895138e-01
3.482000e+02 -1.181139e+02 1.939739e-01
3.482000e+02 -1.178202e+02 1.893802e-01
3.482000e+02 -1.183622e+02 1.938620e-01
3.482000e+02 -1.183172e+02 1.917864e-01
3.484000e+02 -1.146699e+02 1.880333e-01
3.484000e+02 -1.152852e+02 1.890584e-01
3.484000e+02 -1.148162e+02 1.915448e-01
3.484000e+02 -1.150999e+02 1.912257e-01
3.484000e+02 -1.150109e+02 1.921826e-01
3.484000e+02 -1.151599e+02 1.891301e-01
3.484000e+02 -1.151868e+02 1.895316e-01
3.484000e+02 -1.148862e+02 1.878342e-01
3.486000e+02 -1.110326e+02 1.843899e-01
3.486000e+02 -1.115152e+02 1.854410e-01
3.486000e+02 -1.113938e+02 1.849674e-01
3.486000e+02 -1.111760e+02 1.846143e-01
3.486000e+02 -1.113348e+02 1.867751e-01
3.486000e+02 -1.109381e+02 1.879815e-01
3.486000e+02 -1.113980e+02 1.866698e-01
3.486000e+02 -1.114550e+02 1.871540e-01
3.486000e+02 -1.111324e+02 1.837707e-01
3.486000e+02 -1.111971e+02 1.833502e-01
3.488000e+02 -1.069833e+02 1.833522e-01
3.488000e+02 -1.073437e+02 1.800240e-01
3.488000e+02 -1.075169e+02 1.792531e-01
3.488000e+02 -1.074689e+02 1.844406e-01
3.488000e+02 -1.075500e+02 1.798112e-01
3.488000e+02 -1.073215e+02 1.846157e-01
3.488000e+02 -1.072844e+02 1.837480e-01
3.488000e+02 -1.071472e+02 1.821624e-01
3.488000e+02 -1.074584e+02 1.830461e-01
3.490000e+02 -1.032342e+02 1.766444e-01
3.490000e+02 -1.036284e+02 1.766213e-01
3.490000e+02 -1.032287e+02 1.776195e-01
3.490000e+02 -1.028181e+02 1.766197e-01
3.490000e+02 -1.032096e+02 1.761084e-01
3.490000e+02 -1.032541e+02 1.759776e-01
3.490000e+02 -1.031900e+02 1.784776e-01
3.490000e+02 -1.032461e+02 1.762026e-01
3.490000e+02 -1.032020e+02 1.771208e-01
3.490000e+02 -1.030315e+02 1.787230e-01
3.492000e+02 0.000000e+00 0.000000e+00
3.492000e+02 -9.866195e+01 1.699795e-01
3.492000e+02 -9.891277e+01 1.726049e-01
3.492000e+02 -9.893576e+01 1.749614e-01
3.492000e+02 -9.871644e+01 1.751515e-01
3.492000e+02 -9.908238e+01 1.709864e-01
3.492000e+02 -9.875621e+01 1.714896e-01
3.492000e+02 -9.872928e+01 1.753483e-01
3.492000e+02 -9.874989e+01 1.728448e-01
3.492000e+02 -9.893364e+01 1.751185e-01
3.494000e+02 -9.414409e+01 1.651604e-01
3.494000e+02 -9.454779e+01 1.687223e-01
3.494000e+02 -9.457752e+01 1.639889e-01
3.494000e+02 -9.426158e+01 1.650863e-01
3.494000e+02 -9.479599e+01 1.663070e-01
3.494000e+02 -9.437781e+01 1.679536e-01
3.494000e+02 -9.433633e+01 1.657959e-01
3.494000e+02 -9.461990e+01 1.646348e-01
3.494000e+02 -9.435806e+01 1.656877e-01
3.494000e+02 -9.466536e+01 1.656635e-01
3.496000e+02 -9.010846e+01 1.615025e-01
3.496000e+02 -9.011108e+01 1.620521e-01
3.496000e+02 -8.980711e+01 1.616288e-01
3.496000e+02 -8.990962e+01 1.600363e-01
3.496000e+02 -8.966794e+01 1.652329e-01
3.496000e+02 -8.997309e+01 1.617163e-01
3.496000e+02 -8.977151e+01 1.614804e-01
3.496000e+02 -9.001119e+01 1.611011e-01
3.496000e+02 -9.002137e+01 1.592953e-01
3.496000e+02 -8.990728e+01 1.589798e-01
3.498000e+02 -8.554999e+01 1.549401e-01
3.498000e+02 -8.572995e+01 1.525953e-01
3.498000e+02 -8.544826e+01 1.568711e-01
3.498000e+02 -8.552500e+01 1.554702e-01
3.498000e+02 -8.542829e+01 1.515847e-01
3.498000e+02 -8.530134e+01 1.545456e-01
3.498000e+02 -8.555457e+01 1.525026e-01
3.498000e+02 -8.542235e+01 1.562248e-01
3.498000e+02 -8.540522e+01 1.565709e-01
3.498000e+02 -8.555591e+01 1.551338e-01
3.500000e+02 -8.113522e+01 1.481619e-01
3.500000e+02 -8.113704e+01 1.469705e-01
3.500000e+02 -8.123730e+01 1.474786e-01
3.500000e+02 -8.100619e+01 1.489813e-01
3.500000e+02 -8.113356e+01 1.462390e-01
3.500000e+02 -8.099691e+01 1.462744e-01
3.500000e+02 -8.111866e+01 1.488331e-01
3.500000e+02 -8.116277e+01 1.465580e-01
3.500000e+02 -8.120179e+01 1.487638e-01
3.500000e+02 -8.112358e+01 1.462448e-01
3.510000e+02 -6.049745e+01 1.141657e-01
3.510000e+02 -6.032705e+01 1.166028e-01
3.510000e+02 -6.047359e+01 1.167359e-01
3.510000e+02 -6.040617e+01 1.164014e-01
3.510000e+02 -6.048111e+01 1.176627e-01
3.510000e+02 -6.036722e+01 1.166055e-01
3.510000e+02 -6.061468e+01 1.155274e-01
3.510000e+02 -6.058150e+01 1.170314e-01
3.510000e+02 -6.058314e+01 1.156479e-01
3.510000e+02 -6.036846e+01 1.185234e-01
3.520000e+02 -4.407041e+01 8.714429e-02
3.520000e+02 -4.411674e+01 8.748532e-02
3.520000e+02 -4.403771e+01 8.565023e-02
3.520000e+02 -4.416219e+01 8.642360e-02
3.520000e+02 -4.408660e+01 8.730142e-02
3.520000e+02 -4.397048e+01 8.910925e-02
3.520000e+02 -4.413609e+01 8.563232e-02
3.520000e+02 -4.398102e+01 8.728847e-02
3.520000e+02 -4.419870e+01 8.686958e-02
3.520000e+02 -4.400205e+01 8.730168e-02
3.530000e+02 -3.207279e+01 6.448778e-02
3.530000e+02 -3.217020e+01 6.550044e-02
3.530000e+02 -3.208470e+01 6.434016e-02
3.530000e+02 -3.218039e+01 6.348740e-02
3.530000e+02 -3.209919e+01 6.551408e-02
3.530000e+02 -3.204221e+01 6.370001e-02
3.530000e+02 -3.220221e+01 6.663715e-02
3.530000e+02 -3.205560e+01 6.429767e-02
3.530000e+02 -3.203872e+01 6.423531e-02
3.530000e+02 -3.213262e+01 6.531727e-02
3.540000e+02 -2.402965e+01 5.099915e-02
3.540000e+02 -2.394664e+01 4.797039e-02
3.540000e+02 -2.392792e+01 4.874990e-02
3.540000e+02 -2.400693e+01 4.862517e-02
3.540000e+02 -2.392378e+01 4.818903e-02
3.540000e+02 -2.396561e+01 4.837422e-02
3.540000e+02 -2.401421e+01 4.807533e-02
3.540000e+02 -2.393972e+01 4.749183e-02
3.540000e+02 -2.393203e+01 4.716338e-02
3.550000e+02 -1.856676e+01 3.636633e-02
3.550000e+02 -1.860067e+01 3.679914e-02
3.550000e+02 -1.868238e+01 3.677616e-02
3.550000e+02 -1.869973e+01 3.725682e-02
3.550000e+02 -1.859211e+01 3.602301e-02
3.550000e+02 -1.859894e+01 3.572980e-02
3.550000e+02 -1.860776e+01 3.746123e-02
3.550000e+02 -1.874476e+01 3.759702e-02
3.550000e+02 -1.863516e+01 3.572959e-02
3.550000e+02 -1.866725e+01 3.649726e-02
3.560000e+02 -1.521030e+01 2.957260e-02
3.560000e+02 -1.523185e+01 2.940395e-02
3.560000e+02 -1.522578e+01 2.953712e-02
3.560000e+02 -1.523343e+01 2.923069e-02
3.560000e+02 -1.526709e+01 2.890827e-02
3.560000e+02 -1.522984e+01 2.873959e-02
3.560000e+02 -1.529076e+01 2.980616e-02
3.560000e+02 -1.521700e+01 3.020027e-02
3.560000e+02 -1.530890e+01 2.905608e-02
3.570000e+02 -1.310164e+01 2.423705e-02
3.570000e+02 -1.307163e+01 2.472729e-02
3.570000e+02 -1.306053e+01 2.361992e-02
3.570000e+02 -1.313141e+01 2.435542e-02
3.570000e+02 -1.308427e+01 2.485768e-02
3.570000e+02 -1.308726e+01 2.430439e-02
3.570000e+02 -1.313698e+01 2.429413e-02
3.570000e+02 -1.310807e+01 2.482688e-02
3.570000e+02 -1.308395e+01 2.464232e-02
3.580000e+02 -1.162350e+01 2.214275e-02
3.580000e+02 -1.157939e+01 2.203959e-02
3.580000e+02 -1.160811e+01 2.177282e-02
3.580000e+02 -1.163966e+01 2.200263e-02
3.580000e+02 -1.163012e+01 2.200424e-02
3.580000e+02 -1.164398e+01 2.211317e-02
3.580000e+02 -1.162804e+01 2.160244e-02
3.580000e+02 -1.163329e+01 2.203154e-02
3.580000e+02 -1.160755e+01 2.173595e-02
3.590000e+02 -1.055375e+01 1.978054e-02
3.590000e+02 0.000000e+00 0.000000e+00
3.590000e+02 -1.056886e+01 2.002658e-02
3.590000e+02 -1.054650e+01 1.989731e-02
3.590000e+02 -1.056253e+01 1.972006e-02
3.590000e+02 -1.051413e+01 2.005117e-02
3.590000e+02 -1.056593e+01 2.033150e-02
3.590000e+02 -1.056223e+01 2.048146e-02
3.590000e+02 -1.055624e+01 1.971296e-02
3.590000e+02 -1.056755e+01 2.047530e-02
3.600000e+02 -9.702243e+00 1.881861e-02
3.600000e+02 -9.681471e+00 1.776022e-02
3.600000e+02 -9.688943e+00 1.876391e-02
3.600000e+02 -9.673079e+00 1.794804e-02
3.600000e+02 -9.697158e+00 1.873559e-02
3.600000e+02 -9.720102e+00 1.789608e-02
3.600000e+02 -9.694356e+00 1.836022e-02
3.600000e+02 -9.710199e+00 1.786864e-02
3.600000e+02 -9.730067e+00 1.823174e-02
3.600000e+02 -9.696472e+00 1.835292e-02
3.650000e+02 -6.942918e+00 1.284533e-02
3.650000e+02 -6.922411e+00 1.304289e-02
3.650000e+02 -6.925055e+00 1.309890e-02
3.650000e+02 -6.913831e+00 1.313763e-02
3.650000e+02 -6.904403e+00 1.332527e-02
3.650000e+02 -6.914555e+00 1.313069e-02
3.650000e+02 -6.926375e+00 1.352808e-02
3.650000e+02 -6.928837e+00 1.283444e-02
3.650000e+02 -6.914191e+00 1.309717e-02
3.700000e+02 0.000000e+00 0.000000e+00
3.700000e+02 -5.387700e+00 1.041256e-02
3.700000e+02 -5.377961e+00 1.008222e-02
3.700000e+02 -5.376623e+00 9.909409e-03
3.700000e+02 -5.367262e+00 9.652047e-03
3.700000e+02 -5.360122e+00 1.017892e-02
3.700000e+02 -5.368561e+00 9.908966e-03
3.700000e+02 -5.381673e+00 1.022742e-02
3.700000e+02 -5.377232e+00 1.027413e-02
3.700000e+02 -5.383322e+00 9.867912e-03
3.750000e+02 -4.374400e+00 7.810196e-03
3.750000e+02 -4.375275e+00 8.162980e-03
3.750000e+02 -4.376641e+00 8.219293e-03
3.750000e+02 -4.367710e+00 8.035569e-03
3.750000e+02 -4.364710e+00 7.943861e-03
3.750000e+02 -4.375069e+00 8.295262e-03
3.750000e+02 -4.378441e+00 8.121586e-03
3.750000e+02 -4.354490e+00 8.226015e-03
3.750000e+02 -4.363999e+00 8.079461e-03
3.750000e+02 -4.377085e+00 8.184887e-03
3.800000e+02 -3.675751e+00 6.886067e-03
3.800000e+02 -3.668205e+00 6.921859e-03
3.800000e+02 -3.668385e+00 6.916694e-03
3.800000e+02 -3.659807e+00 6.792538e-03
3.800000e+02 -3.668174e+00 6.880462e-03
3.800000e+02 -3.681494e+00 6.714352e-03
3.800000e+02 -3.671157e+00 6.666002e-03
3.800000e+02 -3.670086e+00 6.927890e-03
3.800000e+02 -3.673407e+00 6.829094e-03
3.800000e+02 -3.673002e+00 6.945747e-03
3.850000e+02 -3.146140e+00 5.875233e-03
3.850000e+02 -3.139028e+00 5.922569e-03
3.850000e+02 -3.131293e+00 5.940922e-03
3.850000e+02 -3.149968e+00 5.933021e-03
3.850000e+02 -3.134783e+00 6.084799e-03
3.850000e+02 -3.150193e+00 5.762934e-03
3.850000e+02 -3.139114e+00 5.920229e-03
3.850000e+02 -3.131970e+00 5.805826e-03
3.850000e+02 -3.148246e+00 5.864920e-03
3.850000e+02 -3.149080e+00 5.820968e-03
