3.250000e+02 -3.055620e-01 4.577901e-04
3.250000e+02 -3.044153e-01 4.584044e-04
3.250000e+02 -3.046177e-01 4.575764e-04
3.250000e+02 -3.051893e-01 4.564777e-04
3.250000e+02 -3.052068e-01 4.594262e-04
3.250000e+02 -3.055307e-01 4.523645e-04
3.250000e+02 -3.058461e-01 4.552968e-04
3.250000e+02 -3.045417e-01 4.552419e-04
3.250000e+02 -3.057461e-01 4.609459e-04
3.250000e+02 -3.058544e-01 4.581093e-04
3.260000e+02 -3.463091e-01 5.138291e-04
3.260000e+02 -3.459954e-01 5.167511e-04
3.260000e+02 -3.456404e-01 5.137615e-04
3.260000e+02 -3.458164e-01 5.108555e-04
3.260000e+02 -3.455156e-01 5.196901e-04
3.260000e+02 -3.461568e-01 5.156022e-04
3.260000e+02 -3.462062e-01 5.171663e-04
3.260000e+02 -3.458027e-01 5.118942e-04
3.260000e+02 -3.466793e-01 5.148225e-04
3.260000e+02 -3.444704e-01 5.189412e-04
3.270000e+02 -3.943714e-01 5.841413e-04
3.270000e+02 -3.932967e-01 5.884179e-04
3.270000e+02 -3.931652e-01 5.898415e-04
3.270000e+02 -3.927965e-01 5.871706e-04
3.270000e+02 -3.937816e-01 5.839920e-04
3.270000e+02 -3.934158e-01 5.857394e-04
3.270000e+02 -3.928911e-01 5.871220e-04
3.270000e+02 -3.941912e-01 5.787044e-04
3.270000e+02 -3.924609e-01 5.871039e-04
3.270000e+02 -3.930447e-01 5.834192e-04
3.280000e+02 -4.496742e-01 6.714105e-04
3.280000e+02 -4.508752e-01 6.726651e-04
3.280000e+02 -4.502351e-01 6.720324e-04
3.280000e+02 -4.510007e-01 6.704997e-04
3.280000e+02 -4.480041e-01 6.776081e-04
3.280000e+02 -4.498882e-01 6.626226e-04
3.280000e+02 -4.494248e-01 6.720798e-04
3.280000e+02 -4.503605e-01 6.615185e-04
3.280000e+02 -4.501286e-01 6.706325e-04
3.280000e+02 -4.504870e-01 6.584894e-04
3.290000e+02 -5.193103e-01 7.694339e-04
3.290000e+02 -5.179044e-01 7.744225e-04
3.290000e+02 -5.179032e-01 7.753032e-04
3.290000e+02 -5.182568e-01 7.763416e-04
3.290000e+02 -5.189436e-01 7.668955e-04
3.290000e+02 -5.185726e-01 7.825371e-04
3.290000e+02 -5.183365e-01 7.748257e-04
3.290000e+02 -5.175888e-01 7.736685e-04
3.290000e+02 -5.192566e-01 7.703825e-04
3.290000e+02 -5.184637e-01 7.728058e-04
3.300000e+02 -6.038594e-01 8.837047e-04
3.300000e+02 -6.010539e-01 8.995884e-04
3.300000e+02 -6.027819e-01 8.835656e-04
3.300000e+02 -6.014749e-01 8.985487e-04
3.300000e+02 -6.028725e-01 8.819134e-04
3.300000e+02 -6.017257e-01 8.905754e-04
3.300000e+02 -6.023603e-01 8.975252e-04
3.300000e+02 -6.020661e-01 8.954676e-04
3.300000e+02 -6.025492e-01 8.864982e-04
3.300000e+02 -6.026706e-01 8.831123e-04
3.310000e+02 -7.037112e-01 1.046300e-03
3.310000e+02 -7.049995e-01 1.039768e-03
3.310000e+02 -7.039295e-01 1.041994e-03
3.310000e+02 -7.031530e-01 1.034997e-03
3.310000e+02 -7.060352e-01 1.039344e-03
3.310000e+02 -7.052129e-01 1.031939e-03
3.310000e+02 -7.046367e-01 1.041230e-03
3.310000e+02 -7.043014e-01 1.036769e-03
3.310000e+02 -7.056539e-01 1.057775e-03
3.310000e+02 -7.059245e-01 1.041636e-03
3.320000e+02 -8.347770e-01 1.226935e-03
3.320000e+02 -8.359537e-01 1.228823e-03
3.320000e+02 -8.369859e-01 1.217919e-03
3.320000e+02 -8.334979e-01 1.213269e-03
3.320000e+02 -8.361252e-01 1.213307e-03
3.320000e+02 -8.349649e-01 1.231811e-03
3.320000e+02 -8.362739e-01 1.229380e-03
3.320000e+02 -8.339550e-01 1.232710e-03
3.320000e+02 -8.339647e-01 1.215690e-03
3.320000e+02 -8.346409e-01 1.216939e-03
3.330000e+02 -1.001784e+00 1.464271e-03
3.330000e+02 -9.988124e-01 1.453944e-03
3.330000e+02 -1.002583e+00 1.451337e-03
3.330000e+02 -1.000757e+00 1.456261e-03
3.330000e+02 -1.001017e+00 1.446029e-03
3.330000e+02 -1.001527e+00 1.468454e-03
3.330000e+02 -1.002452e+00 1.460851e-03
3.330000e+02 -9.989217e-01 1.459222e-03
3.330000e+02 -9.997226e-01 1.452765e-03
3.330000e+02 -1.000227e+00 1.458655e-03
3.340000e+02 -1.216837e+00 1.767260e-03
3.340000e+02 -1.215897e+00 1.770087e-03
3.340000e+02 -1.214666e+00 1.772063e-03
3.340000e+02 -1.214696e+00 1.768944e-03
3.340000e+02 -1.216490e+00 1.762293e-03
3.340000e+02 -1.219714e+00 1.746400e-03
3.340000e+02 -1.216810e+00 1.758758e-03
3.340000e+02 -1.216823e+00 1.748259e-03
3.340000e+02 -1.216987e+00 1.761376e-03
3.340000e+02 -1.214636e+00 1.768682e-03
3.350000e+02 -1.503329e+00 2.152578e-03
3.350000e+02 -1.504259e+00 2.151338e-03
3.350000e+02 -1.502047e+00 2.169102e-03
3.350000e+02 -1.507571e+00 2.136238e-03
3.350000e+02 -1.508423e+00 2.148329e-03
3.350000e+02 -1.503291e+00 2.156313e-03
3.350000e+02 -1.504991e+00 2.164554e-03
3.350000e+02 -1.506194e+00 2.169769e-03
3.350000e+02 -1.506982e+00 2.146170e-03
3.350000e+02 -1.504140e+00 2.244500e-03
3.360000e+02 -1.905882e+00 2.678207e-03
3.360000e+02 -1.903910e+00 2.689759e-03
3.360000e+02 -1.903189e+00 2.694884e-03
3.360000e+02 -1.909336e+00 2.683170e-03
3.360000e+02 -1.906362e+00 2.720653e-03
3.360000e+02 -1.905366e+00 2.700476e-03
3.360000e+02 -1.904271e+00 2.696214e-03
3.360000e+02 -1.908044e+00 2.682403e-03
3.360000e+02 -1.909618e+00 2.723072e-03
3.360000e+02 -1.910187e+00 2.685224e-03
3.370000e+02 -2.474624e+00 3.462273e-03
3.370000e+02 -2.479264e+00 3.461618e-03
3.370000e+02 -2.483339e+00 3.454402e-03
3.370000e+02 -2.479053e+00 3.457448e-03
3.370000e+02 -2.481009e+00 3.466521e-03
3.370000e+02 -2.483922e+00 3.442272e-03
3.370000e+02 -2.476670e+00 3.468939e-03
3.370000e+02 -2.472408e+00 3.508102e-03
3.370000e+02 -2.475607e+00 3.471622e-03
3.370000e+02 -2.478233e+00 3.433713e-03
3.380000e+02 -3.348856e+00 4.598429e-03
3.380000e+02 -3.337774e+00 4.588405e-03
3.380000e+02 -3.342906e+00 4.576347e-03
3.380000e+02 -3.338557e+00 4.621089e-03
3.380000e+02 -3.346532e+00 4.590343e-03
3.380000e+02 -3.339986e+00 4.607818e-03
3.380000e+02 -3.346654e+00 4.615529e-03
3.380000e+02 -3.339128e+00 4.621579e-03
3.380000e+02 -3.353672e+00 4.593139e-03
3.380000e+02 -3.339976e+00 4.560981e-03
3.390000e+02 -4.738748e+00 6.416472e-03
3.390000e+02 -4.735707e+00 6.418344e-03
3.390000e+02 -4.727399e+00 6.421986e-03
3.390000e+02 -4.725364e+00 6.405234e-03
3.390000e+02 -4.735869e+00 6.367655e-03
3.390000e+02 -4.720783e+00 6.429207e-03
3.390000e+02 -4.730065e+00 6.432711e-03
3.390000e+02 -4.732419e+00 6.386081e-03
3.390000e+02 -4.720698e+00 6.474245e-03
3.400000e+02 -7.157267e+00 9.556190e-03
3.400000e+02 -7.144008e+00 9.467963e-03
3.400000e+02 -7.156111e+00 9.488537e-03
3.400000e+02 -7.150693e+00 9.929775e-03
3.400000e+02 -7.145769e+00 9.597675e-03
3.400000e+02 -7.145694e+00 9.508059e-03
3.400000e+02 -7.135667e+00 9.654646e-03
3.400000e+02 -7.164775e+00 9.505448e-03
3.400000e+02 0.000000e+00 0.000000e+00
3.402000e+02 -7.842847e+00 1.035196e-02
3.402000e+02 -7.865039e+00 1.043374e-02
3.402000e+02 -7.823599e+00 1.054135e-02
3.402000e+02 -7.843258e+00 1.037588e-02
3.402000e+02 -7.840519e+00 1.044653e-02
3.402000e+02 -7.843496e+00 1.036506e-02
3.402000e+02 -7.854151e+00 1.034026e-02
3.402000e+02 -7.846742e+00 1.036940e-02
3.402000e+02 -7.847319e+00 1.034637e-02
3.402000e+02 -7.852570e+00 1.051006e-02
3.404000e+02 -8.656832e+00 1.135047e-02
3.404000e+02 -8.655759e+00 1.141840e-02
3.404000e+02 -8.650721e+00 1.145043e-02
3.404000e+02 -8.646708e+00 1.141861e-02
3.404000e+02 -8.639643e+00 1.150178e-02
3.404000e+02 -8.669952e+00 1.150528e-02
3.404000e+02 -8.640687e+00 1.141862e-02
3.404000e+02 -8.638903e+00 1.162667e-02
3.404000e+02 -8.652003e+00 1.146486e-02
3.406000e+02 -9.588460e+00 1.255396e-02
3.406000e+02 -9.595280e+00 1.267043e-02
3.406000e+02 -9.591909e+00 1.251499e-02
3.406000e+02 -9.561020e+00 1.274971e-02
3.406000e+02 -9.574088e+00 1.259171e-02
3.406000e+02 -9.575444e+00 1.282003e-02
3.406000e+02 -9.584213e+00 1.259788e-02
3.406000e+02 -9.582609e+00 1.265152e-02
3.406000e+02 -9.581923e+00 1.265760e-02
3.406000e+02 -9.560453e+00 1.278841e-02
3.408000e+02 -1.066771e+01 1.405693e-02
3.408000e+02 -1.065367e+01 1.384837e-02
3.408000e+02 -1.063772e+01 1.412833e-02
3.408000e+02 -1.064724e+01 1.400379e-02
3.408000e+02 -1.067134e+01 1.396526e-02
3.408000e+02 -1.064669e+01 1.417133e-02
3.408000e+02 -1.064761e+01 1.408767e-02
3.408000e+02 -1.061020e+01 1.404442e-02
3.408000e+02 -1.064651e+01 1.422527e-02
3.410000e+02 -1.189082e+01 1.579360e-02
3.410000e+02 -1.189924e+01 1.565061e-02
3.410000e+02 -1.189810e+01 1.587973e-02
3.410000e+02 -1.187579e+01 1.565522e-02
3.410000e+02 -1.190634e+01 1.554362e-02
3.410000e+02 -1.193554e+01 1.557950e-02
3.410000e+02 -1.189872e+01 1.576113e-02
3.410000e+02 -1.187623e+01 1.618636e-02
3.410000e+02 -1.189802e+01 1.550622e-02
3.412000e+02 -1.339628e+01 1.741186e-02
3.412000e+02 -1.335988e+01 1.743524e-02
3.412000e+02 -1.337229e+01 1.769988e-02
3.412000e+02 -1.337157e+01 1.757619e-02
3.412000e+02 -1.340526e+01 1.756977e-02
3.412000e+02 -1.339144e+01 1.753556e-02
3.412000e+02 -1.337989e+01 1.756038e-02
3.412000e+02 -1.337006e+01 1.755748e-02
3.412000e+02 -1.337170e+01 1.769108e-02
3.412000e+02 -1.337663e+01 1.762935e-02
3.414000e+02 -1.514766e+01 1.967442e-02
3.414000e+02 -1.510015e+01 1.979487e-02
3.414000e+02 -1.511525e+01 1.990378e-02
3.414000e+02 -1.512096e+01 1.998678e-02
3.414000e+02 -1.512077e+01 1.988564e-02
3.414000e+02 -1.511781e+01 1.975532e-02
3.414000e+02 -1.513254e+01 2.009550e-02
3.414000e+02 -1.512021e+01 1.989231e-02
3.414000e+02 -1.511455e+01 1.979454e-02
3.416000e+02 0.000000e+00 0.000000e+00
3.416000e+02 -1.723621e+01 2.262143e-02
3.416000e+02 -1.719150e+01 2.252773e-02
3.416000e+02 -1.724748e+01 2.269551e-02
3.416000e+02 -1.725642e+01 2.391040e-02
3.416000e+02 -1.718020e+01 2.235516e-02
3.416000e+02 -1.723966e+01 2.244820e-02
3.416000e+02 -1.724341e+01 2.229217e-02
3.416000e+02 -1.720504e+01 2.274587e-02
3.416000e+02 -1.722680e+01 2.258966e-02
3.418000e+02 -1.975414e+01 2.565442e-02
3.418000e+02 -1.966846e+01 2.575394e-02
3.418000e+02 -1.967123e+01 2.574027e-02
3.418000e+02 -1.973829e+01 2.565905e-02
3.418000e+02 -1.970763e+01 2.574889e-02
3.418000e+02 -1.974024e+01 2.588086e-02
3.418000e+02 -1.974300e+01 2.582371e-02
3.418000e+02 -1.968696e+01 2.542833e-02
3.418000e+02 -1.971422e+01 2.553241e-02
3.418000e+02 -1.973235e+01 2.607147e-02
3.420000e+02 -2.272222e+01 2.982401e-02
3.420000e+02 -2.277625e+01 3.063833e-02
3.420000e+02 -2.280466e+01 2.991751e-02
3.420000e+02 -2.277010e+01 3.090947e-02
3.420000e+02 -2.275935e+01 2.995699e-02
3.420000e+02 -2.272391e+01 2.929883e-02
3.420000e+02 -2.274361e+01 3.008556e-02
3.420000e+02 -2.267658e+01 2.966015e-02
3.420000e+02 -2.270454e+01 3.023083e-02
3.420000e+02 -2.269852e+01 2.991843e-02
3.422000e+02 -2.641854e+01 3.431672e-02
3.422000e+02 -2.642222e+01 3.444863e-02
3.422000e+02 -2.645626e+01 3.450532e-02
3.422000e+02 -2.638406e+01 3.489869e-02
3.422000e+02 -2.644171e+01 3.529965e-02
3.422000e+02 -2.649627e+01 3.432694e-02
3.422000e+02 -2.642136e+01 3.476391e-02
3.422000e+02 -2.634105e+01 3.483358e-02
3.422000e+02 -2.642487e+01 3.453893e-02
3.422000e+02 -2.644132e+01 3.470087e-02
3.424000e+02 -3.092548e+01 4.066413e-02
3.424000e+02 -3.090381e+01 4.021446e-02
3.424000e+02 -3.093668e+01 4.053405e-02
3.424000e+02 -3.084884e+01 4.143063e-02
3.424000e+02 -3.094317e+01 4.130768e-02
3.424000e+02 -3.092538e+01 4.057329e-02
3.424000e+02 -3.087452e+01 4.106917e-02
3.424000e+02 -3.096440e+01 4.058614e-02
3.424000e+02 -3.086982e+01 4.124371e-02
3.426000e+02 -3.638111e+01 4.853263e-02
3.426000e+02 -3.635871e+01 4.893344e-02
3.426000e+02 -3.642196e+01 4.821467e-02
3.426000e+02 -3.630349e+01 4.825694e-02
3.426000e+02 -3.637214e+01 4.780108e-02
3.426000e+02 -3.642383e+01 4.734733e-02
3.426000e+02 -3.640245e+01 4.823789e-02
3.426000e+02 0.000000e+00 0.000000e+00
3.426000e+02 -3.641975e+01 4.722388e-02
3.428000e+02 -4.293597e+01 5.632173e-02
3.428000e+02 -4.297173e+01 5.698113e-02
3.428000e+02 -4.305843e+01 5.724467e-02
3.428000e+02 -4.293647e+01 5.726410e-02
3.428000e+02 -4.292903e+01 5.729226e-02
3.428000e+02 -4.293238e+01 5.882736e-02
3.428000e+02 -4.296722e+01 5.679756e-02
3.428000e+02 -4.296618e+01 5.631233e-02
3.428000e+02 -4.296194e+01 5.725819e-02
3.428000e+02 -4.303321e+01 5.744691e-02
3.430000e+02 -5.079073e+01 6.710922e-02
3.430000e+02 -5.070128e+01 6.928535e-02
3.430000e+02 -5.086011e+01 6.874896e-02
3.430000e+02 -5.091805e+01 6.757754e-02
3.430000e+02 -5.081669e+01 6.639754e-02
3.430000e+02 -5.087304e+01 6.832033e-02
3.430000e+02 -5.072558e+01 6.775510e-02
3.430000e+02 -5.092710e+01 6.849910e-02
3.430000e+02 -5.080102e+01 6.856995e-02
3.430000e+02 -5.084260e+01 6.913119e-02
3.432000e+02 -5.983472e+01 8.141109e-02
3.432000e+02 -5.981154e+01 8.060548e-02
3.432000e+02 -5.986902e+01 7.972281e-02
3.432000e+02 -5.978766e+01 7.958717e-02
3.432000e+02 -5.996524e+01 8.254047e-02
3.432000e+02 -6.000499e+01 7.958795e-02
3.432000e+02 -5.988589e+01 7.928304e-02
3.432000e+02 -5.985874e+01 8.085572e-02
3.432000e+02 -5.988833e+01 8.155367e-02
3.432000e+02 -5.988919e+01 8.105251e-02
3.434000e+02 -6.963030e+01 9.463773e-02
3.434000e+02 -6.975381e+01 9.228428e-02
3.434000e+02 -6.968396e+01 9.486547e-02
3.434000e+02 -6.979852e+01 9.521345e-02
3.434000e+02 -6.976938e+01 9.381765e-02
3.434000e+02 -6.985945e+01 9.417475e-02
3.434000e+02 -6.985866e+01 9.547172e-02
3.434000e+02 -6.982125e+01 9.460880e-02
3.434000e+02 -6.975748e+01 9.599298e-02
3.436000e+02 -7.997139e+01 1.086163e-01
3.436000e+02 -7.997528e+01 1.090032e-01
3.436000e+02 -7.996514e+01 1.073688e-01
3.436000e+02 -7.992653e+01 1.114800e-01
3.436000e+02 -7.985886e+01 1.080194e-01
3.436000e+02 -7.988157e+01 1.082786e-01
3.436000e+02 -7.977509e+01 1.119270e-01
3.436000e+02 -7.992350e+01 1.078379e-01
3.436000e+02 -7.988154e+01 1.104820e-01
3.438000e+02 -8.939743e+01 1.231375e-01
3.438000e+02 -8.911930e+01 1.216145e-01
3.438000e+02 -8.917517e+01 1.236004e-01
3.438000e+02 -8.924937e+01 1.250348e-01
3.438000e+02 -8.918893e+01 1.229626e-01
3.438000e+02 -8.918662e+01 1.225799e-01
3.438000e+02 -8.927466e+01 1.234515e-01
3.438000e+02 -8.909662e+01 1.220629e-01
3.440000e+02 -9.687884e+01 1.349476e-01
3.440000e+02 -9.691942e+01 1.350398e-01
3.440000e+02 -9.675601e+01 1.381054e-01
3.440000e+02 -9.700143e+01 1.346954e-01
3.440000e+02 -9.679158e+01 1.330731e-01
3.440000e+02 -9.670267e+01 1.356566e-01
3.440000e+02 -9.688022e+01 1.371378e-01
3.440000e+02 -9.690357e+01 1.467206e-01
3.440000e+02 -9.709821e+01 1.363685e-01
3.440000e+02 -9.708202e+01 1.349590e-01
3.442000e+02 -1.024579e+02 1.435777e-01
3.442000e+02 -1.024707e+02 1.455305e-01
3.442000e+02 -1.024833e+02 1.521051e-01
3.442000e+02 -1.022602e+02 1.497192e-01
3.442000e+02 -1.024356e+02 1.505758e-01
3.442000e+02 -1.022987e+02 1.458047e-01
3.442000e+02 -1.024793e+02 1.428239e-01
3.442000e+02 -1.024803e+02 1.421365e-01
3.442000e+02 -1.026331e+02 1.414002e-01
3.444000e+02 -1.059585e+02 1.550723e-01
3.444000e+02 -1.059616e+02 1.479000e-01
3.444000e+02 -1.056725e+02 1.496207e-01
3.444000e+02 -1.060991e+02 1.492936e-01
3.444000e+02 -1.061151e+02 1.479039e-01
3.444000e+02 -1.056290e+02 1.504041e-01
3.444000e+02 -1.059315e+02 1.502428e-01
3.444000e+02 -1.060343e+02 1.530453e-01
3.444000e+02 -1.058699e+02 1.483889e-01
3.444000e+02 -1.059736e+02 1.496273e-01
3.446000e+02 -1.076404e+02 1.544396e-01
3.446000e+02 -1.077476e+02 1.521541e-01
3.446000e+02 -1.080697e+02 1.533256e-01
3.446000e+02 -1.081561e+02 1.550217e-01
3.446000e+02 -1.081299e+02 1.494883e-01
3.446000e+02 -1.079594e+02 1.568467e-01
3.446000e+02 -1.081386e+02 1.552399e-01
3.446000e+02 -1.079874e+02 1.585844e-01
3.446000e+02 -1.079228e+02 1.522823e-01
3.446000e+02 -1.078663e+02 1.540474e-01
3.448000e+02 -1.092423e+02 1.575134e-01
3.448000e+02 -1.090689e+02 1.543222e-01
3.448000e+02 -1.093309e+02 1.573927e-01
3.448000e+02 -1.091308e+02 1.577261e-01
3.448000e+02 -1.091976e+02 1.552641e-01
3.448000e+02 -1.094641e+02 1.570209e-01
3.448000e+02 -1.095827e+02 1.557045e-01
3.448000e+02 -1.090277e+02 1.544656e-01
3.448000e+02 -1.092833e+02 1.580756e-01
3.448000e+02 -1.093201e+02 1.614635e-01
3.450000e+02 -1.104447e+02 1.592527e-01
3.450000e+02 0.000000e+00 0.000000e+00
3.450000e+02 -1.101163e+02 1.609676e-01
3.450000e+02 -1.105318e+02 1.587119e-01
3.450000e+02 -1.105656e+02 1.582612e-01
3.450000e+02 -1.103682e+02 1.590993e-01
3.450000e+02 -1.106080e+02 1.553111e-01
3.450000e+02 -1.102736e+02 1.580530e-01
3.452000e+02 -1.120593e+02 1.609160e-01
3.452000e+02 -1.121248e+02 1.594941e-01
3.452000e+02 -1.122798e+02 1.644634e-01
3.452000e+02 -1.125618e+02 1.594717e-01
3.452000e+02 -1.120026e+02 1.625636e-01
3.452000e+02 -1.122009e+02 1.587418e-01
3.452000e+02 -1.120448e+02 1.620577e-01
3.452000e+02 -1.121777e+02 1.555325e-01
3.452000e+02 -1.121955e+02 1.627190e-01
3.452000e+02 -1.120914e+02 1.620374e-01
3.454000e+02 -1.138606e+02 1.638302e-01
3.454000e+02 -1.140536e+02 1.653479e-01
3.454000e+02 -1.140985e+02 1.660740e-01
3.454000e+02 -1.139892e+02 1.613728e-01
3.454000e+02 -1.139746e+02 1.626948e-01
3.454000e+02 -1.140730e+02 1.642977e-01
3.454000e+02 -1.142052e+02 1.642257e-01
3.454000e+02 -1.142656e+02 1.651646e-01
3.454000e+02 -1.143595e+02 1.654146e-01
3.454000e+02 -1.141677e+02 1.664013e-01
3.456000e+02 -1.167780e+02 1.695314e-01
3.456000e+02 -1.169284e+02 1.669198e-01
3.456000e+02 -1.165439e+02 1.685790e-01
3.456000e+02 -1.165040e+02 1.692404e-01
3.456000e+02 -1.168060e+02 1.673727e-01
3.456000e+02 -1.167653e+02 1.695960e-01
3.456000e+02 -1.167842e+02 1.680885e-01
3.456000e+02 -1.167354e+02 1.695029e-01
3.456000e+02 -1.164829e+02 1.640703e-01
3.456000e+02 -1.165861e+02 1.685497e-01
3.458000e+02 -1.201337e+02 1.718444e-01
3.458000e+02 -1.200012e+02 1.713501e-01
3.458000e+02 -1.197814e+02 1.701603e-01
3.458000e+02 -1.199192e+02 1.698809e-01
3.458000e+02 -1.196884e+02 1.683478e-01
3.458000e+02 -1.198276e+02 1.724466e-01
3.458000e+02 -1.194049e+02 1.720555e-01
3.458000e+02 -1.198069e+02 1.730336e-01
3.458000e+02 -1.198840e+02 1.733514e-01
3.458000e+02 -1.196863e+02 1.719321e-01
3.460000e+02 -1.232273e+02 1.775577e-01
3.460000e+02 -1.232035e+02 1.794015e-01
3.460000e+02 -1.228082e+02 1.761924e-01
3.460000e+02 -1.229194e+02 1.756664e-01
3.460000e+02 -1.229215e+02 1.810470e-01
3.460000e+02 -1.229047e+02 1.758699e-01
3.460000e+02 0.000000e+00 0.000000e+00
3.460000e+02 -1.228652e+02 1.803413e-01
3.460000e+02 -1.227670e+02 1.783788e-01
3.462000e+02 -1.263176e+02 1.857040e-01
3.462000e+02 -1.261293e+02 1.836711e-01
3.462000e+02 -1.262177e+02 1.869489e-01
3.462000e+02 -1.259654e+02 1.839514e-01
3.462000e+02 -1.262850e+02 1.874595e-01
3.462000e+02 -1.260844e+02 1.865247e-01
3.462000e+02 -1.261562e+02 1.832319e-01
3.462000e+02 -1.260471e+02 1.837559e-01
3.462000e+02 -1.264033e+02 1.819848e-01
3.464000e+02 -1.297222e+02 1.842963e-01
3.464000e+02 -1.292014e+02 1.884860e-01
3.464000e+02 -1.293124e+02 1.871846e-01
3.464000e+02 -1.297513e+02 1.867846e-01
3.464000e+02 -1.293179e+02 1.883913e-01
3.464000e+02 -1.296991e+02 1.853559e-01
3.464000e+02 -1.294434e+02 1.824239e-01
3.464000e+02 -1.294645e+02 1.853115e-01
3.464000e+02 -1.298254e+02 1.857937e-01
3.464000e+02 -1.293568e+02 1.834034e-01
3.466000e+02 -1.331295e+02 1.906145e-01
3.466000e+02 -1.328862e+02 1.909724e-01
3.466000e+02 -1.331089e+02 1.924378e-01
3.466000e+02 -1.330901e+02 1.943344e-01
3.466000e+02 -1.330591e+02 1.916733e-01
3.466000e+02 -1.327100e+02 1.941962e-01
3.466000e+02 -1.332802e+02 1.895467e-01
3.466000e+02 -1.328934e+02 1.929621e-01
3.466000e+02 -1.331489e+02 1.979930e-01
3.466000e+02 -1.333033e+02 1.934459e-01
3.468000e+02 -1.363945e+02 1.976876e-01
3.468000e+02 -1.367826e+02 1.974667e-01
3.468000e+02 -1.367710e+02 1.972574e-01
3.468000e+02 -1.367998e+02 1.978317e-01
3.468000e+02 -1.363198e+02 1.989874e-01
3.468000e+02 -1.362069e+02 1.987313e-01
3.468000e+02 -1.367403e+02 1.952173e-01
3.468000e+02 -1.367640e+02 1.992409e-01
3.468000e+02 -1.369032e+02 2.017276e-01
3.470000e+02 -1.396634e+02 2.028679e-01
3.470000e+02 -1.399846e+02 2.068017e-01
3.470000e+02 -1.396572e+02 2.075538e-01
3.470000e+02 -1.397016e+02 2.102751e-01
3.470000e+02 -1.398611e+02 2.067094e-01
3.470000e+02 -1.396760e+02 2.075859e-01
3.470000e+02 -1.396931e+02 2.030130e-01
3.470000e+02 -1.395493e+02 2.062247e-01
3.470000e+02 -1.396009e+02 2.111078e-01
3.472000e+02 -1.430033e+02 2.167331e-01
3.472000e+02 -1.429436e+02 2.178671e-01
3.472000e+02 -1.428648e+02 2.168052e-01
3.472000e+02 -1.428122e+02 2.164728e-01
3.472000e+02 -1.428860e+02 2.166233e-01
3.472000e+02 -1.430020e+02 2.147136e-01
3.472000e+02 -1.429146e+02 2.174680e-01
3.472000e+02 -1.429188e+02 2.129849e-01
3.472000e+02 -1.430785e+02 2.146317e-01
3.472000e+02 -1.431582e+02 2.133181e-01
3.474000e+02 -1.457916e+02 2.243782e-01
3.474000e+02 -1.460612e+02 2.246131e-01
3.474000e+02 -1.456542e+02 2.199840e-01
3.474000e+02 -1.455971e+02 2.222017e-01
3.474000e+02 -1.459031e+02 2.214051e-01
3.474000e+02 -1.454848e+02 2.225724e-01
3.474000e+02 -1.460816e+02 2.230845e-01
3.474000e+02 -1.463001e+02 2.219169e-01
3.474000e+02 -1.457819e+02 2.230219e-01
3.474000e+02 -1.458618e+02 2.284602e-01
3.476000e+02 -1.488856e+02 2.314536e-01
3.476000e+02 -1.488004e+02 2.304303e-01
3.476000e+02 -1.489193e+02 2.309594e-01
3.476000e+02 -1.489723e+02 2.309592e-01
3.476000e+02 -1.486982e+02 2.291750e-01
3.476000e+02 -1.486581e+02 2.303245e-01
3.476000e+02 -1.489501e+02 2.307865e-01
3.476000e+02 -1.487835e+02 2.334660e-01
3.476000e+02 -1.484665e+02 2.266380e-01
3.476000e+02 -1.491056e+02 2.314297e-01
3.478000e+02 -1.512052e+02 2.388293e-01
3.478000e+02 -1.515680e+02 2.359730e-01
3.478000e+02 -1.513150e+02 2.391172e-01
3.478000e+02 -1.514945e+02 2.378130e-01
3.478000e+02 -1.509432e+02 2.372861e-01
3.478000e+02 -1.514974e+02 2.341362e-01
3.478000e+02 -1.512802e+02 2.429520e-01
3.478000e+02 -1.513056e+02 2.427884e-01
3.478000e+02 -1.516841e+02 2.374808e-01
3.480000e+02 -1.542892e+02 2.439506e-01
3.480000e+02 -1.542176e+02 2.421490e-01
3.480000e+02 -1.538446e+02 2.446700e-01
3.480000e+02 -1.537829e+02 2.517048e-01
3.480000e+02 -1.541660e+02 2.483177e-01
3.480000e+02 -1.542825e+02 2.461731e-01
3.480000e+02 -1.537221e+02 2.448043e-01
3.480000e+02 -1.536345e+02 2.445204e-01
3.480000e+02 -1.536122e+02 2.431221e-01
3.480000e+02 -1.541355e+02 2.444816e-01
3.482000e+02 -1.556040e+02 2.565056e-01
3.482000e+02 -1.560646e+02 2.498809e-01
3.482000e+02 -1.562302e+02 2.538779e-01
3.482000e+02 -1.563425e+02 2.507263e-01
3.482000e+02 -1.563520e+02 2.541096e-01
3.482000e+02 -1.560875e+02 2.511606e-01
3.482000e+02 -1.559358e+02 2.492597e-01
3.482000e+02 -1.561579e+02 2.539384e-01
3.482000e+02 -1.559434e+02 2.499859e-01
3.482000e+02 -1.556856e+02 2.562634e-01
3.484000e+02 -1.582951e+02 2.638969e-01
3.484000e+02 -1.581082e+02 2.620436e-01
3.484000e+02 -1.579498e+02 2.609420e-01
3.484000e+02 -1.579364e+02 2.602155e-01
3.484000e+02 -1.586889e+02 2.659040e-01
3.484000e+02 -1.583485e+02 2.584224e-01
3.484000e+02 -1.575986e+02 2.592237e-01
3.484000e+02 -1.584480e+02 2.602999e-01
3.484000e+02 -1.583196e+02 2.573124e-01
3.484000e+02 -1.581213e+02 2.610683e-01
3.486000e+02 -1.606272e+02 2.691227e-01
3.486000e+02 -1.601542e+02 2.661049e-01
3.486000e+02 -1.600756e+02 2.693767e-01
3.486000e+02 -1.599945e+02 2.687113e-01
3.486000e+02 -1.603459e+02 2.662019e-01
3.486000e+02 -1.597379e+02 2.771376e-01
3.486000e+02 -1.602363e+02 2.695043e-01
3.486000e+02 -1.595991e+02 2.655969e-01
3.486000e+02 -1.600839e+02 2.699628e-01
3.486000e+02 -1.598899e+02 2.680130e-01
3.488000e+02 -1.621340e+02 2.814574e-01
3.488000e+02 -1.616856e+02 2.768506e-01
3.488000e+02 -1.613206e+02 2.753607e-01
3.488000e+02 -1.617308e+02 2.733968e-01
3.488000e+02 -1.618778e+02 2.750047e-01
3.488000e+02 -1.620540e+02 2.707924e-01
3.488000e+02 -1.619922e+02 2.736710e-01
3.488000e+02 -1.622253e+02 2.792153e-01
3.488000e+02 -1.621153e+02 2.705629e-01
3.488000e+02 -1.624092e+02 2.740888e-01
3.490000e+02 -1.637748e+02 2.853214e-01
3.490000e+02 -1.646197e+02 2.797078e-01
3.490000e+02 -1.639533e+02 2.772158e-01
3.490000e+02 -1.635030e+02 2.808767e-01
3.490000e+02 -1.639628e+02 2.872704e-01
3.490000e+02 -1.638828e+02 2.817916e-01
3.490000e+02 -1.637842e+02 2.778939e-01
3.490000e+02 -1.638216e+02 2.811979e-01
3.490000e+02 -1.633674e+02 2.821493e-01
3.492000e+02 -1.650528e+02 2.849773e-01
3.492000e+02 -1.655882e+02 2.871537e-01
3.492000e+02 -1.648281e+02 2.845888e-01
3.492000e+02 -1.656145e+02 2.869810e-01
3.492000e+02 -1.652853e+02 2.862260e-01
3.492000e+02 -1.652522e+02 2.887642e-01
3.492000e+02 -1.656827e+02 2.928098e-01
3.492000e+02 -1.653191e+02 2.902447e-01
3.492000e+02 -1.652920e+02 2.862508e-01
3.494000e+02 -1.666499e+02 2.905645e-01
3.494000e+02 -1.672843e+02 2.946350e-01
3.494000e+02 -1.672277e+02 2.964659e-01
3.494000e+02 -1.669114e+02 2.944514e-01
3.494000e+02 -1.669862e+02 2.953888e-01
3.494000e+02 -1.673516e+02 2.939908e-01
3.494000e+02 -1.665770e+02 2.998391e-01
3.494000e+02 -1.665369e+02 2.943927e-01
3.494000e+02 0.000000e+00 0.000000e+00
3.496000e+02 -1.679294e+02 3.018920e-01
3.496000e+02 -1.677386e+02 3.039979e-01
3.496000e+02 -1.681099e+02 3.049485e-01
3.496000e+02 -1.689076e+02 3.019013e-01
3.496000e+02 -1.684863e+02 2.998898e-01
3.496000e+02 -1.672234e+02 3.010313e-01
3.496000e+02 -1.684165e+02 3.016159e-01
3.496000e+02 -1.680868e+02 3.041016e-01
3.496000e+02 -1.680598e+02 3.002686e-01
3.496000e+02 -1.683707e+02 3.045767e-01
3.498000e+02 -1.690734e+02 3.071293e-01
3.498000e+02 -1.697453e+02 3.110818e-01
3.498000e+02 -1.697062e+02 3.090942e-01
3.498000e+02 -1.692817e+02 3.099104e-01
3.498000e+02 -1.690235e+02 3.081358e-01
3.498000e+02 -1.694996e+02 3.075080e-01
3.498000e+02 -1.699083e+02 3.089968e-01
3.498000e+02 -1.691964e+02 3.122412e-01
3.498000e+02 -1.697015e+02 3.065156e-01
3.498000e+02 -1.699699e+02 3.026985e-01
3.500000e+02 -1.704975e+02 3.135348e-01
3.500000e+02 -1.706654e+02 3.121738e-01
3.500000e+02 -1.702999e+02 3.192300e-01
3.500000e+02 -1.703181e+02 3.151933e-01
3.500000e+02 -1.706544e+02 3.080785e-01
3.500000e+02 -1.709817e+02 3.123650e-01
3.500000e+02 -1.707347e+02 3.129533e-01
3.500000e+02 -1.704867e+02 3.184152e-01
3.500000e+02 -1.702416e+02 3.141773e-01
3.500000e+02 -1.702388e+02 3.166937e-01
3.510000e+02 -1.752426e+02 3.470588e-01
3.510000e+02 -1.759050e+02 3.448566e-01
3.510000e+02 -1.755164e+02 3.452040e-01
3.510000e+02 -1.764315e+02 3.387561e-01
3.510000e+02 -1.753990e+02 3.468865e-01
3.510000e+02 -1.756082e+02 3.502614e-01
3.510000e+02 -1.753406e+02 3.435586e-01
3.510000e+02 -1.756859e+02 3.410402e-01
3.510000e+02 -1.754797e+02 3.387707e-01
3.510000e+02 -1.754917e+02 3.438216e-01
3.520000e+02 -1.796019e+02 3.722562e-01
3.520000e+02 -1.793784e+02 3.632235e-01
3.520000e+02 -1.795910e+02 3.731548e-01
3.520000e+02 -1.797631e+02 3.627304e-01
3.520000e+02 -1.791239e+02 3.742564e-01
3.520000e+02 -1.790750e+02 3.717855e-01
3.520000e+02 -1.795118e+02 3.759114e-01
3.520000e+02 -1.787691e+02 3.642196e-01
3.520000e+02 -1.796949e+02 3.725525e-01
3.520000e+02 -1.790440e+02 3.720320e-01
3.530000e+02 -1.822228e+02 4.019271e-01
3.530000e+02 -1.814704e+02 3.984689e-01
3.530000e+02 -1.827847e+02 3.981986e-01
3.530000e+02 -1.819633e+02 3.902414e-01
3.530000e+02 -1.807944e+02 3.995293e-01
3.530000e+02 -1.815477e+02 3.954703e-01
3.530000e+02 -1.813206e+02 3.955479e-01
3.530000e+02 -1.816493e+02 3.904603e-01
3.530000e+02 -1.824600e+02 4.023298e-01
3.530000e+02 -1.820175e+02 4.036955e-01
3.540000e+02 -1.843680e+02 4.254144e-01
3.540000e+02 -1.849398e+02 4.245101e-01
3.540000e+02 -1.846220e+02 4.116715e-01
3.540000e+02 -1.844607e+02 4.180952e-01
3.540000e+02 -1.843774e+02 4.201253e-01
3.540000e+02 -1.840554e+02 4.208855e-01
3.540000e+02 -1.842082e+02 4.211921e-01
3.540000e+02 -1.840851e+02 4.175108e-01
3.540000e+02 -1.844960e+02 4.223241e-01
3.550000e+02 -1.857515e+02 4.353527e-01
3.550000e+02 -1.849858e+02 4.472122e-01
3.550000e+02 -1.863792e+02 4.449245e-01
3.550000e+02 -1.855769e+02 4.341856e-01
3.550000e+02 -1.853111e+02 4.477763e-01
3.550000e+02 -1.858845e+02 4.377952e-01
3.550000e+02 -1.852344e+02 4.381972e-01
3.550000e+02 -1.848514e+02 4.469527e-01
3.550000e+02 -1.863433e+02 4.429892e-01
3.550000e+02 -1.852108e+02 4.451084e-01
3.560000e+02 -1.859094e+02 4.556806e-01
3.560000e+02 -1.858432e+02 4.624995e-01
3.560000e+02 -1.862553e+02 4.555158e-01
3.560000e+02 -1.870201e+02 4.596093e-01
3.560000e+02 -1.860324e+02 4.628672e-01
3.560000e+02 -1.862010e+02 4.670031e-01
3.560000e+02 -1.860489e+02 4.649325e-01
3.560000e+02 -1.861989e+02 4.598743e-01
3.560000e+02 -1.868960e+02 4.606965e-01
3.560000e+02 -1.872966e+02 4.527132e-01
3.570000e+02 -1.864868e+02 4.885763e-01
3.570000e+02 -1.873489e+02 4.882690e-01
3.570000e+02 -1.868362e+02 4.785827e-01
3.570000e+02 -1.872366e+02 4.828399e-01
3.570000e+02 -1.877228e+02 4.924944e-01
3.570000e+02 -1.875859e+02 4.797900e-01
3.570000e+02 -1.882951e+02 4.799921e-01
3.570000e+02 -1.868084e+02 4.817906e-01
3.570000e+02 -1.877703e+02 4.791669e-01
3.580000e+02 -1.879378e+02 4.981936e-01
3.580000e+02 -1.875743e+02 4.905234e-01
3.580000e+02 -1.874901e+02 5.010497e-01
3.580000e+02 -1.881898e+02 4.946056e-01
3.580000e+02 -1.875837e+02 5.031777e-01
3.580000e+02 -1.876786e+02 4.991988e-01
3.580000e+02 -1.872012e+02 4.962801e-01
3.580000e+02 -1.884937e+02 5.046823e-01
3.580000e+02 -1.879527e+02 4.919659e-01
3.590000e+02 -1.882528e+02 5.103461e-01
3.590000e+02 -1.881819e+02 5.014646e-01
3.590000e+02 -1.868121e+02 5.046975e-01
3.590000e+02 -1.878607e+02 5.186240e-01
3.590000e+02 -1.872673e+02 5.040167e-01
3.590000e+02 -1.882534e+02 5.152664e-01
3.590000e+02 -1.881760e+02 5.127881e-01
3.590000e+02 -1.876835e+02 5.136072e-01
3.590000e+02 -1.872498e+02 5.129568e-01
3.590000e+02 -1.879760e+02 5.120456e-01
3.600000e+02 -1.887111e+02 5.254416e-01
3.600000e+02 -1.879564e+02 5.221861e-01
3.600000e+02 -1.888339e+02 5.295131e-01
3.600000e+02 -1.884531e+02 5.165652e-01
3.600000e+02 -1.880406e+02 5.298658e-01
3.600000e+02 -1.872314e+02 5.292404e-01
3.600000e+02 -1.881050e+02 5.270773e-01
3.600000e+02 -1.885665e+02 5.194216e-01
3.600000e+02 -1.889599e+02 5.147237e-01
3.600000e+02 -1.887626e+02 5.237909e-01
3.650000e+02 -1.874171e+02 5.888240e-01
3.650000e+02 -1.871481e+02 5.924729e-01
3.650000e+02 -1.888709e+02 5.945387e-01
3.650000e+02 -1.881547e+02 5.868327e-01
3.650000e+02 -1.870798e+02 5.885106e-01
3.650000e+02 -1.882937e+02 5.906433e-01
3.650000e+02 -1.873035e+02 5.959218e-01
3.650000e+02 -1.875059e+02 5.963619e-01
3.650000e+02 -1.878277e+02 5.842853e-01
3.650000e+02 -1.884621e+02 5.995026e-01
3.700000e+02 -1.842875e+02 6.481096e-01
3.700000e+02 -1.858078e+02 6.439726e-01
3.700000e+02 -1.840976e+02 6.450285e-01
3.700000e+02 -1.829824e+02 6.415647e-01
3.700000e+02 -1.859363e+02 6.428047e-01
3.700000e+02 -1.833886e+02 6.391240e-01
3.700000e+02 -1.846840e+02 6.406135e-01
3.700000e+02 -1.847302e+02 6.461828e-01
3.700000e+02 -1.838176e+02 6.487110e-01
3.700000e+02 -1.838296e+02 6.482547e-01
3.750000e+02 -1.805608e+02 6.804556e-01
3.750000e+02 -1.784952e+02 6.703591e-01
3.750000e+02 -1.793498e+02 6.792249e-01
3.750000e+02 -1.807292e+02 6.718392e-01
3.750000e+02 -1.800467e+02 6.823530e-01
3.750000e+02 -1.792904e+02 6.858813e-01
3.750000e+02 -1.796429e+02 6.814349e-01
3.750000e+02 -1.796065e+02 6.786344e-01
3.750000e+02 -1.788575e+02 6.832024e-01
3.750000e+02 -1.794836e+02 6.834659e-01
3.800000e+02 -1.725383e+02 6.856258e-01
3.800000e+02 -1.718325e+02 6.917975e-01
3.800000e+02 -1.722390e+02 6.926190e-01
3.800000e+02 -1.736547e+02 7.013071e-01
3.800000e+02 -1.728682e+02 6.978854e-01
3.800000e+02 -1.730949e+02 6.874783e-01
3.800000e+02 -1.727812e+02 6.922356e-01
3.800000e+02 -1.724814e+02 6.951328e-01
3.800000e+02 -1.725593e+02 6.868233e-01
3.800000e+02 -1.711086e+02 6.937126e-01
3.850000e+02 -1.650157e+02 6.785941e-01
3.850000e+02 -1.638138e+02 6.915859e-01
3.850000e+02 -1.657049e+02 6.926540e-01
3.850000e+02 -1.653339e+02 6.840388e-01
3.850000e+02 -1.632937e+02 6.899963e-01
3.850000e+02 -1.641476e+02 6.980769e-01
3.850000e+02 -1.643002e+02 6.804095e-01
3.850000e+02 -1.646132e+02 6.774555e-01
3.850000e+02 -1.644137e+02 6.893839e-01
3.850000e+02 -1.636025e+02 6.916953e-01
