3.250000e+02 1.944273e-24 4.453203e-27
3.250000e+02 1.950829e-24 4.402117e-27
3.250000e+02 1.949398e-24 4.416591e-27
3.250000e+02 1.957997e-24 4.501332e-27
3.250000e+02 1.950817e-24 4.437338e-27
3.250000e+02 1.960523e-24 4.479423e-27
3.250000e+02 1.952505e-24 4.449168e-27
3.250000e+02 1.949470e-24 4.425060e-27
3.250000e+02 1.951425e-24 4.426134e-27
3.250000e+02 1.950235e-24 4.433250e-27
3.260000e+02 2.327084e-24 5.295703e-27
3.260000e+02 2.329004e-24 5.371070e-27
3.260000e+02 2.319305e-24 5.247604e-27
3.260000e+02 2.326118e-24 5.291640e-27
3.260000e+02 2.323284e-24 5.218789e-27
3.260000e+02 2.319245e-24 5.318608e-27
3.260000e+02 2.329745e-24 5.290691e-27
3.260000e+02 2.319356e-24 5.320433e-27
3.260000e+02 2.331058e-24 5.334336e-27
3.260000e+02 2.336647e-24 5.316310e-27
3.270000e+02 2.793622e-24 6.325221e-27
3.270000e+02 2.791353e-24 6.434783e-27
3.270000e+02 2.794387e-24 6.376002e-27
3.270000e+02 2.795345e-24 6.418783e-27
3.270000e+02 2.790433e-24 6.482976e-27
3.270000e+02 2.783622e-24 6.389329e-27
3.270000e+02 2.792611e-24 6.393192e-27
3.270000e+02 2.797200e-24 6.384093e-27
3.270000e+02 2.813214e-24 6.434243e-27
3.270000e+02 2.788100e-24 6.388665e-27
3.280000e+02 3.384607e-24 7.769320e-27
3.280000e+02 3.379992e-24 7.716820e-27
3.280000e+02 3.390719e-24 7.754805e-27
3.280000e+02 3.395968e-24 7.819568e-27
3.280000e+02 3.390260e-24 7.728226e-27
3.280000e+02 3.375366e-24 7.830191e-27
3.280000e+02 3.386089e-24 7.804491e-27
3.280000e+02 3.391112e-24 7.750294e-27
3.280000e+02 3.392925e-24 7.825978e-27
3.280000e+02 3.391169e-24 7.777917e-27
3.290000e+02 2.394245e-07 5.818621e-10
3.290000e+02 2.394411e-07 5.919640e-10
3.290000e+02 2.406521e-07 5.787711e-10
3.290000e+02 2.408097e-07 5.901162e-10
3.290000e+02 2.396018e-07 5.816136e-10
3.290000e+02 2.401658e-07 5.784122e-10
3.290000e+02 2.393588e-07 5.931591e-10
3.290000e+02 2.400292e-07 5.681096e-10
3.290000e+02 2.400895e-07 5.734730e-10
3.290000e+02 2.396487e-07 5.753271e-10
3.300000e+02 3.952206e-05 9.313933e-08
3.300000e+02 3.943967e-05 9.451536e-08
3.300000e+02 3.968702e-05 9.508202e-08
3.300000e+02 3.935758e-05 9.487564e-08
3.300000e+02 3.961986e-05 9.442692e-08
3.300000e+02 3.951043e-05 9.347344e-08
3.300000e+02 3.945813e-05 9.644462e-08
3.300000e+02 3.964211e-05 9.321557e-08
3.300000e+02 3.964816e-05 9.480417e-08
3.300000e+02 3.959396e-05 9.195747e-08
3.310000e+02 4.049350e-04 9.416106e-07
3.310000e+02 4.041653e-04 9.646341e-07
3.310000e+02 4.044080e-04 9.572127e-07
3.310000e+02 4.032664e-04 9.497621e-07
3.310000e+02 4.042773e-04 9.623081e-07
3.310000e+02 4.044019e-04 9.731449e-07
3.310000e+02 4.036868e-04 9.670957e-07
3.310000e+02 4.049931e-04 9.464549e-07
3.310000e+02 4.031031e-04 9.575395e-07
3.310000e+02 4.034673e-04 9.339338e-07
3.320000e+02 1.938673e-03 4.577621e-06
3.320000e+02 1.947353e-03 4.597251e-06
3.320000e+02 1.932647e-03 4.584602e-06
3.320000e+02 1.945190e-03 4.571948e-06
3.320000e+02 1.945325e-03 4.561565e-06
3.320000e+02 1.949878e-03 4.636941e-06
3.320000e+02 1.940086e-03 4.573312e-06
3.320000e+02 1.946498e-03 4.537103e-06
3.320000e+02 1.953243e-03 4.638838e-06
3.320000e+02 1.945475e-03 4.564127e-06
3.330000e+02 6.628318e-03 1.575676e-05
3.330000e+02 6.641538e-03 1.577008e-05
3.330000e+02 6.644424e-03 1.561254e-05
3.330000e+02 6.621829e-03 1.580223e-05
3.330000e+02 6.635477e-03 1.605455e-05
3.330000e+02 6.629823e-03 1.583803e-05
3.330000e+02 6.668758e-03 1.561340e-05
3.330000e+02 6.599743e-03 1.570481e-05
3.330000e+02 6.625873e-03 1.570485e-05
3.330000e+02 6.633542e-03 1.600586e-05
3.340000e+02 1.866817e-02 4.411395e-05
3.340000e+02 1.869267e-02 4.434197e-05
3.340000e+02 1.865241e-02 4.452619e-05
3.340000e+02 1.864890e-02 4.403355e-05
3.340000e+02 1.861898e-02 4.499038e-05
3.340000e+02 1.868493e-02 4.483547e-05
3.340000e+02 1.865892e-02 4.461078e-05
3.340000e+02 1.861636e-02 4.481563e-05
3.340000e+02 1.862083e-02 4.492797e-05
3.340000e+02 1.868964e-02 4.432020e-05
3.350000e+02 4.672102e-02 1.137256e-04
3.350000e+02 4.699258e-02 1.152988e-04
3.350000e+02 4.674151e-02 1.113965e-04
3.350000e+02 4.702491e-02 1.118302e-04
3.350000e+02 4.680323e-02 1.117190e-04
3.350000e+02 4.681364e-02 1.104281e-04
3.350000e+02 4.669373e-02 1.124652e-04
3.350000e+02 4.672308e-02 1.111403e-04
3.350000e+02 4.693816e-02 1.127981e-04
3.350000e+02 4.690398e-02 1.121494e-04
3.360000e+02 1.094633e-01 2.669010e-04
3.360000e+02 1.096315e-01 2.640651e-04
3.360000e+02 1.093705e-01 2.636965e-04
3.360000e+02 1.095692e-01 2.682264e-04
3.360000e+02 1.097786e-01 2.643393e-04
3.360000e+02 1.099494e-01 2.656283e-04
3.360000e+02 1.097714e-01 2.593680e-04
3.360000e+02 1.100265e-01 2.629210e-04
3.360000e+02 1.094389e-01 2.625788e-04
3.370000e+02 2.458624e-01 6.021462e-04
3.370000e+02 2.474644e-01 6.062176e-04
3.370000e+02 2.468360e-01 6.148412e-04
3.370000e+02 2.475566e-01 6.023946e-04
3.370000e+02 2.464870e-01 5.981490e-04
3.370000e+02 2.468092e-01 5.895428e-04
3.370000e+02 2.456908e-01 6.032122e-04
3.370000e+02 2.468475e-01 6.156839e-04
3.370000e+02 2.472294e-01 6.073630e-04
3.370000e+02 2.461865e-01 5.927745e-04
3.380000e+02 5.434398e-01 1.324021e-03
3.380000e+02 5.408066e-01 1.329934e-03
3.380000e+02 5.443437e-01 1.368263e-03
3.380000e+02 5.422055e-01 1.338870e-03
3.380000e+02 5.451678e-01 1.345765e-03
3.380000e+02 5.437636e-01 1.352744e-03
3.380000e+02 5.446356e-01 1.328869e-03
3.380000e+02 5.424378e-01 1.334716e-03
3.380000e+02 5.434316e-01 1.345550e-03
3.380000e+02 5.424532e-01 1.331184e-03
3.390000e+02 1.178348e+00 2.924710e-03
3.390000e+02 1.170039e+00 2.945939e-03
3.390000e+02 1.174828e+00 2.958100e-03
3.390000e+02 1.173416e+00 2.951351e-03
3.390000e+02 1.170472e+00 2.917350e-03
3.390000e+02 1.174280e+00 3.004323e-03
3.390000e+02 1.170180e+00 2.928753e-03
3.390000e+02 1.175463e+00 2.910953e-03
3.390000e+02 1.165362e+00 2.927604e-03
3.390000e+02 1.169095e+00 2.906389e-03
3.400000e+02 2.371201e+00 6.176059e-03
3.400000e+02 2.365631e+00 6.113138e-03
3.400000e+02 2.364842e+00 5.981610e-03
3.400000e+02 2.360896e+00 5.981022e-03
3.400000e+02 2.358846e+00 6.002564e-03
3.400000e+02 2.361215e+00 5.974946e-03
3.400000e+02 2.371234e+00 5.986030e-03
3.400000e+02 2.369931e+00 5.975523e-03
3.400000e+02 2.367494e+00 6.046943e-03
3.400000e+02 2.361829e+00 5.920146e-03
3.402000e+02 2.680095e+00 6.800485e-03
3.402000e+02 2.681719e+00 6.704475e-03
3.402000e+02 2.672783e+00 6.755267e-03
3.402000e+02 2.686227e+00 6.737752e-03
3.402000e+02 2.678434e+00 6.740222e-03
3.402000e+02 2.674147e+00 6.849613e-03
3.402000e+02 2.678193e+00 6.793305e-03
3.402000e+02 2.670742e+00 6.797715e-03
3.402000e+02 2.686266e+00 6.723444e-03
3.402000e+02 2.679328e+00 6.777116e-03
3.404000e+02 3.010833e+00 7.766758e-03
3.404000e+02 3.005104e+00 7.699181e-03
3.404000e+02 3.017245e+00 7.607579e-03
3.404000e+02 3.013511e+00 7.615261e-03
3.404000e+02 2.996134e+00 7.562127e-03
3.404000e+02 3.005475e+00 7.624690e-03
3.404000e+02 2.993305e+00 7.733282e-03
3.404000e+02 3.017860e+00 7.682901e-03
3.404000e+02 3.000468e+00 7.678872e-03
3.404000e+02 3.010019e+00 7.669196e-03
3.406000e+02 3.364226e+00 8.433820e-03
3.406000e+02 3.349607e+00 8.694429e-03
3.406000e+02 3.347523e+00 8.835580e-03
3.406000e+02 3.352360e+00 8.488748e-03
3.406000e+02 3.367389e+00 8.723621e-03
3.406000e+02 3.358876e+00 8.610570e-03
3.406000e+02 3.369913e+00 8.759635e-03
3.406000e+02 3.353052e+00 8.724776e-03
3.406000e+02 3.344070e+00 8.639795e-03
3.406000e+02 3.354967e+00 8.724851e-03
3.408000e+02 3.741587e+00 9.507587e-03
3.408000e+02 3.758453e+00 9.711004e-03
3.408000e+02 3.755795e+00 9.561029e-03
3.408000e+02 3.764134e+00 9.739680e-03
3.408000e+02 3.753077e+00 9.837684e-03
3.408000e+02 3.733123e+00 9.769546e-03
3.408000e+02 3.770829e+00 9.769090e-03
3.408000e+02 3.761420e+00 9.564024e-03
3.408000e+02 3.762753e+00 9.531374e-03
3.408000e+02 3.774796e+00 9.683299e-03
3.410000e+02 4.238358e+00 1.110422e-02
3.410000e+02 4.222617e+00 1.084697e-02
3.410000e+02 4.221255e+00 1.117356e-02
3.410000e+02 4.231495e+00 1.099365e-02
3.410000e+02 4.230324e+00 1.098563e-02
3.410000e+02 4.224716e+00 1.090782e-02
3.410000e+02 4.227182e+00 1.089304e-02
3.410000e+02 4.237943e+00 1.090374e-02
3.412000e+02 4.786014e+00 1.248379e-02
3.412000e+02 4.763176e+00 1.240501e-02
3.412000e+02 4.785214e+00 1.244042e-02
3.412000e+02 4.762380e+00 1.225520e-02
3.412000e+02 4.781827e+00 1.267419e-02
3.412000e+02 4.770139e+00 1.222857e-02
3.412000e+02 4.771546e+00 1.222223e-02
3.412000e+02 4.760531e+00 1.227002e-02
3.412000e+02 4.776593e+00 1.247663e-02
3.412000e+02 4.770627e+00 1.247211e-02
3.414000e+02 5.435363e+00 1.386088e-02
3.414000e+02 5.431213e+00 1.441044e-02
3.414000e+02 5.406693e+00 1.392618e-02
3.414000e+02 5.438769e+00 1.381559e-02
3.414000e+02 5.397383e+00 1.390875e-02
3.414000e+02 5.416219e+00 1.399771e-02
3.414000e+02 5.396076e+00 1.406738e-02
3.414000e+02 5.418255e+00 1.389742e-02
3.414000e+02 5.415267e+00 1.386981e-02
3.416000e+02 6.194480e+00 1.593395e-02
3.416000e+02 6.210811e+00 1.598252e-02
3.416000e+02 6.177184e+00 1.587307e-02
3.416000e+02 6.184985e+00 1.621428e-02
3.416000e+02 6.165035e+00 1.610689e-02
3.416000e+02 6.189280e+00 1.598628e-02
3.416000e+02 6.164089e+00 1.588171e-02
3.416000e+02 6.134805e+00 1.618342e-02
3.418000e+02 7.089710e+00 1.840921e-02
3.418000e+02 7.114269e+00 1.901595e-02
3.418000e+02 7.082897e+00 1.847206e-02
3.418000e+02 7.138880e+00 1.826218e-02
3.418000e+02 7.093401e+00 1.822603e-02
3.418000e+02 7.066293e+00 1.812575e-02
3.418000e+02 7.079174e+00 1.891812e-02
3.418000e+02 7.087307e+00 1.841364e-02
3.418000e+02 7.079098e+00 1.911776e-02
3.418000e+02 7.083914e+00 1.832214e-02
3.420000e+02 8.189960e+00 2.135157e-02
3.420000e+02 8.177386e+00 2.102624e-02
3.420000e+02 8.221951e+00 2.174447e-02
3.420000e+02 8.148765e+00 2.101904e-02
3.420000e+02 8.134566e+00 2.162889e-02
3.420000e+02 8.232386e+00 2.174935e-02
3.420000e+02 8.192994e+00 2.141580e-02
3.420000e+02 8.165545e+00 2.142812e-02
3.420000e+02 8.182637e+00 2.086580e-02
3.420000e+02 8.171994e+00 2.168073e-02
3.422000e+02 9.516685e+00 2.477380e-02
3.422000e+02 9.494347e+00 2.472342e-02
3.422000e+02 9.500755e+00 2.505254e-02
3.422000e+02 9.501482e+00 2.541126e-02
3.422000e+02 9.530733e+00 2.479061e-02
3.422000e+02 9.465714e+00 2.456216e-02
3.422000e+02 9.474802e+00 2.448708e-02
3.422000e+02 9.506156e+00 2.450781e-02
3.422000e+02 9.543503e+00 2.485362e-02
3.424000e+02 1.107933e+01 2.822516e-02
3.424000e+02 1.108691e+01 2.911914e-02
3.424000e+02 1.108116e+01 2.889883e-02
3.424000e+02 1.108817e+01 2.879276e-02
3.424000e+02 1.109499e+01 2.888784e-02
3.424000e+02 1.113677e+01 2.899506e-02
3.424000e+02 1.109917e+01 2.875675e-02
3.424000e+02 1.110451e+01 2.893187e-02
3.424000e+02 1.107356e+01 2.859992e-02
3.424000e+02 1.117036e+01 2.935649e-02
3.426000e+02 1.302220e+01 3.460808e-02
3.426000e+02 1.306490e+01 3.521549e-02
3.426000e+02 1.302348e+01 3.410936e-02
3.426000e+02 1.305707e+01 3.536101e-02
3.426000e+02 1.304471e+01 3.513880e-02
3.426000e+02 1.304725e+01 3.471454e-02
3.426000e+02 1.301482e+01 3.476976e-02
3.426000e+02 1.304841e+01 3.422824e-02
3.426000e+02 1.297936e+01 3.518516e-02
3.426000e+02 1.304181e+01 3.337411e-02
3.428000e+02 1.537817e+01 4.046529e-02
3.428000e+02 1.535385e+01 3.982362e-02
3.428000e+02 1.536274e+01 4.108888e-02
3.428000e+02 1.535146e+01 4.021924e-02
3.428000e+02 1.535657e+01 4.029037e-02
3.428000e+02 1.540739e+01 4.037504e-02
3.428000e+02 1.536184e+01 4.254018e-02
3.428000e+02 1.532812e+01 3.955257e-02
3.428000e+02 1.544328e+01 3.946764e-02
3.428000e+02 1.531478e+01 3.973608e-02
3.430000e+02 1.818097e+01 4.760453e-02
3.430000e+02 1.811667e+01 4.811600e-02
3.430000e+02 1.812132e+01 4.822815e-02
3.430000e+02 1.808433e+01 4.809743e-02
3.430000e+02 1.814284e+01 4.741894e-02
3.430000e+02 1.814074e+01 4.791759e-02
3.430000e+02 1.803232e+01 4.789898e-02
3.430000e+02 1.809702e+01 4.753314e-02
3.430000e+02 1.824826e+01 4.819826e-02
3.432000e+02 2.126969e+01 5.559197e-02
3.432000e+02 2.143883e+01 5.735514e-02
3.432000e+02 2.137076e+01 5.538443e-02
3.432000e+02 2.142248e+01 5.632643e-02
3.432000e+02 2.128646e+01 5.411277e-02
3.432000e+02 2.138161e+01 5.787926e-02
3.432000e+02 2.137824e+01 5.717925e-02
3.432000e+02 2.133643e+01 5.706671e-02
3.432000e+02 2.139076e+01 5.559438e-02
3.432000e+02 2.126394e+01 5.659306e-02
3.434000e+02 2.483320e+01 6.681379e-02
3.434000e+02 2.493445e+01 6.626615e-02
3.434000e+02 2.492458e+01 6.456219e-02
3.434000e+02 2.475780e+01 6.738394e-02
3.434000e+02 2.494232e+01 6.662037e-02
3.434000e+02 2.482208e+01 6.634875e-02
3.434000e+02 2.474378e+01 6.471003e-02
3.434000e+02 2.473136e+01 6.723671e-02
3.434000e+02 2.490245e+01 6.608144e-02
3.436000e+02 2.862709e+01 7.814012e-02
3.436000e+02 2.851519e+01 7.554895e-02
3.436000e+02 2.857674e+01 7.686759e-02
3.436000e+02 2.868690e+01 7.435468e-02
3.436000e+02 2.848825e+01 7.514044e-02
3.436000e+02 2.852884e+01 7.717029e-02
3.436000e+02 2.856278e+01 7.509206e-02
3.436000e+02 2.861740e+01 7.567833e-02
3.436000e+02 2.856683e+01 7.864701e-02
3.438000e+02 3.216478e+01 8.354104e-02
3.438000e+02 3.212507e+01 8.502776e-02
3.438000e+02 3.213504e+01 8.521473e-02
3.438000e+02 3.201383e+01 8.631857e-02
3.438000e+02 3.214993e+01 8.813422e-02
3.438000e+02 3.208524e+01 8.724331e-02
3.438000e+02 3.219840e+01 8.372776e-02
3.438000e+02 3.196820e+01 8.559254e-02
3.438000e+02 3.201759e+01 8.552807e-02
3.438000e+02 3.212033e+01 8.380965e-02
3.440000e+02 3.510409e+01 9.337283e-02
3.440000e+02 3.494322e+01 9.814564e-02
3.440000e+02 3.527296e+01 9.434386e-02
3.440000e+02 3.515137e+01 9.464077e-02
3.440000e+02 3.515181e+01 9.171873e-02
3.440000e+02 3.514998e+01 9.500293e-02
3.440000e+02 3.524141e+01 9.605192e-02
3.442000e+02 3.762970e+01 1.020082e-01
3.442000e+02 3.747761e+01 1.002358e-01
3.442000e+02 3.760461e+01 1.011937e-01
3.442000e+02 3.743055e+01 1.008611e-01
3.442000e+02 3.742440e+01 9.862525e-02
3.442000e+02 3.751145e+01 1.008439e-01
3.442000e+02 3.743840e+01 1.014948e-01
3.442000e+02 3.737880e+01 1.037472e-01
3.442000e+02 3.734024e+01 9.903756e-02
3.442000e+02 3.747141e+01 1.015860e-01
3.444000e+02 3.914914e+01 1.069101e-01
3.444000e+02 3.898078e+01 1.054874e-01
3.444000e+02 3.912265e+01 1.060881e-01
3.444000e+02 3.915734e+01 1.015655e-01
3.444000e+02 3.913073e+01 1.017879e-01
3.444000e+02 3.907627e+01 1.063473e-01
3.444000e+02 3.888550e+01 1.054751e-01
3.444000e+02 3.904723e+01 1.045054e-01
3.444000e+02 3.911957e+01 1.041059e-01
3.444000e+02 3.919051e+01 1.074694e-01
3.446000e+02 3.988990e+01 1.060685e-01
3.446000e+02 3.979318e+01 1.105697e-01
3.446000e+02 3.985043e+01 1.126384e-01
3.446000e+02 3.983822e+01 1.088136e-01
3.446000e+02 3.975985e+01 1.101895e-01
3.446000e+02 4.013412e+01 1.092345e-01
3.446000e+02 4.003537e+01 1.074521e-01
3.446000e+02 3.984447e+01 1.141692e-01
3.446000e+02 3.980434e+01 1.089110e-01
3.446000e+02 3.989625e+01 1.102120e-01
3.448000e+02 4.067807e+01 1.112945e-01
3.448000e+02 4.054918e+01 1.103837e-01
3.448000e+02 4.050416e+01 1.066364e-01
3.448000e+02 4.043573e+01 1.065002e-01
3.448000e+02 4.052806e+01 1.079313e-01
3.448000e+02 4.056378e+01 1.104058e-01
3.448000e+02 4.028169e+01 1.092870e-01
3.448000e+02 4.032447e+01 1.078572e-01
3.448000e+02 4.042969e+01 1.065578e-01
3.450000e+02 4.101054e+01 1.114981e-01
3.450000e+02 4.065740e+01 1.142117e-01
3.450000e+02 4.097596e+01 1.104872e-01
3.450000e+02 4.095742e+01 1.105307e-01
3.450000e+02 4.086450e+01 1.112345e-01
3.450000e+02 4.093209e+01 1.061967e-01
3.450000e+02 4.064598e+01 1.055436e-01
3.450000e+02 4.089155e+01 1.089323e-01
3.450000e+02 4.089527e+01 1.108613e-01
3.452000e+02 4.114835e+01 1.102462e-01
3.452000e+02 4.128716e+01 1.105659e-01
3.452000e+02 4.162464e+01 1.102765e-01
3.452000e+02 4.131222e+01 1.093153e-01
3.452000e+02 4.130831e+01 1.113981e-01
3.452000e+02 4.147422e+01 1.133940e-01
3.452000e+02 4.126102e+01 1.103113e-01
3.452000e+02 4.134653e+01 1.083368e-01
3.452000e+02 4.128011e+01 1.104301e-01
3.452000e+02 4.137592e+01 1.085706e-01
3.454000e+02 4.203744e+01 1.139138e-01
3.454000e+02 4.181029e+01 1.165095e-01
3.454000e+02 4.213809e+01 1.124349e-01
3.454000e+02 4.207759e+01 1.132856e-01
3.454000e+02 4.219585e+01 1.178274e-01
3.454000e+02 4.226866e+01 1.142558e-01
3.454000e+02 4.207979e+01 1.113411e-01
3.454000e+02 4.194327e+01 1.120157e-01
3.454000e+02 4.200463e+01 1.157107e-01
3.456000e+02 4.280829e+01 1.139184e-01
3.456000e+02 4.292218e+01 1.200593e-01
3.456000e+02 4.300151e+01 1.101773e-01
3.456000e+02 4.321281e+01 1.202372e-01
3.456000e+02 4.281053e+01 1.169574e-01
3.456000e+02 4.321484e+01 1.166173e-01
3.456000e+02 4.301892e+01 1.169917e-01
3.456000e+02 4.281944e+01 1.196366e-01
3.456000e+02 4.285542e+01 1.135631e-01
3.458000e+02 4.375003e+01 1.208989e-01
3.458000e+02 4.373821e+01 1.238021e-01
3.458000e+02 4.366071e+01 1.205097e-01
3.458000e+02 4.374797e+01 1.195002e-01
3.458000e+02 4.388522e+01 1.189173e-01
3.458000e+02 4.378797e+01 1.187304e-01
3.458000e+02 4.364443e+01 1.209598e-01
3.458000e+02 4.378568e+01 1.198766e-01
3.458000e+02 4.386417e+01 1.172432e-01
3.460000e+02 4.479063e+01 1.194674e-01
3.460000e+02 4.467434e+01 1.244328e-01
3.460000e+02 4.469489e+01 1.199459e-01
3.460000e+02 4.476175e+01 1.266852e-01
3.460000e+02 4.465313e+01 1.179036e-01
3.460000e+02 4.482910e+01 1.214134e-01
3.460000e+02 4.471417e+01 1.220108e-01
3.460000e+02 4.478013e+01 1.227806e-01
3.460000e+02 4.453791e+01 1.187728e-01
3.460000e+02 4.483848e+01 1.241312e-01
3.462000e+02 4.550804e+01 1.262278e-01
3.462000e+02 4.544589e+01 1.221326e-01
3.462000e+02 4.579848e+01 1.251218e-01
3.462000e+02 4.564232e+01 1.234573e-01
3.462000e+02 4.567743e+01 1.226147e-01
3.462000e+02 4.575684e+01 1.256773e-01
3.462000e+02 4.576678e+01 1.212411e-01
3.462000e+02 4.562520e+01 1.223994e-01
3.462000e+02 4.571563e+01 1.283083e-01
3.462000e+02 4.562750e+01 1.270738e-01
3.464000e+02 4.663664e+01 1.241957e-01
3.464000e+02 4.656580e+01 1.234271e-01
3.464000e+02 4.678633e+01 1.246471e-01
3.464000e+02 4.661151e+01 1.231590e-01
3.464000e+02 4.679387e+01 1.217418e-01
3.464000e+02 4.665736e+01 1.198919e-01
3.464000e+02 4.667376e+01 1.228601e-01
3.464000e+02 4.660669e+01 1.222170e-01
3.464000e+02 4.679207e+01 1.213250e-01
3.466000e+02 4.766137e+01 1.236174e-01
3.466000e+02 4.741733e+01 1.248699e-01
3.466000e+02 4.770224e+01 1.259006e-01
3.466000e+02 4.763727e+01 1.238358e-01
3.466000e+02 4.742027e+01 1.207494e-01
3.466000e+02 4.758494e+01 1.239094e-01
3.466000e+02 4.747246e+01 1.250633e-01
3.466000e+02 4.764121e+01 1.278520e-01
3.466000e+02 4.761128e+01 1.273393e-01
3.466000e+02 4.763079e+01 1.268394e-01
3.468000e+02 4.872246e+01 1.288001e-01
3.468000e+02 4.877233e+01 1.254349e-01
3.468000e+02 4.870124e+01 1.297514e-01
3.468000e+02 4.848735e+01 1.285143e-01
3.468000e+02 4.892323e+01 1.312363e-01
3.468000e+02 4.827248e+01 1.272721e-01
3.468000e+02 4.843630e+01 1.288562e-01
3.468000e+02 4.867779e+01 1.309281e-01
3.468000e+02 4.872692e+01 1.269687e-01
3.468000e+02 4.845847e+01 1.305193e-01
3.470000e+02 4.952481e+01 1.339303e-01
3.470000e+02 4.985610e+01 1.326312e-01
3.470000e+02 4.954567e+01 1.344898e-01
3.470000e+02 4.973934e+01 1.290219e-01
3.470000e+02 4.934125e+01 1.347851e-01
3.470000e+02 4.958113e+01 1.277943e-01
3.470000e+02 4.954429e+01 1.330476e-01
3.470000e+02 4.946943e+01 1.334750e-01
3.470000e+02 4.979116e+01 1.314742e-01
3.470000e+02 4.965017e+01 1.324482e-01
3.472000e+02 5.079005e+01 1.420852e-01
3.472000e+02 5.046852e+01 1.368197e-01
3.472000e+02 5.057484e+01 1.339593e-01
3.472000e+02 5.049461e+01 1.361987e-01
3.472000e+02 5.051892e+01 1.337455e-01
3.472000e+02 5.043929e+01 1.346648e-01
3.472000e+02 5.049087e+01 1.372486e-01
3.472000e+02 5.038210e+01 1.325851e-01
3.472000e+02 5.032104e+01 1.337999e-01
3.472000e+02 5.034615e+01 1.337643e-01
3.474000e+02 5.143203e+01 1.377848e-01
3.474000e+02 5.162871e+01 1.390715e-01
3.474000e+02 5.127266e+01 1.369270e-01
3.474000e+02 5.111818e+01 1.374957e-01
3.474000e+02 5.134829e+01 1.422050e-01
3.474000e+02 5.138951e+01 1.410153e-01
3.474000e+02 5.141617e+01 1.379706e-01
3.474000e+02 5.133273e+01 1.357154e-01
3.474000e+02 5.126141e+01 1.379874e-01
3.474000e+02 5.133438e+01 1.355810e-01
3.476000e+02 5.211914e+01 1.394367e-01
3.476000e+02 5.237955e+01 1.408903e-01
3.476000e+02 5.219417e+01 1.386209e-01
3.476000e+02 5.213118e+01 1.408987e-01
3.476000e+02 5.224373e+01 1.388236e-01
3.476000e+02 5.189267e+01 1.381121e-01
3.476000e+02 5.247984e+01 1.426022e-01
3.476000e+02 5.210115e+01 1.438483e-01
3.476000e+02 5.197611e+01 1.372185e-01
3.476000e+02 5.222910e+01 1.392104e-01
3.478000e+02 5.285223e+01 1.459599e-01
3.478000e+02 5.293110e+01 1.436217e-01
3.478000e+02 5.258086e+01 1.430672e-01
3.478000e+02 5.274711e+01 1.419348e-01
3.478000e+02 5.285354e+01 1.479136e-01
3.478000e+02 5.275287e+01 1.434850e-01
3.478000e+02 5.263850e+01 1.427577e-01
3.478000e+02 5.260769e+01 1.435009e-01
3.478000e+02 5.272636e+01 1.450893e-01
3.478000e+02 5.294652e+01 1.422386e-01
3.480000e+02 5.381020e+01 1.473653e-01
3.480000e+02 5.341731e+01 1.494691e-01
3.480000e+02 5.332812e+01 1.452345e-01
3.480000e+02 5.310177e+01 1.537530e-01
3.480000e+02 5.326285e+01 1.485044e-01
3.480000e+02 5.308136e+01 1.438789e-01
3.480000e+02 5.342354e+01 1.472237e-01
3.480000e+02 5.320115e+01 1.428944e-01
3.480000e+02 5.343821e+01 1.445345e-01
3.480000e+02 5.328753e+01 1.459885e-01
3.482000e+02 5.362044e+01 1.506183e-01
3.482000e+02 5.369038e+01 1.478257e-01
3.482000e+02 5.357431e+01 1.454250e-01
3.482000e+02 5.341107e+01 1.472579e-01
3.482000e+02 5.361204e+01 1.437014e-01
3.482000e+02 5.365616e+01 1.464433e-01
3.482000e+02 5.358795e+01 1.485115e-01
3.482000e+02 5.336712e+01 1.446432e-01
3.482000e+02 5.344661e+01 1.456487e-01
3.482000e+02 5.333027e+01 1.422372e-01
3.484000e+02 5.361046e+01 1.487186e-01
3.484000e+02 5.345729e+01 1.468109e-01
3.484000e+02 5.334911e+01 1.505357e-01
3.484000e+02 5.356254e+01 1.500461e-01
3.484000e+02 5.350536e+01 1.485562e-01
3.484000e+02 5.344896e+01 1.463755e-01
3.484000e+02 5.364845e+01 1.441714e-01
3.484000e+02 5.316885e+01 1.502202e-01
3.484000e+02 5.351011e+01 1.457720e-01
3.484000e+02 5.336815e+01 1.430074e-01
3.486000e+02 5.324177e+01 1.515861e-01
3.486000e+02 5.338813e+01 1.492694e-01
3.486000e+02 5.311319e+01 1.420655e-01
3.486000e+02 5.308669e+01 1.413632e-01
3.486000e+02 5.308392e+01 1.443639e-01
3.486000e+02 5.306210e+01 1.476665e-01
3.486000e+02 5.303320e+01 1.455696e-01
3.486000e+02 5.311641e+01 1.462247e-01
3.488000e+02 5.254751e+01 1.443944e-01
3.488000e+02 5.287404e+01 1.540081e-01
3.488000e+02 5.263299e+01 1.480633e-01
3.488000e+02 5.274587e+01 1.580091e-01
3.488000e+02 5.284825e+01 1.486110e-01
3.488000e+02 5.252955e+01 1.459396e-01
3.488000e+02 5.278080e+01 1.432150e-01
3.488000e+02 5.250931e+01 1.455644e-01
3.488000e+02 5.266630e+01 1.486014e-01
3.488000e+02 5.276972e+01 1.457256e-01
3.490000e+02 5.208216e+01 1.482695e-01
3.490000e+02 5.184948e+01 1.390605e-01
3.490000e+02 5.174606e+01 1.480278e-01
3.490000e+02 5.177026e+01 1.453285e-01
3.490000e+02 5.169526e+01 1.469491e-01
3.490000e+02 5.193468e+01 1.432526e-01
3.490000e+02 5.190465e+01 1.484042e-01
3.490000e+02 5.196161e+01 1.401363e-01
3.490000e+02 5.174250e+01 1.473376e-01
3.490000e+02 5.181164e+01 1.475947e-01
3.492000e+02 5.107547e+01 1.417660e-01
3.492000e+02 5.096931e+01 1.396728e-01
3.492000e+02 5.093415e+01 1.425314e-01
3.492000e+02 5.095901e+01 1.391642e-01
3.492000e+02 5.126672e+01 1.470571e-01
3.492000e+02 5.109776e+01 1.504439e-01
3.492000e+02 5.083305e+01 1.377676e-01
3.492000e+02 5.092675e+01 1.410629e-01
3.492000e+02 5.099024e+01 1.389483e-01
3.492000e+02 5.110761e+01 1.417930e-01
3.494000e+02 4.967342e+01 1.386659e-01
3.494000e+02 4.977922e+01 1.397769e-01
3.494000e+02 4.990260e+01 1.412868e-01
3.494000e+02 4.970323e+01 1.418093e-01
3.494000e+02 4.957510e+01 1.429287e-01
3.494000e+02 4.966177e+01 1.358901e-01
3.494000e+02 4.985516e+01 1.386202e-01
3.494000e+02 4.979964e+01 1.452495e-01
3.494000e+02 4.963579e+01 1.404488e-01
3.494000e+02 4.976106e+01 1.434401e-01
3.496000e+02 4.862260e+01 1.374936e-01
3.496000e+02 4.833750e+01 1.333927e-01
3.496000e+02 4.842818e+01 1.356323e-01
3.496000e+02 4.854199e+01 1.341435e-01
3.496000e+02 4.835577e+01 1.380046e-01
3.496000e+02 4.841914e+01 1.382610e-01
3.496000e+02 4.844130e+01 1.409305e-01
3.496000e+02 4.838547e+01 1.374453e-01
3.496000e+02 4.841656e+01 1.388878e-01
3.496000e+02 4.835048e+01 1.390319e-01
3.498000e+02 4.697726e+01 1.376635e-01
3.498000e+02 4.705502e+01 1.373346e-01
3.498000e+02 4.713960e+01 1.351811e-01
3.498000e+02 4.687355e+01 1.382482e-01
3.498000e+02 4.713531e+01 1.354417e-01
3.498000e+02 4.688432e+01 1.323078e-01
3.498000e+02 4.688679e+01 1.339131e-01
3.498000e+02 4.717283e+01 1.313428e-01
3.498000e+02 4.710159e+01 1.400420e-01
3.500000e+02 4.547253e+01 1.314670e-01
3.500000e+02 4.515217e+01 1.315383e-01
3.500000e+02 4.561589e+01 1.322552e-01
3.500000e+02 4.513210e+01 1.290303e-01
3.500000e+02 4.526928e+01 1.256419e-01
3.500000e+02 4.558784e+01 1.358567e-01
3.500000e+02 4.525738e+01 1.307302e-01
3.500000e+02 4.540672e+01 1.273841e-01
3.500000e+02 4.534679e+01 1.269307e-01
3.500000e+02 4.554161e+01 1.313953e-01
3.510000e+02 3.620321e+01 1.062814e-01
3.510000e+02 3.616497e+01 1.155159e-01
3.510000e+02 3.613880e+01 1.054523e-01
3.510000e+02 3.601428e+01 1.087091e-01
3.510000e+02 3.595020e+01 1.048313e-01
3.510000e+02 3.615528e+01 1.025309e-01
3.510000e+02 3.603190e+01 1.031023e-01
3.510000e+02 3.606839e+01 1.049046e-01
3.510000e+02 3.605301e+01 1.051013e-01
3.510000e+02 3.611473e+01 1.056308e-01
3.520000e+02 2.693161e+01 7.922263e-02
3.520000e+02 2.693363e+01 7.825321e-02
3.520000e+02 2.682374e+01 8.521149e-02
3.520000e+02 2.687830e+01 8.012749e-02
3.520000e+02 2.692210e+01 7.855041e-02
3.520000e+02 2.690030e+01 7.889425e-02
3.520000e+02 2.688334e+01 8.290314e-02
3.520000e+02 2.691087e+01 8.322340e-02
3.520000e+02 2.692257e+01 7.824769e-02
3.520000e+02 2.694212e+01 7.815796e-02
3.530000e+02 1.929440e+01 5.775526e-02
3.530000e+02 1.939257e+01 5.896584e-02
3.530000e+02 1.932894e+01 5.989397e-02
3.530000e+02 1.926340e+01 5.860834e-02
3.530000e+02 1.930088e+01 6.014294e-02
3.530000e+02 1.924934e+01 5.751748e-02
3.530000e+02 1.933112e+01 5.868993e-02
3.530000e+02 1.929147e+01 5.685445e-02
3.530000e+02 1.935251e+01 5.867252e-02
3.530000e+02 1.936485e+01 5.765799e-02
3.540000e+02 1.378220e+01 4.215645e-02
3.540000e+02 1.370850e+01 4.221794e-02
3.540000e+02 1.372404e+01 4.582570e-02
3.540000e+02 1.377124e+01 4.078283e-02
3.540000e+02 1.378614e+01 4.154107e-02
3.540000e+02 1.373029e+01 4.253190e-02
3.540000e+02 1.385202e+01 4.118885e-02
3.540000e+02 1.377711e+01 4.101148e-02
3.540000e+02 1.377957e+01 4.043496e-02
3.540000e+02 1.376244e+01 4.179593e-02
3.550000e+02 1.016852e+01 3.235761e-02
3.550000e+02 1.020089e+01 3.236692e-02
3.550000e+02 1.017015e+01 3.048888e-02
3.550000e+02 1.014320e+01 3.052061e-02
3.550000e+02 1.015774e+01 3.138023e-02
3.550000e+02 1.015650e+01 3.152503e-02
3.550000e+02 1.014944e+01 3.068776e-02
3.550000e+02 1.014331e+01 3.118850e-02
3.550000e+02 1.014083e+01 3.043565e-02
3.550000e+02 1.011888e+01 3.056170e-02
3.560000e+02 7.948054e+00 2.391272e-02
3.560000e+02 7.911600e+00 2.480309e-02
3.560000e+02 7.938711e+00 2.375769e-02
3.560000e+02 7.922825e+00 2.479285e-02
3.560000e+02 7.960746e+00 2.407875e-02
3.560000e+02 7.937711e+00 2.394746e-02
3.560000e+02 7.940178e+00 2.410608e-02
3.560000e+02 7.896485e+00 2.411402e-02
3.560000e+02 7.943944e+00 2.510795e-02
3.560000e+02 7.922059e+00 2.369038e-02
3.570000e+02 6.553135e+00 1.949540e-02
3.570000e+02 6.601855e+00 1.980650e-02
3.570000e+02 6.544329e+00 1.968307e-02
3.570000e+02 6.575582e+00 1.964947e-02
3.570000e+02 6.557427e+00 2.011566e-02
3.570000e+02 6.575249e+00 2.020404e-02
3.570000e+02 6.550369e+00 1.925566e-02
3.570000e+02 6.565307e+00 1.944914e-02
3.570000e+02 6.573413e+00 2.059542e-02
3.570000e+02 6.579007e+00 1.948654e-02
3.580000e+02 5.747763e+00 1.828723e-02
3.580000e+02 5.743537e+00 1.795382e-02
3.580000e+02 5.722529e+00 1.853235e-02
3.580000e+02 5.720388e+00 1.803449e-02
3.580000e+02 5.735077e+00 1.772812e-02
3.580000e+02 5.706231e+00 1.798087e-02
3.580000e+02 5.700677e+00 1.766768e-02
3.580000e+02 5.740562e+00 1.798567e-02
3.580000e+02 5.720896e+00 1.818437e-02
3.590000e+02 5.104303e+00 1.593301e-02
3.590000e+02 5.122551e+00 1.631994e-02
3.590000e+02 5.163161e+00 1.553708e-02
3.590000e+02 5.169015e+00 1.596696e-02
3.590000e+02 5.131065e+00 1.566571e-02
3.590000e+02 5.172379e+00 1.616968e-02
3.590000e+02 5.129766e+00 1.669331e-02
3.590000e+02 5.172936e+00 1.560027e-02
3.590000e+02 5.150010e+00 1.549142e-02
3.590000e+02 5.137417e+00 1.662010e-02
3.600000e+02 4.678458e+00 1.484558e-02
3.600000e+02 4.711001e+00 1.471786e-02
3.600000e+02 4.688956e+00 1.426354e-02
3.600000e+02 4.688305e+00 1.518513e-02
3.600000e+02 4.680131e+00 1.519879e-02
3.600000e+02 4.710016e+00 1.487148e-02
3.600000e+02 4.695791e+00 1.536086e-02
3.600000e+02 4.716284e+00 1.542678e-02
3.600000e+02 4.689156e+00 1.511513e-02
3.600000e+02 4.724503e+00 1.581212e-02
3.650000e+02 3.305257e+00 1.040845e-02
3.650000e+02 3.300566e+00 1.024348e-02
3.650000e+02 3.285383e+00 1.079454e-02
3.650000e+02 3.319746e+00 1.021214e-02
3.650000e+02 3.292866e+00 1.036543e-02
3.650000e+02 3.298314e+00 1.028339e-02
3.650000e+02 3.308351e+00 1.039161e-02
3.650000e+02 3.270239e+00 1.035434e-02
3.650000e+02 3.284159e+00 1.021283e-02
3.650000e+02 3.306949e+00 1.042696e-02
3.700000e+02 2.516741e+00 8.105751e-03
3.700000e+02 2.533743e+00 8.380062e-03
3.700000e+02 2.530895e+00 8.113702e-03
3.700000e+02 2.538857e+00 8.026955e-03
3.700000e+02 2.528914e+00 8.159638e-03
3.700000e+02 2.526775e+00 8.163897e-03
3.700000e+02 2.550508e+00 8.000247e-03
3.700000e+02 2.522973e+00 8.231087e-03
3.700000e+02 2.525831e+00 8.007636e-03
3.750000e+02 2.052958e+00 6.912575e-03
3.750000e+02 2.059569e+00 6.750037e-03
3.750000e+02 2.051837e+00 6.724937e-03
3.750000e+02 2.054248e+00 6.514598e-03
3.750000e+02 2.051855e+00 6.952942e-03
3.750000e+02 2.066610e+00 7.028189e-03
3.750000e+02 2.054811e+00 6.538505e-03
3.750000e+02 2.046323e+00 6.837427e-03
3.750000e+02 2.035368e+00 6.823077e-03
3.750000e+02 2.056172e+00 6.789503e-03
3.800000e+02 1.721041e+00 6.205937e-03
3.800000e+02 1.716304e+00 5.323461e-03
3.800000e+02 1.711704e+00 5.754764e-03
3.800000e+02 1.711557e+00 5.325945e-03
3.800000e+02 1.711947e+00 6.108711e-03
3.800000e+02 1.709458e+00 5.455264e-03
3.800000e+02 1.715718e+00 5.221770e-03
3.800000e+02 1.709967e+00 5.642541e-03
3.800000e+02 1.720639e+00 5.435190e-03
3.800000e+02 1.719345e+00 5.442802e-03
3.850000e+02 1.470012e+00 4.796778e-03
3.850000e+02 1.469904e+00 4.953538e-03
3.850000e+02 1.467279e+00 4.830661e-03
3.850000e+02 1.460130e+00 4.784608e-03
3.850000e+02 1.461299e+00 4.884556e-03
3.850000e+02 1.465238e+00 5.084532e-03
3.850000e+02 1.474034e+00 5.092047e-03
3.850000e+02 1.468550e+00 5.059145e-03
3.850000e+02 1.456315e+00 4.589618e-03
3.850000e+02 1.467273e+00 4.753710e-03
