3.250000e+02 -4.423931e-03 6.734314e-06
3.250000e+02 -4.414244e-03 6.719184e-06
3.250000e+02 -4.419077e-03 6.774964e-06
3.250000e+02 -4.421284e-03 6.809827e-06
3.250000e+02 -4.415481e-03 6.730548e-06
3.250000e+02 -4.410943e-03 6.754071e-06
3.250000e+02 -4.411982e-03 6.656685e-06
3.250000e+02 -4.419008e-03 6.705362e-06
3.250000e+02 -4.415277e-03 6.691320e-06
3.250000e+02 -4.419456e-03 6.776132e-06
3.260000e+02 -7.891042e-03 1.223931e-05
3.260000e+02 -7.913194e-03 1.213816e-05
3.260000e+02 -7.903234e-03 1.195420e-05
3.260000e+02 -7.931386e-03 1.197879e-05
3.260000e+02 -7.917634e-03 1.205319e-05
3.260000e+02 -7.923772e-03 1.207658e-05
3.260000e+02 -7.916755e-03 1.189776e-05
3.260000e+02 -7.910815e-03 1.211501e-05
3.260000e+02 -7.935338e-03 1.196189e-05
3.260000e+02 -7.923936e-03 1.217145e-05
3.270000e+02 -1.364715e-02 2.076558e-05
3.270000e+02 -1.365470e-02 2.064835e-05
3.270000e+02 -1.363074e-02 2.097789e-05
3.270000e+02 -1.362440e-02 2.060908e-05
3.270000e+02 -1.364452e-02 2.069945e-05
3.270000e+02 -1.362749e-02 2.102403e-05
3.270000e+02 -1.361659e-02 2.102765e-05
3.270000e+02 -1.359494e-02 2.092628e-05
3.270000e+02 -1.363656e-02 2.078622e-05
3.270000e+02 -1.362185e-02 2.102444e-05
3.280000e+02 -2.286944e-02 3.415443e-05
3.280000e+02 -2.279770e-02 3.463268e-05
3.280000e+02 -2.283875e-02 3.397077e-05
3.280000e+02 -2.278530e-02 3.461159e-05
3.280000e+02 -2.288202e-02 3.486301e-05
3.280000e+02 -2.278228e-02 3.465834e-05
3.280000e+02 -2.281224e-02 3.500510e-05
3.280000e+02 -2.277907e-02 3.449595e-05
3.280000e+02 -2.281064e-02 3.518883e-05
3.280000e+02 -2.283566e-02 3.455817e-05
3.290000e+02 -3.716297e-02 5.607027e-05
3.290000e+02 -3.733736e-02 5.616571e-05
3.290000e+02 -3.730138e-02 5.628970e-05
3.290000e+02 -3.726997e-02 5.663416e-05
3.290000e+02 -3.725896e-02 5.675538e-05
3.290000e+02 -3.728653e-02 5.581039e-05
3.290000e+02 -3.721889e-02 5.644439e-05
3.290000e+02 -3.719829e-02 5.570119e-05
3.290000e+02 -3.727578e-02 5.645808e-05
3.290000e+02 -3.731364e-02 5.652027e-05
3.300000e+02 -5.976187e-02 9.070280e-05
3.300000e+02 -5.993776e-02 9.161808e-05
3.300000e+02 -5.985883e-02 9.044613e-05
3.300000e+02 -5.985319e-02 9.031503e-05
3.300000e+02 -5.983899e-02 9.029213e-05
3.300000e+02 -5.991934e-02 8.995116e-05
3.300000e+02 -5.989138e-02 9.062762e-05
3.300000e+02 -5.988786e-02 8.996449e-05
3.300000e+02 -5.978099e-02 9.022499e-05
3.300000e+02 -5.989612e-02 9.053729e-05
3.310000e+02 -9.502027e-02 1.425991e-04
3.310000e+02 -9.503646e-02 1.411951e-04
3.310000e+02 -9.528472e-02 1.404485e-04
3.310000e+02 -9.490288e-02 1.424965e-04
3.310000e+02 -9.522886e-02 1.420696e-04
3.310000e+02 -9.499987e-02 1.417162e-04
3.310000e+02 -9.511872e-02 1.429467e-04
3.310000e+02 -9.520206e-02 1.417240e-04
3.310000e+02 -9.512244e-02 1.405492e-04
3.310000e+02 -9.509074e-02 1.412924e-04
3.320000e+02 -1.497022e-01 2.240018e-04
3.320000e+02 -1.500286e-01 2.238706e-04
3.320000e+02 -1.497209e-01 2.223175e-04
3.320000e+02 -1.497411e-01 2.297086e-04
3.320000e+02 -1.496211e-01 2.239000e-04
3.320000e+02 -1.494365e-01 2.251879e-04
3.320000e+02 -1.499782e-01 2.257533e-04
3.320000e+02 -1.497155e-01 2.203406e-04
3.320000e+02 -1.497041e-01 2.221647e-04
3.320000e+02 -1.502626e-01 2.233050e-04
3.330000e+02 -2.351500e-01 3.498096e-04
3.330000e+02 -2.358201e-01 3.443751e-04
3.330000e+02 -2.354439e-01 3.463513e-04
3.330000e+02 -2.350095e-01 3.474621e-04
3.330000e+02 -2.345729e-01 3.490192e-04
3.330000e+02 -2.353322e-01 3.468679e-04
3.330000e+02 -2.355724e-01 3.461404e-04
3.330000e+02 -2.349300e-01 3.488894e-04
3.330000e+02 -2.358796e-01 3.466875e-04
3.330000e+02 -2.352238e-01 3.499651e-04
3.340000e+02 -3.706269e-01 5.380469e-04
3.340000e+02 -3.704056e-01 5.369041e-04
3.340000e+02 -3.698659e-01 5.408814e-04
3.340000e+02 -3.706254e-01 5.417006e-04
3.340000e+02 -3.692167e-01 5.389108e-04
3.340000e+02 -3.711845e-01 5.406752e-04
3.340000e+02 -3.698881e-01 5.390134e-04
3.340000e+02 -3.705282e-01 5.403298e-04
3.340000e+02 -3.707613e-01 5.418207e-04
3.340000e+02 -3.708118e-01 5.397320e-04
3.350000e+02 -5.846413e-01 8.365762e-04
3.350000e+02 -5.868375e-01 8.511083e-04
3.350000e+02 -5.854428e-01 8.482549e-04
3.350000e+02 -5.866172e-01 8.547862e-04
3.350000e+02 -5.860445e-01 8.491982e-04
3.350000e+02 -5.859817e-01 8.444588e-04
3.350000e+02 -5.864232e-01 8.393181e-04
3.350000e+02 -5.865932e-01 8.403372e-04
3.350000e+02 -5.860033e-01 8.532933e-04
3.350000e+02 -5.859677e-01 8.465480e-04
3.360000e+02 -9.358180e-01 1.326066e-03
3.360000e+02 -9.375606e-01 1.344712e-03
3.360000e+02 -9.354503e-01 1.360974e-03
3.360000e+02 -9.369436e-01 1.342003e-03
3.360000e+02 -9.345116e-01 1.331814e-03
3.360000e+02 -9.329746e-01 1.338203e-03
3.360000e+02 -9.370528e-01 1.337569e-03
3.360000e+02 -9.376848e-01 1.332105e-03
3.360000e+02 -9.364132e-01 1.343422e-03
3.370000e+02 -1.517950e+00 2.124419e-03
3.370000e+02 -1.519355e+00 2.116194e-03
3.370000e+02 -1.517233e+00 2.136826e-03
3.370000e+02 -1.518681e+00 2.120965e-03
3.370000e+02 -1.519106e+00 2.125323e-03
3.370000e+02 -1.519800e+00 2.123123e-03
3.370000e+02 -1.519193e+00 2.122002e-03
3.370000e+02 -1.518880e+00 2.124263e-03
3.370000e+02 -1.521506e+00 2.135332e-03
3.370000e+02 -1.520709e+00 2.122603e-03
3.380000e+02 -2.510130e+00 3.483027e-03
3.380000e+02 -2.509869e+00 3.443651e-03
3.380000e+02 -2.509647e+00 3.505497e-03
3.380000e+02 -2.508382e+00 3.456270e-03
3.380000e+02 -2.514477e+00 3.473335e-03
3.380000e+02 -2.509463e+00 3.466435e-03
3.380000e+02 -2.514039e+00 3.474553e-03
3.380000e+02 -2.512474e+00 3.459963e-03
3.380000e+02 -2.507152e+00 3.443148e-03
3.380000e+02 -2.508836e+00 3.458979e-03
3.390000e+02 -4.229764e+00 5.771934e-03
3.390000e+02 -4.226247e+00 5.736665e-03
3.390000e+02 -4.225142e+00 5.757779e-03
3.390000e+02 -4.225747e+00 5.749128e-03
3.390000e+02 -4.230183e+00 5.742780e-03
3.390000e+02 -4.223390e+00 5.724834e-03
3.390000e+02 -4.229135e+00 5.713477e-03
3.390000e+02 -4.228687e+00 5.654946e-03
3.390000e+02 -4.224923e+00 5.723539e-03
3.390000e+02 -4.224089e+00 5.748169e-03
3.400000e+02 -7.204144e+00 9.649112e-03
3.400000e+02 -7.191169e+00 9.594389e-03
3.400000e+02 -7.200143e+00 9.544479e-03
3.400000e+02 -7.202304e+00 9.537450e-03
3.400000e+02 -7.204927e+00 9.555680e-03
3.400000e+02 -7.197253e+00 9.638276e-03
3.400000e+02 -7.191352e+00 9.688635e-03
3.400000e+02 -7.206495e+00 9.734718e-03
3.400000e+02 -7.204508e+00 9.621244e-03
3.400000e+02 -7.206826e+00 9.640918e-03
3.402000e+02 -7.999478e+00 1.059983e-02
3.402000e+02 -8.012481e+00 1.079913e-02
3.402000e+02 -7.992094e+00 1.070021e-02
3.402000e+02 -7.999675e+00 1.065015e-02
3.402000e+02 -7.999003e+00 1.066938e-02
3.402000e+02 -7.996695e+00 1.070851e-02
3.402000e+02 -8.004455e+00 1.074221e-02
3.402000e+02 -7.971843e+00 1.063126e-02
3.402000e+02 -7.985691e+00 1.063551e-02
3.402000e+02 -8.009005e+00 1.055951e-02
3.404000e+02 -8.909641e+00 1.181751e-02
3.404000e+02 -8.897817e+00 1.185783e-02
3.404000e+02 -8.916529e+00 1.170625e-02
3.404000e+02 0.000000e+00 0.000000e+00
3.404000e+02 -8.890405e+00 1.167795e-02
3.404000e+02 -8.895915e+00 1.177148e-02
3.404000e+02 -8.900179e+00 1.170422e-02
3.404000e+02 -8.894667e+00 1.175535e-02
3.404000e+02 -8.916539e+00 1.184221e-02
3.404000e+02 -8.902211e+00 1.174278e-02
3.406000e+02 -9.903580e+00 1.296181e-02
3.406000e+02 -9.889721e+00 1.315587e-02
3.406000e+02 -9.903669e+00 1.298185e-02
3.406000e+02 -9.891846e+00 1.316009e-02
3.406000e+02 -9.916046e+00 1.306906e-02
3.406000e+02 -9.899129e+00 1.326235e-02
3.406000e+02 -9.879912e+00 1.299173e-02
3.406000e+02 -9.885797e+00 1.308897e-02
3.406000e+02 -9.881515e+00 1.310660e-02
3.406000e+02 -9.932934e+00 1.303884e-02
3.408000e+02 -1.106205e+01 1.457898e-02
3.408000e+02 -1.105202e+01 1.481092e-02
3.408000e+02 -1.103211e+01 1.449430e-02
3.408000e+02 0.000000e+00 0.000000e+00
3.408000e+02 -1.104912e+01 1.469087e-02
3.408000e+02 -1.107257e+01 1.444725e-02
3.408000e+02 -1.105669e+01 1.464466e-02
3.408000e+02 -1.104918e+01 1.444385e-02
3.408000e+02 -1.106833e+01 1.432911e-02
3.408000e+02 -1.106102e+01 1.450855e-02
3.410000e+02 -1.240055e+01 1.639460e-02
3.410000e+02 -1.241897e+01 1.660598e-02
3.410000e+02 -1.237513e+01 1.621066e-02
3.410000e+02 -1.240643e+01 1.638842e-02
3.410000e+02 -1.239242e+01 1.630554e-02
3.410000e+02 -1.242572e+01 1.635143e-02
3.410000e+02 -1.239405e+01 1.634843e-02
3.410000e+02 -1.238776e+01 1.671692e-02
3.412000e+02 -1.398907e+01 1.844825e-02
3.412000e+02 -1.396265e+01 1.889139e-02
3.412000e+02 -1.402980e+01 1.832596e-02
3.412000e+02 -1.397643e+01 1.816789e-02
3.412000e+02 -1.397082e+01 1.850440e-02
3.412000e+02 -1.396963e+01 1.835679e-02
3.412000e+02 -1.397058e+01 1.835325e-02
3.412000e+02 -1.398350e+01 1.839983e-02
3.412000e+02 -1.398223e+01 1.823860e-02
3.412000e+02 -1.400579e+01 1.846213e-02
3.414000e+02 -1.587504e+01 2.125363e-02
3.414000e+02 -1.581256e+01 2.088057e-02
3.414000e+02 -1.587873e+01 2.100857e-02
3.414000e+02 -1.585698e+01 2.065816e-02
3.414000e+02 -1.586690e+01 2.065668e-02
3.414000e+02 -1.582886e+01 2.057873e-02
3.414000e+02 -1.590282e+01 2.091747e-02
3.414000e+02 -1.588386e+01 2.094261e-02
3.414000e+02 -1.586693e+01 2.107992e-02
3.414000e+02 -1.585060e+01 2.081086e-02
3.416000e+02 -1.807120e+01 2.359828e-02
3.416000e+02 -1.805060e+01 2.410786e-02
3.416000e+02 -1.804479e+01 2.353966e-02
3.416000e+02 -1.814338e+01 2.386288e-02
3.416000e+02 -1.809607e+01 2.368802e-02
3.416000e+02 -1.807543e+01 2.354659e-02
3.416000e+02 -1.811475e+01 2.384180e-02
3.416000e+02 -1.811669e+01 2.363558e-02
3.416000e+02 -1.809475e+01 2.361174e-02
3.416000e+02 -1.810368e+01 2.385770e-02
3.418000e+02 -2.077826e+01 2.692525e-02
3.418000e+02 -2.070564e+01 2.707174e-02
3.418000e+02 -2.081417e+01 2.699923e-02
3.418000e+02 -2.075898e+01 2.779327e-02
3.418000e+02 -2.074030e+01 2.734013e-02
3.418000e+02 -2.076064e+01 2.699516e-02
3.418000e+02 -2.077551e+01 2.718215e-02
3.418000e+02 -2.077865e+01 2.694319e-02
3.418000e+02 -2.076393e+01 2.738289e-02
3.418000e+02 -2.074030e+01 2.693405e-02
3.420000e+02 -2.396336e+01 3.168146e-02
3.420000e+02 -2.392365e+01 3.121938e-02
3.420000e+02 -2.398741e+01 3.084399e-02
3.420000e+02 -2.399088e+01 3.187177e-02
3.420000e+02 -2.392879e+01 3.149812e-02
3.420000e+02 -2.399805e+01 3.183693e-02
3.420000e+02 -2.395145e+01 3.131207e-02
3.420000e+02 -2.397449e+01 3.122890e-02
3.420000e+02 -2.397964e+01 3.161211e-02
3.422000e+02 -2.786011e+01 3.645235e-02
3.422000e+02 -2.785499e+01 3.652400e-02
3.422000e+02 -2.786045e+01 3.584958e-02
3.422000e+02 -2.780265e+01 3.718283e-02
3.422000e+02 -2.785164e+01 3.611648e-02
3.422000e+02 -2.790770e+01 3.656684e-02
3.422000e+02 -2.780046e+01 3.650321e-02
3.422000e+02 -2.786207e+01 3.673674e-02
3.422000e+02 -2.783015e+01 3.654631e-02
3.424000e+02 -3.260915e+01 4.282491e-02
3.424000e+02 -3.257459e+01 4.346400e-02
3.424000e+02 -3.255108e+01 4.283468e-02
3.424000e+02 -3.257495e+01 4.268825e-02
3.424000e+02 -3.254484e+01 4.310065e-02
3.424000e+02 -3.259797e+01 4.272039e-02
3.424000e+02 -3.257718e+01 4.270086e-02
3.424000e+02 -3.256861e+01 4.346919e-02
3.424000e+02 -3.252243e+01 4.277734e-02
3.424000e+02 -3.257713e+01 4.263461e-02
3.426000e+02 -3.819290e+01 5.114546e-02
3.426000e+02 -3.818712e+01 5.075632e-02
3.426000e+02 -3.829129e+01 5.009095e-02
3.426000e+02 -3.825750e+01 4.985366e-02
3.426000e+02 -3.828428e+01 5.035393e-02
3.426000e+02 -3.824304e+01 5.114040e-02
3.426000e+02 -3.829533e+01 5.086138e-02
3.426000e+02 -3.822130e+01 5.107492e-02
3.426000e+02 -3.825228e+01 5.135666e-02
3.426000e+02 -3.832920e+01 5.043193e-02
3.428000e+02 -4.515372e+01 6.031038e-02
3.428000e+02 -4.526571e+01 6.235647e-02
3.428000e+02 -4.522668e+01 6.082564e-02
3.428000e+02 -4.516800e+01 6.012336e-02
3.428000e+02 -4.526496e+01 5.989419e-02
3.428000e+02 -4.518207e+01 5.956702e-02
3.428000e+02 -4.518148e+01 6.061468e-02
3.428000e+02 -4.513533e+01 5.938436e-02
3.428000e+02 -4.518988e+01 5.931160e-02
3.428000e+02 -4.516730e+01 5.884230e-02
3.430000e+02 -5.344018e+01 7.005972e-02
3.430000e+02 -5.343485e+01 7.105635e-02
3.430000e+02 0.000000e+00 0.000000e+00
3.430000e+02 -5.337686e+01 7.123339e-02
3.430000e+02 -5.349245e+01 7.034305e-02
3.430000e+02 -5.356930e+01 7.242669e-02
3.430000e+02 -5.348894e+01 7.116472e-02
3.430000e+02 -5.348656e+01 7.186386e-02
3.430000e+02 -5.341900e+01 7.039706e-02
3.430000e+02 -5.344849e+01 7.046208e-02
3.432000e+02 -6.283565e+01 8.554423e-02
3.432000e+02 -6.301727e+01 8.440322e-02
3.432000e+02 -6.292325e+01 8.522976e-02
3.432000e+02 -6.315544e+01 8.375822e-02
3.432000e+02 -6.299687e+01 8.437766e-02
3.432000e+02 -6.306120e+01 8.456676e-02
3.432000e+02 -6.294916e+01 8.501982e-02
3.432000e+02 -6.288805e+01 8.476601e-02
3.432000e+02 -6.296070e+01 8.458851e-02
3.432000e+02 -6.282222e+01 8.299071e-02
3.434000e+02 -7.358628e+01 9.873480e-02
3.434000e+02 -7.353327e+01 9.814481e-02
3.434000e+02 -7.331136e+01 9.778964e-02
3.434000e+02 -7.356957e+01 9.901550e-02
3.434000e+02 -7.349576e+01 9.805054e-02
3.434000e+02 -7.363455e+01 9.709662e-02
3.434000e+02 -7.365392e+01 9.961138e-02
3.434000e+02 -7.361896e+01 1.007033e-01
3.434000e+02 -7.378041e+01 9.974621e-02
3.436000e+02 -8.479367e+01 1.152388e-01
3.436000e+02 -8.460906e+01 1.138838e-01
3.436000e+02 -8.450805e+01 1.165101e-01
3.436000e+02 -8.453027e+01 1.131239e-01
3.436000e+02 -8.454582e+01 1.126770e-01
3.436000e+02 -8.466389e+01 1.146149e-01
3.436000e+02 -8.467521e+01 1.150844e-01
3.436000e+02 -8.450684e+01 1.133912e-01
3.436000e+02 -8.446027e+01 1.138891e-01
3.436000e+02 -8.473615e+01 1.129318e-01
3.438000e+02 -9.523049e+01 1.343787e-01
3.438000e+02 -9.521211e+01 1.278468e-01
3.438000e+02 -9.515066e+01 1.293649e-01
3.438000e+02 -9.534841e+01 1.293854e-01
3.438000e+02 -9.522178e+01 1.300399e-01
3.438000e+02 -9.529237e+01 1.291501e-01
3.438000e+02 -9.529047e+01 1.340795e-01
3.438000e+02 -9.524001e+01 1.330603e-01
3.438000e+02 -9.504935e+01 1.277853e-01
3.440000e+02 -1.042466e+02 1.446899e-01
3.440000e+02 -1.042345e+02 1.426405e-01
3.440000e+02 -1.043503e+02 1.411466e-01
3.440000e+02 -1.040879e+02 1.445542e-01
3.440000e+02 -1.040866e+02 1.443093e-01
3.440000e+02 -1.042900e+02 1.435221e-01
3.440000e+02 -1.042403e+02 1.441705e-01
3.440000e+02 -1.045411e+02 1.427916e-01
3.440000e+02 -1.045650e+02 1.453401e-01
3.440000e+02 -1.043986e+02 1.456529e-01
3.442000e+02 -1.109219e+02 1.550745e-01
3.442000e+02 -1.113104e+02 1.553193e-01
3.442000e+02 -1.111183e+02 1.552337e-01
3.442000e+02 -1.110770e+02 1.566726e-01
3.442000e+02 -1.110675e+02 1.547170e-01
3.442000e+02 -1.112705e+02 1.565173e-01
3.442000e+02 -1.111226e+02 1.548858e-01
3.442000e+02 -1.109725e+02 1.564834e-01
3.442000e+02 -1.109986e+02 1.577826e-01
3.442000e+02 -1.109349e+02 1.567395e-01
3.444000e+02 -1.150723e+02 1.630510e-01
3.444000e+02 -1.156574e+02 1.651183e-01
3.444000e+02 -1.155656e+02 1.624013e-01
3.444000e+02 -1.154175e+02 1.652273e-01
3.444000e+02 -1.155203e+02 1.652677e-01
3.444000e+02 -1.154548e+02 1.625780e-01
3.444000e+02 -1.156722e+02 1.646336e-01
3.444000e+02 -1.155419e+02 1.610798e-01
3.444000e+02 -1.153484e+02 1.624082e-01
3.444000e+02 -1.152904e+02 1.611981e-01
3.446000e+02 -1.183275e+02 1.670856e-01
3.446000e+02 -1.177686e+02 1.671283e-01
3.446000e+02 -1.178231e+02 1.669890e-01
3.446000e+02 -1.178822e+02 1.712461e-01
3.446000e+02 -1.181588e+02 1.727305e-01
3.446000e+02 -1.178913e+02 1.693598e-01
3.446000e+02 -1.177800e+02 1.670981e-01
3.446000e+02 -1.178353e+02 1.721606e-01
3.448000e+02 -1.194550e+02 1.671318e-01
3.448000e+02 -1.192261e+02 1.688623e-01
3.448000e+02 -1.192731e+02 1.781099e-01
3.448000e+02 -1.192526e+02 1.675243e-01
3.448000e+02 -1.190401e+02 1.718750e-01
3.448000e+02 -1.194635e+02 1.698184e-01
3.448000e+02 -1.193908e+02 1.687937e-01
3.448000e+02 -1.191387e+02 1.706578e-01
3.448000e+02 -1.191431e+02 1.726763e-01
3.448000e+02 -1.191754e+02 1.734164e-01
3.450000e+02 -1.205313e+02 1.693673e-01
3.450000e+02 -1.201042e+02 1.714590e-01
3.450000e+02 -1.206412e+02 1.726197e-01
3.450000e+02 -1.203875e+02 1.771859e-01
3.450000e+02 -1.202579e+02 1.689286e-01
3.450000e+02 -1.204594e+02 1.727123e-01
3.450000e+02 -1.205198e+02 1.723591e-01
3.450000e+02 -1.204067e+02 1.690449e-01
3.450000e+02 -1.204606e+02 1.721610e-01
3.450000e+02 -1.202269e+02 1.748572e-01
3.452000e+02 -1.216717e+02 1.748006e-01
3.452000e+02 -1.217089e+02 1.797625e-01
3.452000e+02 -1.218996e+02 1.732196e-01
3.452000e+02 -1.216044e+02 1.763318e-01
3.452000e+02 -1.214894e+02 1.726387e-01
3.452000e+02 -1.216627e+02 1.719548e-01
3.452000e+02 -1.215451e+02 1.771265e-01
3.452000e+02 -1.214646e+02 1.746401e-01
3.452000e+02 -1.214871e+02 1.735263e-01
3.454000e+02 -1.227639e+02 1.786157e-01
3.454000e+02 -1.231993e+02 1.788943e-01
3.454000e+02 -1.232158e+02 1.777713e-01
3.454000e+02 -1.231710e+02 1.779308e-01
3.454000e+02 -1.234165e+02 1.765815e-01
3.454000e+02 -1.231318e+02 1.805286e-01
3.454000e+02 -1.235315e+02 1.724711e-01
3.454000e+02 -1.236253e+02 1.774831e-01
3.456000e+02 -1.251624e+02 1.856433e-01
3.456000e+02 -1.254031e+02 1.838590e-01
3.456000e+02 -1.254845e+02 1.821109e-01
3.456000e+02 -1.257410e+02 1.816586e-01
3.456000e+02 -1.251617e+02 1.813835e-01
3.456000e+02 -1.257116e+02 1.831955e-01
3.456000e+02 -1.253871e+02 1.791733e-01
3.456000e+02 -1.253180e+02 1.821027e-01
3.456000e+02 -1.257062e+02 1.792563e-01
3.456000e+02 -1.256145e+02 1.811715e-01
3.458000e+02 -1.279313e+02 1.828331e-01
3.458000e+02 -1.280620e+02 1.832942e-01
3.458000e+02 -1.280998e+02 1.832822e-01
3.458000e+02 -1.282382e+02 1.854357e-01
3.458000e+02 -1.281655e+02 1.838314e-01
3.458000e+02 -1.280468e+02 1.806586e-01
3.458000e+02 -1.280275e+02 1.812779e-01
3.458000e+02 -1.281102e+02 1.832806e-01
3.458000e+02 -1.281031e+02 1.799743e-01
3.458000e+02 -1.278128e+02 1.851393e-01
3.460000e+02 -1.310853e+02 1.868488e-01
3.460000e+02 -1.308744e+02 1.915156e-01
3.460000e+02 -1.310858e+02 1.901828e-01
3.460000e+02 -1.307155e+02 1.920262e-01
3.460000e+02 -1.308182e+02 1.854725e-01
3.460000e+02 -1.310087e+02 1.864908e-01
3.460000e+02 -1.306932e+02 1.864516e-01
3.460000e+02 -1.307127e+02 1.933985e-01
3.460000e+02 -1.305033e+02 1.962832e-01
3.460000e+02 -1.306747e+02 1.868126e-01
3.462000e+02 -1.336803e+02 1.968076e-01
3.462000e+02 -1.335732e+02 1.940817e-01
3.462000e+02 -1.337447e+02 1.940251e-01
3.462000e+02 -1.340196e+02 1.945935e-01
3.462000e+02 -1.338488e+02 1.948039e-01
3.462000e+02 -1.339759e+02 1.975013e-01
3.462000e+02 -1.338403e+02 1.965188e-01
3.462000e+02 -1.334041e+02 1.974753e-01
3.462000e+02 -1.339716e+02 1.936102e-01
3.462000e+02 -1.337704e+02 1.956390e-01
3.464000e+02 -1.367685e+02 1.909835e-01
3.464000e+02 -1.371064e+02 1.992239e-01
3.464000e+02 -1.367607e+02 1.991037e-01
3.464000e+02 -1.371114e+02 1.943823e-01
3.464000e+02 -1.370753e+02 1.955530e-01
3.464000e+02 -1.366925e+02 1.932396e-01
3.464000e+02 -1.368114e+02 1.928246e-01
3.464000e+02 -1.369196e+02 1.971330e-01
3.464000e+02 -1.369539e+02 1.953220e-01
3.464000e+02 -1.369664e+02 2.047573e-01
3.466000e+02 -1.394709e+02 2.010818e-01
3.466000e+02 -1.400118e+02 2.016339e-01
3.466000e+02 -1.399168e+02 2.038120e-01
3.466000e+02 -1.396139e+02 2.023304e-01
3.466000e+02 -1.398883e+02 2.067683e-01
3.466000e+02 -1.401519e+02 2.003646e-01
3.466000e+02 -1.399232e+02 2.011473e-01
3.466000e+02 -1.398314e+02 2.030107e-01
3.466000e+02 -1.400591e+02 2.040926e-01
3.466000e+02 -1.401697e+02 2.039159e-01
3.468000e+02 -1.426071e+02 2.106819e-01
3.468000e+02 -1.428000e+02 2.078251e-01
3.468000e+02 -1.425838e+02 2.066422e-01
3.468000e+02 -1.426032e+02 2.099162e-01
3.468000e+02 -1.426702e+02 2.117251e-01
3.468000e+02 -1.430699e+02 2.109756e-01
3.468000e+02 -1.431033e+02 2.118204e-01
3.468000e+02 -1.431026e+02 2.100324e-01
3.468000e+02 -1.427891e+02 2.105549e-01
3.468000e+02 -1.422069e+02 2.064356e-01
3.470000e+02 -1.450288e+02 2.153523e-01
3.470000e+02 -1.450132e+02 2.153461e-01
3.470000e+02 -1.452130e+02 2.173163e-01
3.470000e+02 -1.455547e+02 2.149488e-01
3.470000e+02 -1.454890e+02 2.139211e-01
3.470000e+02 -1.454951e+02 2.128599e-01
3.470000e+02 -1.454376e+02 2.170474e-01
3.470000e+02 -1.454121e+02 2.132546e-01
3.470000e+02 -1.455627e+02 2.150009e-01
3.470000e+02 -1.450979e+02 2.175516e-01
3.472000e+02 -1.482499e+02 2.218748e-01
3.472000e+02 -1.477363e+02 2.239368e-01
3.472000e+02 -1.480645e+02 2.283169e-01
3.472000e+02 -1.482102e+02 2.222541e-01
3.472000e+02 -1.479187e+02 2.246662e-01
3.472000e+02 -1.478693e+02 2.227146e-01
3.472000e+02 -1.478889e+02 2.252716e-01
3.472000e+02 -1.483233e+02 2.188606e-01
3.472000e+02 -1.481835e+02 2.257619e-01
3.472000e+02 -1.481043e+02 2.246193e-01
3.474000e+02 -1.506742e+02 2.298439e-01
3.474000e+02 -1.507654e+02 2.281843e-01
3.474000e+02 -1.503715e+02 2.282504e-01
3.474000e+02 -1.503822e+02 2.248297e-01
3.474000e+02 -1.504707e+02 2.276135e-01
3.474000e+02 -1.505005e+02 2.312939e-01
3.474000e+02 -1.502528e+02 2.304794e-01
3.474000e+02 -1.503596e+02 2.312213e-01
3.474000e+02 -1.507497e+02 2.260352e-01
3.474000e+02 -1.502763e+02 2.330364e-01
3.476000e+02 -1.523707e+02 2.372504e-01
3.476000e+02 -1.525127e+02 2.340448e-01
3.476000e+02 -1.525868e+02 2.418897e-01
3.476000e+02 -1.525456e+02 2.386066e-01
3.476000e+02 -1.530608e+02 2.373895e-01
3.476000e+02 -1.523009e+02 2.330029e-01
3.476000e+02 -1.527536e+02 2.349025e-01
3.476000e+02 -1.519699e+02 2.363699e-01
3.476000e+02 -1.527710e+02 2.372949e-01
3.476000e+02 -1.528890e+02 2.356192e-01
3.478000e+02 -1.548023e+02 2.468364e-01
3.478000e+02 -1.543973e+02 2.461829e-01
3.478000e+02 -1.542237e+02 2.433864e-01
3.478000e+02 -1.543198e+02 2.424119e-01
3.478000e+02 -1.544434e+02 2.418925e-01
3.478000e+02 -1.545662e+02 2.453066e-01
3.478000e+02 -1.547337e+02 2.464815e-01
3.478000e+02 -1.546329e+02 2.406010e-01
3.478000e+02 -1.548496e+02 2.403071e-01
3.480000e+02 -1.563350e+02 2.517577e-01
3.480000e+02 -1.560835e+02 2.455504e-01
3.480000e+02 -1.563191e+02 2.514494e-01
3.480000e+02 -1.559894e+02 2.515063e-01
3.480000e+02 -1.560932e+02 2.562099e-01
3.480000e+02 -1.559570e+02 2.495604e-01
3.480000e+02 -1.563501e+02 2.486094e-01
3.480000e+02 -1.562880e+02 2.473729e-01
3.480000e+02 -1.565356e+02 2.503111e-01
3.480000e+02 -1.562775e+02 2.474001e-01
3.482000e+02 -1.575862e+02 2.564688e-01
3.482000e+02 -1.580357e+02 2.595709e-01
3.482000e+02 -1.576481e+02 2.551182e-01
3.482000e+02 -1.569887e+02 2.549707e-01
3.482000e+02 -1.574399e+02 2.562493e-01
3.482000e+02 -1.571594e+02 2.559648e-01
3.482000e+02 -1.575236e+02 2.573527e-01
3.482000e+02 -1.574226e+02 2.564535e-01
3.482000e+02 -1.570863e+02 2.563488e-01
3.482000e+02 -1.575233e+02 2.559214e-01
3.484000e+02 -1.580291e+02 2.625821e-01
3.484000e+02 -1.582979e+02 2.601221e-01
3.484000e+02 -1.584429e+02 2.623194e-01
3.484000e+02 -1.583648e+02 2.617084e-01
3.484000e+02 -1.583978e+02 2.603194e-01
3.484000e+02 -1.581998e+02 2.628034e-01
3.484000e+02 -1.589589e+02 2.611617e-01
3.484000e+02 -1.582505e+02 2.605216e-01
3.484000e+02 -1.580805e+02 2.600390e-01
3.484000e+02 -1.583574e+02 2.651385e-01
3.486000e+02 -1.586030e+02 2.647377e-01
3.486000e+02 -1.585814e+02 2.661653e-01
3.486000e+02 -1.590929e+02 2.655610e-01
3.486000e+02 -1.586949e+02 2.687801e-01
3.486000e+02 -1.587977e+02 2.689149e-01
3.486000e+02 -1.589004e+02 2.649351e-01
3.486000e+02 -1.591549e+02 2.636627e-01
3.486000e+02 -1.589694e+02 2.655616e-01
3.486000e+02 -1.590216e+02 2.680182e-01
3.488000e+02 -1.590504e+02 2.707675e-01
3.488000e+02 -1.589618e+02 2.718433e-01
3.488000e+02 -1.589076e+02 2.701929e-01
3.488000e+02 -1.594483e+02 2.735393e-01
3.488000e+02 -1.593336e+02 2.748846e-01
3.488000e+02 -1.582794e+02 2.730769e-01
3.488000e+02 -1.592842e+02 2.681766e-01
3.488000e+02 -1.590891e+02 2.711831e-01
3.488000e+02 -1.594969e+02 2.706774e-01
3.490000e+02 -1.589233e+02 2.734330e-01
3.490000e+02 -1.592816e+02 2.767704e-01
3.490000e+02 -1.591106e+02 2.718270e-01
3.490000e+02 -1.590242e+02 2.799666e-01
3.490000e+02 -1.590433e+02 2.756922e-01
3.490000e+02 -1.586896e+02 2.756688e-01
3.490000e+02 -1.589642e+02 2.735337e-01
3.490000e+02 -1.589751e+02 2.697373e-01
3.490000e+02 -1.592721e+02 2.690810e-01
3.490000e+02 -1.584767e+02 2.753776e-01
3.492000e+02 -1.583484e+02 2.791418e-01
3.492000e+02 -1.588227e+02 2.793977e-01
3.492000e+02 -1.588266e+02 2.787443e-01
3.492000e+02 -1.591704e+02 2.818108e-01
3.492000e+02 -1.585970e+02 2.760165e-01
3.492000e+02 -1.585797e+02 2.792772e-01
3.492000e+02 -1.584210e+02 2.801907e-01
3.492000e+02 -1.588005e+02 2.808125e-01
3.492000e+02 -1.582767e+02 2.801861e-01
3.494000e+02 -1.583615e+02 2.807475e-01
3.494000e+02 -1.580968e+02 2.739049e-01
3.494000e+02 -1.578501e+02 2.832950e-01
3.494000e+02 -1.575973e+02 2.797693e-01
3.494000e+02 -1.579242e+02 2.787994e-01
3.494000e+02 -1.577881e+02 2.811715e-01
3.494000e+02 -1.577018e+02 2.820526e-01
3.494000e+02 -1.584386e+02 2.839809e-01
3.494000e+02 -1.579405e+02 2.825675e-01
3.494000e+02 -1.574073e+02 2.869169e-01
3.496000e+02 -1.566970e+02 2.830555e-01
3.496000e+02 -1.566148e+02 2.852832e-01
3.496000e+02 -1.572993e+02 2.777418e-01
3.496000e+02 -1.567645e+02 2.856505e-01
3.496000e+02 -1.564807e+02 2.802908e-01
3.496000e+02 -1.571646e+02 2.842720e-01
3.496000e+02 -1.573218e+02 2.867644e-01
3.496000e+02 -1.567843e+02 2.808252e-01
3.496000e+02 -1.572432e+02 2.881487e-01
3.496000e+02 -1.571559e+02 2.824671e-01
3.498000e+02 -1.557070e+02 2.851318e-01
3.498000e+02 -1.551474e+02 2.860579e-01
3.498000e+02 -1.556908e+02 2.802173e-01
3.498000e+02 -1.552242e+02 2.854792e-01
3.498000e+02 -1.554850e+02 2.835825e-01
3.498000e+02 -1.555867e+02 2.872697e-01
3.498000e+02 -1.553541e+02 2.877609e-01
3.498000e+02 -1.550262e+02 2.850063e-01
3.498000e+02 -1.557863e+02 2.824628e-01
3.500000e+02 -1.540201e+02 2.872221e-01
3.500000e+02 -1.540908e+02 2.847630e-01
3.500000e+02 -1.531530e+02 2.854709e-01
3.500000e+02 -1.541343e+02 2.856043e-01
3.500000e+02 -1.541469e+02 2.836990e-01
3.500000e+02 -1.546010e+02 2.869784e-01
3.500000e+02 -1.544542e+02 2.809790e-01
3.500000e+02 -1.545999e+02 2.870038e-01
3.500000e+02 -1.540191e+02 2.858269e-01
3.510000e+02 -1.433979e+02 2.862177e-01
3.510000e+02 -1.437453e+02 2.782001e-01
3.510000e+02 -1.432429e+02 2.836235e-01
3.510000e+02 -1.437449e+02 2.805688e-01
3.510000e+02 -1.438004e+02 2.791601e-01
3.510000e+02 -1.434429e+02 2.857184e-01
3.510000e+02 -1.439865e+02 2.795954e-01
3.520000e+02 -1.295481e+02 2.719144e-01
3.520000e+02 -1.295322e+02 2.694715e-01
3.520000e+02 -1.296783e+02 2.667350e-01
3.520000e+02 -1.297596e+02 2.662610e-01
3.520000e+02 -1.302199e+02 2.651225e-01
3.520000e+02 -1.291710e+02 2.710676e-01
3.520000e+02 -1.291408e+02 2.681503e-01
3.520000e+02 -1.299235e+02 2.693652e-01
3.520000e+02 -1.297941e+02 2.654237e-01
3.530000e+02 -1.136202e+02 2.456394e-01
3.530000e+02 -1.139648e+02 2.482659e-01
3.530000e+02 -1.140883e+02 2.473703e-01
3.530000e+02 -1.142769e+02 2.443940e-01
3.530000e+02 -1.141938e+02 2.430738e-01
3.530000e+02 -1.137857e+02 2.452266e-01
3.530000e+02 -1.137140e+02 2.429390e-01
3.530000e+02 -1.139212e+02 2.460474e-01
3.530000e+02 -1.142693e+02 2.491844e-01
3.540000e+02 -9.811339e+01 2.190592e-01
3.540000e+02 -9.837123e+01 2.160668e-01
3.540000e+02 -9.832231e+01 2.198592e-01
3.540000e+02 -9.873600e+01 2.182300e-01
3.540000e+02 -9.811071e+01 2.217272e-01
3.540000e+02 -9.850270e+01 2.199106e-01
3.540000e+02 -9.813797e+01 2.233119e-01
3.540000e+02 -9.829141e+01 2.239551e-01
3.540000e+02 -9.892189e+01 2.248191e-01
3.540000e+02 -9.824713e+01 2.239324e-01
3.550000e+02 -8.350489e+01 1.982029e-01
3.550000e+02 -8.380268e+01 1.957415e-01
3.550000e+02 -8.336316e+01 1.941881e-01
3.550000e+02 -8.349496e+01 1.969566e-01
3.550000e+02 -8.334409e+01 1.937993e-01
3.550000e+02 -8.365913e+01 1.952672e-01
3.550000e+02 -8.319433e+01 1.944681e-01
3.550000e+02 -8.336050e+01 1.962186e-01
3.550000e+02 -8.337151e+01 1.918303e-01
3.550000e+02 -8.351394e+01 1.942474e-01
3.560000e+02 -6.999014e+01 1.639918e-01
3.560000e+02 -7.027879e+01 1.681222e-01
3.560000e+02 -7.004737e+01 1.679939e-01
3.560000e+02 -6.987842e+01 1.669883e-01
3.560000e+02 -7.006969e+01 1.667745e-01
3.560000e+02 -6.984133e+01 1.707225e-01
3.560000e+02 -6.995508e+01 1.671084e-01
3.560000e+02 -7.005675e+01 1.672966e-01
3.560000e+02 -7.002701e+01 1.687934e-01
3.560000e+02 -6.989266e+01 1.640047e-01
3.570000e+02 -5.818331e+01 1.452769e-01
3.570000e+02 -5.813596e+01 1.442028e-01
3.570000e+02 -5.862942e+01 1.412260e-01
3.570000e+02 -5.841118e+01 1.438201e-01
3.570000e+02 -5.840566e+01 1.434600e-01
3.570000e+02 -5.818246e+01 1.437820e-01
3.570000e+02 -5.834459e+01 1.427291e-01
3.570000e+02 -5.833942e+01 1.430387e-01
3.570000e+02 -5.830989e+01 1.451795e-01
3.570000e+02 -5.846173e+01 1.433479e-01
3.580000e+02 -4.850505e+01 1.220028e-01
3.580000e+02 -4.863316e+01 1.193389e-01
3.580000e+02 -4.853544e+01 1.197510e-01
3.580000e+02 -4.866317e+01 1.190051e-01
3.580000e+02 -4.863421e+01 1.204592e-01
3.580000e+02 -4.870004e+01 1.208896e-01
3.580000e+02 -4.889951e+01 1.220511e-01
3.580000e+02 -4.834260e+01 1.231313e-01
3.580000e+02 -4.862565e+01 1.197226e-01
3.580000e+02 -4.842332e+01 1.237999e-01
3.590000e+02 -4.044265e+01 1.030751e-01
3.590000e+02 -4.032506e+01 1.031761e-01
3.590000e+02 -4.033054e+01 1.009120e-01
3.590000e+02 -4.051996e+01 1.008274e-01
3.590000e+02 -4.044415e+01 1.007980e-01
3.590000e+02 -4.042036e+01 9.977206e-02
3.590000e+02 -4.037903e+01 1.022753e-01
3.590000e+02 -4.032889e+01 1.013890e-01
3.590000e+02 -4.038482e+01 1.026494e-01
3.590000e+02 -4.041185e+01 9.794416e-02
3.600000e+02 -3.385756e+01 8.410333e-02
3.600000e+02 -3.378120e+01 8.568607e-02
3.600000e+02 -3.387427e+01 8.567691e-02
3.600000e+02 -3.367558e+01 8.474527e-02
3.600000e+02 -3.378305e+01 8.383842e-02
3.600000e+02 -3.377253e+01 8.431834e-02
3.600000e+02 -3.358183e+01 8.533567e-02
3.600000e+02 -3.375879e+01 8.539407e-02
3.600000e+02 -3.387744e+01 8.512173e-02
3.650000e+02 -1.667323e+01 3.865311e-02
3.650000e+02 -1.667748e+01 3.963277e-02
3.650000e+02 -1.672012e+01 3.914229e-02
3.650000e+02 -1.667159e+01 3.878444e-02
3.650000e+02 -1.669852e+01 3.973867e-02
3.650000e+02 -1.667249e+01 3.845632e-02
3.650000e+02 -1.671935e+01 3.905607e-02
3.650000e+02 -1.669331e+01 3.936682e-02
3.650000e+02 -1.662007e+01 3.879074e-02
3.650000e+02 -1.661522e+01 3.921640e-02
3.700000e+02 -1.144510e+01 2.654983e-02
3.700000e+02 -1.147916e+01 2.566727e-02
3.700000e+02 -1.141968e+01 2.588798e-02
3.700000e+02 -1.149082e+01 2.546225e-02
3.700000e+02 -1.144266e+01 2.664256e-02
3.700000e+02 -1.142958e+01 2.661474e-02
3.700000e+02 -1.148962e+01 2.635460e-02
3.700000e+02 -1.140995e+01 2.552675e-02
3.700000e+02 -1.139726e+01 2.527894e-02
3.700000e+02 -1.143959e+01 2.684061e-02
3.750000e+02 -9.014969e+00 2.018541e-02
3.750000e+02 -8.980145e+00 2.026357e-02
3.750000e+02 -9.014071e+00 2.014139e-02
3.750000e+02 -8.983753e+00 2.068546e-02
3.750000e+02 -8.971037e+00 2.123594e-02
3.750000e+02 -8.988894e+00 2.038603e-02
3.750000e+02 -8.979113e+00 2.036111e-02
3.750000e+02 -8.968689e+00 2.061440e-02
3.750000e+02 -9.014674e+00 2.095170e-02
3.800000e+02 -7.400010e+00 1.653211e-02
3.800000e+02 -7.401532e+00 1.704535e-02
3.800000e+02 -7.393830e+00 1.663123e-02
3.800000e+02 -7.390146e+00 1.647581e-02
3.800000e+02 -7.371885e+00 1.700760e-02
3.800000e+02 -7.409446e+00 1.625792e-02
3.800000e+02 -7.408968e+00 1.644126e-02
3.800000e+02 -7.401178e+00 1.645590e-02
3.800000e+02 -7.402664e+00 1.654411e-02
3.800000e+02 -7.399283e+00 1.721645e-02
3.850000e+02 -6.268340e+00 1.430601e-02
3.850000e+02 -6.247617e+00 1.452861e-02
3.850000e+02 -6.260894e+00 1.381006e-02
3.850000e+02 -6.224791e+00 1.436498e-02
3.850000e+02 -6.272948e+00 1.388811e-02
3.850000e+02 -6.246138e+00 1.443110e-02
3.850000e+02 -6.261675e+00 1.418052e-02
3.850000e+02 -6.236404e+00 1.433206e-02
3.850000e+02 -6.278025e+00 1.384271e-02
