3.250000e+02 -4.987041e-24 7.078500e-27
3.250000e+02 -4.979913e-24 7.093050e-27
3.250000e+02 -4.984627e-24 7.038323e-27
3.250000e+02 -4.989700e-24 7.334501e-27
3.250000e+02 -4.976764e-24 7.105490e-27
3.250000e+02 -4.975245e-24 7.051947e-27
3.250000e+02 -4.966177e-24 7.086145e-27
3.250000e+02 -4.989313e-24 7.041048e-27
3.250000e+02 -4.970163e-24 7.060553e-27
3.250000e+02 -4.971567e-24 7.082744e-27
3.260000e+02 -5.924820e-24 8.454585e-27
3.260000e+02 -5.912449e-24 8.418384e-27
3.260000e+02 -5.914087e-24 8.408487e-27
3.260000e+02 -5.919082e-24 8.394011e-27
3.260000e+02 -5.926704e-24 8.782305e-27
3.260000e+02 -5.928605e-24 8.441615e-27
3.260000e+02 -5.910947e-24 8.433228e-27
3.260000e+02 -5.934064e-24 8.377615e-27
3.260000e+02 -5.913675e-24 8.400338e-27
3.260000e+02 -5.932513e-24 8.368963e-27
3.270000e+02 -7.095423e-24 1.013941e-26
3.270000e+02 -7.103959e-24 1.005469e-26
3.270000e+02 -7.107717e-24 9.977425e-27
3.270000e+02 -7.105897e-24 1.002582e-26
3.270000e+02 -7.098377e-24 1.011246e-26
3.270000e+02 -7.097715e-24 1.000176e-26
3.270000e+02 -7.095088e-24 1.008278e-26
3.270000e+02 -7.103594e-24 1.003518e-26
3.270000e+02 -7.111085e-24 9.985619e-27
3.270000e+02 -7.107824e-24 1.000651e-26
3.280000e+02 -8.597154e-24 1.218115e-26
3.280000e+02 -8.572896e-24 1.216507e-26
3.280000e+02 -8.601579e-24 1.210305e-26
3.280000e+02 0.000000e+00 0.000000e+00
3.280000e+02 -8.600915e-24 1.204682e-26
3.280000e+02 -8.597265e-24 1.197855e-26
3.280000e+02 -8.579731e-24 1.209621e-26
3.280000e+02 0.000000e+00 0.000000e+00
3.280000e+02 -8.596965e-24 1.207907e-26
3.280000e+02 -8.590022e-24 1.194594e-26
3.290000e+02 -5.527643e-07 8.571434e-10
3.290000e+02 -5.531228e-07 8.543133e-10
3.290000e+02 -5.530678e-07 8.449681e-10
3.290000e+02 -5.521218e-07 8.511979e-10
3.290000e+02 -5.527356e-07 8.459422e-10
3.290000e+02 -5.517442e-07 8.507923e-10
3.290000e+02 -5.529809e-07 8.355197e-10
3.290000e+02 -5.537627e-07 8.451309e-10
3.290000e+02 -5.530476e-07 8.426415e-10
3.290000e+02 -5.513257e-07 8.457311e-10
3.300000e+02 -9.179354e-05 1.396739e-07
3.300000e+02 -9.205417e-05 1.378435e-07
3.300000e+02 -9.168644e-05 1.402774e-07
3.300000e+02 -9.193440e-05 1.397638e-07
3.300000e+02 -9.199246e-05 1.401293e-07
3.300000e+02 -9.170258e-05 1.390978e-07
3.300000e+02 -9.169485e-05 1.399250e-07
3.300000e+02 -9.200644e-05 1.413812e-07
3.300000e+02 -9.166862e-05 1.396937e-07
3.300000e+02 -9.183304e-05 1.395761e-07
3.310000e+02 -9.464072e-04 1.428954e-06
3.310000e+02 -9.467749e-04 1.428050e-06
3.310000e+02 -9.471704e-04 1.435560e-06
3.310000e+02 -9.474780e-04 1.432863e-06
3.310000e+02 -9.441110e-04 1.437976e-06
3.310000e+02 -9.451094e-04 1.450222e-06
3.310000e+02 -9.470265e-04 1.448672e-06
3.310000e+02 -9.471824e-04 1.426005e-06
3.310000e+02 -9.444390e-04 1.433169e-06
3.310000e+02 -9.436618e-04 1.432932e-06
3.320000e+02 -4.618745e-03 6.946689e-06
3.320000e+02 -4.604428e-03 6.948415e-06
3.320000e+02 -4.606898e-03 6.978838e-06
3.320000e+02 -4.605656e-03 6.958122e-06
3.320000e+02 0.000000e+00 0.000000e+00
3.320000e+02 0.000000e+00 0.000000e+00
3.320000e+02 -4.604830e-03 6.998618e-06
3.320000e+02 -4.609839e-03 7.002280e-06
3.320000e+02 -4.611550e-03 6.971485e-06
3.320000e+02 -4.623063e-03 6.889509e-06
3.330000e+02 -1.601945e-02 2.382349e-05
3.330000e+02 -1.589884e-02 2.393390e-05
3.330000e+02 -1.596528e-02 2.396400e-05
3.330000e+02 -1.595581e-02 2.381614e-05
3.330000e+02 -1.596908e-02 2.398492e-05
3.330000e+02 -1.595595e-02 2.403918e-05
3.330000e+02 -1.595362e-02 2.404479e-05
3.330000e+02 -1.599775e-02 2.365739e-05
3.330000e+02 -1.598436e-02 2.391146e-05
3.330000e+02 -1.598269e-02 2.384216e-05
3.340000e+02 -4.581255e-02 6.771971e-05
3.340000e+02 -4.581016e-02 6.714638e-05
3.340000e+02 -4.564533e-02 6.711207e-05
3.340000e+02 -4.582816e-02 6.762198e-05
3.340000e+02 -4.566162e-02 6.796586e-05
3.340000e+02 -4.563178e-02 6.765674e-05
3.340000e+02 -4.569718e-02 6.778493e-05
3.340000e+02 -4.573795e-02 6.771890e-05
3.340000e+02 -4.580620e-02 6.811919e-05
3.340000e+02 -4.581678e-02 6.805494e-05
3.350000e+02 -1.170941e-01 1.713018e-04
3.350000e+02 -1.169475e-01 1.732145e-04
3.350000e+02 -1.172859e-01 1.714337e-04
3.350000e+02 -1.172888e-01 1.771608e-04
3.350000e+02 -1.170384e-01 1.714651e-04
3.350000e+02 -1.174300e-01 1.709934e-04
3.350000e+02 -1.168826e-01 1.727080e-04
3.350000e+02 -1.171637e-01 1.726099e-04
3.350000e+02 -1.169407e-01 1.719797e-04
3.350000e+02 -1.173611e-01 1.686705e-04
3.360000e+02 -2.811585e-01 4.077039e-04
3.360000e+02 -2.803519e-01 4.051312e-04
3.360000e+02 -2.805148e-01 4.030756e-04
3.360000e+02 -2.803022e-01 4.056923e-04
3.360000e+02 -2.808786e-01 4.041508e-04
3.360000e+02 -2.805323e-01 4.065729e-04
3.360000e+02 -2.806590e-01 4.038906e-04
3.360000e+02 -2.806893e-01 4.065592e-04
3.360000e+02 -2.805841e-01 4.077030e-04
3.360000e+02 -2.804916e-01 4.040341e-04
3.370000e+02 -6.496100e-01 9.205161e-04
3.370000e+02 -6.478898e-01 9.158130e-04
3.370000e+02 -6.485105e-01 9.230103e-04
3.370000e+02 -6.496847e-01 9.130193e-04
3.370000e+02 -6.485026e-01 9.095195e-04
3.370000e+02 -6.493782e-01 9.081900e-04
3.370000e+02 -6.489350e-01 9.199358e-04
3.370000e+02 -6.494844e-01 9.191031e-04
3.370000e+02 -6.480795e-01 9.142041e-04
3.370000e+02 -6.485607e-01 9.210520e-04
3.380000e+02 -1.466629e+00 2.038602e-03
3.380000e+02 -1.464615e+00 2.017425e-03
3.380000e+02 -1.467296e+00 2.037894e-03
3.380000e+02 -1.467783e+00 2.037427e-03
3.380000e+02 -1.463152e+00 2.039799e-03
3.380000e+02 -1.466522e+00 2.024174e-03
3.380000e+02 -1.465058e+00 2.034056e-03
3.380000e+02 -1.465777e+00 2.029697e-03
3.380000e+02 -1.465580e+00 2.055836e-03
3.390000e+02 -3.246684e+00 4.385357e-03
3.390000e+02 -3.248033e+00 4.383680e-03
3.390000e+02 -3.242540e+00 4.401520e-03
3.390000e+02 -3.245401e+00 4.396475e-03
3.390000e+02 -3.247584e+00 4.361946e-03
3.390000e+02 -3.240252e+00 4.437315e-03
3.390000e+02 -3.244801e+00 4.398028e-03
3.390000e+02 -3.245376e+00 4.360021e-03
3.390000e+02 -3.239989e+00 4.386146e-03
3.400000e+02 -6.676681e+00 8.881543e-03
3.400000e+02 -6.690875e+00 8.855448e-03
3.400000e+02 -6.700238e+00 8.768937e-03
3.400000e+02 -6.687244e+00 8.917714e-03
3.400000e+02 -6.684640e+00 8.783739e-03
3.400000e+02 -6.694550e+00 8.945681e-03
3.400000e+02 -6.677137e+00 9.005232e-03
3.400000e+02 -6.700987e+00 8.912936e-03
3.400000e+02 -6.665326e+00 8.846393e-03
3.400000e+02 -6.679805e+00 8.879101e-03
3.402000e+02 -7.600768e+00 1.000109e-02
3.402000e+02 -7.591644e+00 1.003975e-02
3.402000e+02 -7.596758e+00 1.010232e-02
3.402000e+02 -7.580909e+00 1.016153e-02
3.402000e+02 -7.592270e+00 1.006455e-02
3.402000e+02 -7.584867e+00 1.008011e-02
3.402000e+02 -7.579665e+00 1.003404e-02
3.402000e+02 -7.579148e+00 1.012762e-02
3.402000e+02 -7.593438e+00 1.003068e-02
3.404000e+02 -8.534568e+00 1.122922e-02
3.404000e+02 -8.531750e+00 1.116782e-02
3.404000e+02 -8.536184e+00 1.122388e-02
3.404000e+02 -8.533611e+00 1.128919e-02
3.404000e+02 -8.525368e+00 1.125654e-02
3.404000e+02 -8.531239e+00 1.154942e-02
3.404000e+02 -8.534888e+00 1.124774e-02
3.404000e+02 -8.520075e+00 1.137734e-02
3.404000e+02 -8.510777e+00 1.146902e-02
3.406000e+02 -9.546797e+00 1.265465e-02
3.406000e+02 -9.541228e+00 1.265351e-02
3.406000e+02 -9.559281e+00 1.272435e-02
3.406000e+02 -9.551181e+00 1.252296e-02
3.406000e+02 -9.567210e+00 1.254041e-02
3.406000e+02 -9.528011e+00 1.268232e-02
3.406000e+02 -9.529149e+00 1.265739e-02
3.406000e+02 -9.522047e+00 1.335961e-02
3.406000e+02 -9.547199e+00 1.252702e-02
3.406000e+02 -9.526577e+00 1.279502e-02
3.408000e+02 -1.070349e+01 1.402638e-02
3.408000e+02 -1.070588e+01 1.403999e-02
3.408000e+02 -1.073014e+01 1.421488e-02
3.408000e+02 -1.070950e+01 1.400495e-02
3.408000e+02 -1.070733e+01 1.426731e-02
3.408000e+02 -1.073277e+01 1.402467e-02
3.408000e+02 -1.071641e+01 1.389066e-02
3.408000e+02 -1.070579e+01 1.404540e-02
3.408000e+02 -1.073417e+01 1.414373e-02
3.408000e+02 -1.071499e+01 1.476067e-02
3.410000e+02 -1.205466e+01 1.576198e-02
3.410000e+02 -1.206485e+01 1.582041e-02
3.410000e+02 -1.206436e+01 1.594754e-02
3.410000e+02 -1.208467e+01 1.579574e-02
3.410000e+02 -1.204805e+01 1.575761e-02
3.410000e+02 -1.205646e+01 1.580219e-02
3.410000e+02 -1.206096e+01 1.592096e-02
3.410000e+02 -1.205698e+01 1.595108e-02
3.410000e+02 -1.206216e+01 1.604539e-02
3.410000e+02 -1.205808e+01 1.582736e-02
3.412000e+02 -1.366086e+01 1.806729e-02
3.412000e+02 -1.364283e+01 1.788545e-02
3.412000e+02 -1.367905e+01 1.806218e-02
3.412000e+02 -1.366951e+01 1.803919e-02
3.412000e+02 -1.366445e+01 1.814388e-02
3.412000e+02 -1.369286e+01 1.787552e-02
3.412000e+02 -1.367402e+01 1.798099e-02
3.412000e+02 -1.363216e+01 1.792634e-02
3.412000e+02 -1.365676e+01 1.802198e-02
3.412000e+02 -1.364867e+01 1.780041e-02
3.414000e+02 -1.553457e+01 2.064205e-02
3.414000e+02 -1.551475e+01 2.039979e-02
3.414000e+02 -1.553111e+01 2.002008e-02
3.414000e+02 -1.553483e+01 2.034682e-02
3.414000e+02 -1.556747e+01 2.024783e-02
3.414000e+02 -1.551035e+01 2.069191e-02
3.414000e+02 -1.552650e+01 2.023961e-02
3.414000e+02 -1.555288e+01 2.023208e-02
3.414000e+02 -1.552919e+01 2.057984e-02
3.414000e+02 -1.552100e+01 2.040319e-02
3.416000e+02 -1.780303e+01 2.323577e-02
3.416000e+02 -1.777418e+01 2.333414e-02
3.416000e+02 -1.778994e+01 2.295376e-02
3.416000e+02 -1.776004e+01 2.305837e-02
3.416000e+02 -1.775449e+01 2.335666e-02
3.416000e+02 -1.770760e+01 2.387595e-02
3.416000e+02 -1.775370e+01 2.328005e-02
3.416000e+02 -1.776621e+01 2.333644e-02
3.416000e+02 -1.774894e+01 2.326316e-02
3.416000e+02 -1.778305e+01 2.322988e-02
3.418000e+02 -2.046196e+01 2.715839e-02
3.418000e+02 -2.046218e+01 2.682360e-02
3.418000e+02 -2.040981e+01 2.680621e-02
3.418000e+02 -2.044268e+01 2.684848e-02
3.418000e+02 -2.044947e+01 2.711811e-02
3.418000e+02 -2.049876e+01 2.687171e-02
3.418000e+02 -2.044417e+01 2.673965e-02
3.418000e+02 -2.045450e+01 2.664816e-02
3.418000e+02 -2.041395e+01 2.685039e-02
3.418000e+02 -2.042811e+01 2.698248e-02
3.420000e+02 -2.363809e+01 3.068672e-02
3.420000e+02 -2.362692e+01 3.099237e-02
3.420000e+02 -2.374434e+01 3.070304e-02
3.420000e+02 -2.360097e+01 3.133940e-02
3.420000e+02 -2.368454e+01 3.133712e-02
3.420000e+02 -2.367214e+01 3.099761e-02
3.420000e+02 -2.363718e+01 3.105186e-02
3.420000e+02 -2.368445e+01 3.141773e-02
3.420000e+02 -2.363499e+01 3.128295e-02
3.422000e+02 -2.753715e+01 3.653950e-02
3.422000e+02 -2.765444e+01 3.671879e-02
3.422000e+02 -2.753368e+01 3.594312e-02
3.422000e+02 -2.760737e+01 3.558890e-02
3.422000e+02 -2.761048e+01 3.704601e-02
3.422000e+02 -2.754536e+01 3.618145e-02
3.422000e+02 -2.755612e+01 3.696619e-02
3.422000e+02 -2.750526e+01 3.600624e-02
3.422000e+02 -2.750205e+01 3.656510e-02
3.422000e+02 -2.750687e+01 3.678566e-02
3.424000e+02 -3.229172e+01 4.175632e-02
3.424000e+02 -3.227784e+01 4.269429e-02
3.424000e+02 -3.231635e+01 4.328567e-02
3.424000e+02 -3.231262e+01 4.269499e-02
3.424000e+02 -3.238089e+01 4.251441e-02
3.424000e+02 -3.223605e+01 4.226898e-02
3.424000e+02 -3.226923e+01 4.218698e-02
3.424000e+02 -3.224397e+01 4.193173e-02
3.426000e+02 -3.811798e+01 4.943982e-02
3.426000e+02 -3.805384e+01 5.118945e-02
3.426000e+02 -3.805291e+01 4.985613e-02
3.426000e+02 -3.800225e+01 5.142979e-02
3.426000e+02 -3.795183e+01 4.944247e-02
3.426000e+02 -3.806711e+01 4.984256e-02
3.426000e+02 -3.800155e+01 4.995679e-02
3.426000e+02 -3.804072e+01 4.962506e-02
3.426000e+02 -3.802038e+01 5.030956e-02
3.428000e+02 -4.492615e+01 5.980663e-02
3.428000e+02 -4.497002e+01 5.920504e-02
3.428000e+02 -4.498705e+01 5.979689e-02
3.428000e+02 -4.497221e+01 5.960758e-02
3.428000e+02 -4.499902e+01 5.875230e-02
3.428000e+02 -4.490515e+01 5.903869e-02
3.428000e+02 -4.497073e+01 6.091907e-02
3.428000e+02 -4.492935e+01 5.843628e-02
3.428000e+02 -4.488086e+01 5.920299e-02
3.428000e+02 -4.489771e+01 5.924118e-02
3.430000e+02 -5.317459e+01 7.096601e-02
3.430000e+02 -5.314017e+01 7.069154e-02
3.430000e+02 -5.308465e+01 7.200982e-02
3.430000e+02 -5.312522e+01 7.127537e-02
3.430000e+02 -5.324127e+01 7.123975e-02
3.430000e+02 -5.310423e+01 7.087535e-02
3.430000e+02 -5.310446e+01 7.024835e-02
3.430000e+02 -5.318338e+01 7.040992e-02
3.430000e+02 -5.314740e+01 7.101029e-02
3.430000e+02 -5.308441e+01 7.043568e-02
3.432000e+02 -6.263719e+01 8.473430e-02
3.432000e+02 -6.261384e+01 8.347597e-02
3.432000e+02 -6.280323e+01 8.450199e-02
3.432000e+02 -6.260299e+01 8.362294e-02
3.432000e+02 -6.253546e+01 8.359297e-02
3.432000e+02 -6.259735e+01 8.429899e-02
3.432000e+02 -6.263910e+01 8.263515e-02
3.432000e+02 -6.257821e+01 8.288180e-02
3.432000e+02 -6.261103e+01 8.395785e-02
3.432000e+02 -6.280956e+01 8.412195e-02
3.434000e+02 -7.321832e+01 9.762623e-02
3.434000e+02 -7.309955e+01 9.894385e-02
3.434000e+02 -7.310332e+01 9.980120e-02
3.434000e+02 -7.336697e+01 9.729826e-02
3.434000e+02 -7.304098e+01 9.805436e-02
3.434000e+02 -7.323208e+01 9.831127e-02
3.434000e+02 -7.317449e+01 1.007669e-01
3.434000e+02 -7.310646e+01 9.798604e-02
3.434000e+02 -7.324440e+01 1.020707e-01
3.434000e+02 -7.314003e+01 9.749904e-02
3.436000e+02 -8.413250e+01 1.122639e-01
3.436000e+02 -8.407194e+01 1.155854e-01
3.436000e+02 -8.406615e+01 1.135304e-01
3.436000e+02 -8.409077e+01 1.138526e-01
3.436000e+02 -8.417337e+01 1.131588e-01
3.436000e+02 -8.412987e+01 1.133124e-01
3.436000e+02 -8.413589e+01 1.123994e-01
3.436000e+02 -8.412680e+01 1.146478e-01
3.436000e+02 -8.417181e+01 1.141483e-01
3.438000e+02 -9.465162e+01 1.298071e-01
3.438000e+02 -9.472936e+01 1.299028e-01
3.438000e+02 0.000000e+00 0.000000e+00
3.438000e+02 -9.473640e+01 1.300828e-01
3.438000e+02 -9.443929e+01 1.330364e-01
3.438000e+02 -9.476232e+01 1.292119e-01
3.438000e+02 -9.461649e+01 1.311227e-01
3.438000e+02 -9.465390e+01 1.341580e-01
3.438000e+02 -9.453613e+01 1.279248e-01
3.438000e+02 -9.463852e+01 1.308423e-01
3.440000e+02 -1.033777e+02 1.456099e-01
3.440000e+02 -1.037093e+02 1.420155e-01
3.440000e+02 -1.033985e+02 1.449712e-01
3.440000e+02 -1.036955e+02 1.419821e-01
3.440000e+02 -1.037388e+02 1.484017e-01
3.440000e+02 -1.038031e+02 1.415940e-01
3.440000e+02 -1.036378e+02 1.438591e-01
3.440000e+02 -1.034475e+02 1.472114e-01
3.440000e+02 -1.035017e+02 1.415322e-01
3.440000e+02 -1.034617e+02 1.421771e-01
3.442000e+02 -1.104025e+02 1.559794e-01
3.442000e+02 -1.105898e+02 1.552700e-01
3.442000e+02 -1.103476e+02 1.567705e-01
3.442000e+02 -1.101759e+02 1.511659e-01
3.442000e+02 -1.103536e+02 1.542134e-01
3.442000e+02 -1.100778e+02 1.551140e-01
3.442000e+02 -1.104777e+02 1.535784e-01
3.442000e+02 -1.104693e+02 1.525305e-01
3.442000e+02 -1.102394e+02 1.525281e-01
3.442000e+02 -1.103172e+02 1.525410e-01
3.444000e+02 -1.151214e+02 1.613837e-01
3.444000e+02 -1.146040e+02 1.617362e-01
3.444000e+02 -1.150986e+02 1.604749e-01
3.444000e+02 -1.147849e+02 1.638765e-01
3.444000e+02 -1.147102e+02 1.631359e-01
3.444000e+02 -1.149216e+02 1.645828e-01
3.444000e+02 -1.147207e+02 1.646649e-01
3.444000e+02 -1.147732e+02 1.601533e-01
3.444000e+02 -1.149094e+02 1.588781e-01
3.444000e+02 -1.147197e+02 1.628537e-01
3.446000e+02 -1.174459e+02 1.663329e-01
3.446000e+02 -1.173889e+02 1.674595e-01
3.446000e+02 -1.176831e+02 1.647670e-01
3.446000e+02 -1.173210e+02 1.671210e-01
3.446000e+02 -1.172430e+02 1.667485e-01
3.446000e+02 -1.171156e+02 1.678698e-01
3.446000e+02 -1.173215e+02 1.712670e-01
3.446000e+02 -1.174224e+02 1.649527e-01
3.446000e+02 -1.174881e+02 1.675671e-01
3.446000e+02 -1.174576e+02 1.669057e-01
3.448000e+02 -1.189523e+02 1.683350e-01
3.448000e+02 -1.189337e+02 1.742853e-01
3.448000e+02 -1.188847e+02 1.679134e-01
3.448000e+02 -1.191724e+02 1.719231e-01
3.448000e+02 -1.192434e+02 1.678274e-01
3.448000e+02 -1.188398e+02 1.713787e-01
3.448000e+02 -1.190306e+02 1.708593e-01
3.448000e+02 -1.190866e+02 1.706157e-01
3.448000e+02 -1.192820e+02 1.700560e-01
3.448000e+02 -1.191906e+02 1.721011e-01
3.450000e+02 -1.205109e+02 1.763107e-01
3.450000e+02 -1.204066e+02 1.727911e-01
3.450000e+02 -1.206036e+02 1.733056e-01
3.450000e+02 -1.202843e+02 1.760802e-01
3.450000e+02 -1.201844e+02 1.730007e-01
3.450000e+02 -1.202881e+02 1.743887e-01
3.450000e+02 -1.205035e+02 1.683694e-01
3.450000e+02 -1.203250e+02 1.737184e-01
3.450000e+02 -1.198566e+02 1.695919e-01
3.452000e+02 -1.218585e+02 1.763194e-01
3.452000e+02 -1.217203e+02 1.744343e-01
3.452000e+02 -1.220074e+02 1.708909e-01
3.452000e+02 -1.220884e+02 1.770725e-01
3.452000e+02 -1.221220e+02 1.757259e-01
3.452000e+02 -1.221136e+02 1.751100e-01
3.452000e+02 -1.219409e+02 1.714512e-01
3.452000e+02 -1.221343e+02 1.745880e-01
3.454000e+02 -1.234482e+02 1.799578e-01
3.454000e+02 -1.235223e+02 1.784211e-01
3.454000e+02 -1.236136e+02 1.754092e-01
3.454000e+02 -1.239026e+02 1.803442e-01
3.454000e+02 -1.233450e+02 1.812304e-01
3.454000e+02 -1.236037e+02 1.771205e-01
3.454000e+02 -1.236752e+02 1.812721e-01
3.454000e+02 -1.236012e+02 1.810373e-01
3.454000e+02 -1.237435e+02 1.778811e-01
3.456000e+02 -1.259496e+02 1.816842e-01
3.456000e+02 -1.260692e+02 1.826263e-01
3.456000e+02 -1.261480e+02 1.810069e-01
3.456000e+02 -1.257034e+02 1.820471e-01
3.456000e+02 -1.258663e+02 1.820195e-01
3.456000e+02 -1.255855e+02 1.808624e-01
3.456000e+02 -1.262373e+02 1.870479e-01
3.456000e+02 -1.260959e+02 1.790353e-01
3.456000e+02 -1.259642e+02 1.807060e-01
3.456000e+02 -1.259153e+02 1.831543e-01
3.458000e+02 -1.282429e+02 1.896840e-01
3.458000e+02 -1.285077e+02 1.893512e-01
3.458000e+02 -1.284141e+02 1.883686e-01
3.458000e+02 -1.284504e+02 1.844884e-01
3.458000e+02 -1.278856e+02 1.867851e-01
3.458000e+02 -1.284069e+02 1.826796e-01
3.458000e+02 -1.284520e+02 1.818138e-01
3.458000e+02 -1.283268e+02 1.852821e-01
3.458000e+02 -1.282216e+02 1.854367e-01
3.460000e+02 -1.309672e+02 1.905865e-01
3.460000e+02 -1.309691e+02 1.895060e-01
3.460000e+02 -1.308222e+02 1.928535e-01
3.460000e+02 -1.308337e+02 1.863585e-01
3.460000e+02 -1.308826e+02 1.888766e-01
3.460000e+02 -1.310882e+02 1.908037e-01
3.460000e+02 -1.308238e+02 1.935600e-01
3.460000e+02 -1.307082e+02 1.887846e-01
3.460000e+02 -1.307546e+02 1.887636e-01
3.460000e+02 -1.310885e+02 1.913595e-01
3.462000e+02 -1.336647e+02 1.920887e-01
3.462000e+02 -1.333096e+02 1.903213e-01
3.462000e+02 -1.335715e+02 1.866292e-01
3.462000e+02 -1.336742e+02 1.873772e-01
3.462000e+02 -1.334020e+02 1.849510e-01
3.462000e+02 -1.339452e+02 1.904344e-01
3.462000e+02 -1.333099e+02 1.902164e-01
3.462000e+02 -1.337739e+02 1.882109e-01
3.462000e+02 -1.338640e+02 1.914834e-01
3.462000e+02 -1.335659e+02 1.900821e-01
3.464000e+02 -1.365539e+02 1.992030e-01
3.464000e+02 -1.358585e+02 1.942929e-01
3.464000e+02 -1.360275e+02 1.938355e-01
3.464000e+02 -1.364607e+02 1.936750e-01
3.464000e+02 -1.359978e+02 1.952169e-01
3.464000e+02 -1.360170e+02 1.952363e-01
3.464000e+02 -1.359689e+02 1.952522e-01
3.464000e+02 -1.364071e+02 1.937328e-01
3.464000e+02 -1.359191e+02 1.942768e-01
3.466000e+02 -1.388349e+02 2.031214e-01
3.466000e+02 -1.384098e+02 2.008887e-01
3.466000e+02 -1.385730e+02 2.032297e-01
3.466000e+02 -1.386945e+02 2.003493e-01
3.466000e+02 -1.385543e+02 2.033697e-01
3.466000e+02 -1.386845e+02 2.010141e-01
3.466000e+02 -1.386347e+02 2.023864e-01
3.466000e+02 -1.385205e+02 2.014567e-01
3.466000e+02 -1.387138e+02 1.963160e-01
3.466000e+02 -1.388376e+02 1.998877e-01
3.468000e+02 -1.409323e+02 2.062601e-01
3.468000e+02 -1.412217e+02 2.089745e-01
3.468000e+02 -1.408709e+02 2.130897e-01
3.468000e+02 -1.411320e+02 2.067580e-01
3.468000e+02 -1.408399e+02 2.066576e-01
3.468000e+02 -1.413764e+02 2.122773e-01
3.468000e+02 -1.408476e+02 2.110608e-01
3.468000e+02 -1.409785e+02 2.095054e-01
3.468000e+02 -1.411469e+02 2.103018e-01
3.470000e+02 -1.436955e+02 2.127818e-01
3.470000e+02 -1.434659e+02 2.173032e-01
3.470000e+02 -1.434936e+02 2.144755e-01
3.470000e+02 -1.432446e+02 2.141533e-01
3.470000e+02 -1.433076e+02 2.136686e-01
3.470000e+02 -1.431914e+02 2.169589e-01
3.470000e+02 -1.438351e+02 2.112737e-01
3.470000e+02 -1.433751e+02 2.166984e-01
3.470000e+02 -1.431910e+02 2.128499e-01
3.470000e+02 -1.429694e+02 2.121139e-01
3.472000e+02 -1.452192e+02 2.210861e-01
3.472000e+02 -1.450271e+02 2.215004e-01
3.472000e+02 -1.454448e+02 2.223541e-01
3.472000e+02 -1.453277e+02 2.226086e-01
3.472000e+02 -1.454138e+02 2.203217e-01
3.472000e+02 -1.451111e+02 2.183457e-01
3.472000e+02 -1.450816e+02 2.234082e-01
3.472000e+02 -1.450844e+02 2.215953e-01
3.472000e+02 -1.450348e+02 2.190134e-01
3.472000e+02 -1.452486e+02 2.207482e-01
3.474000e+02 -1.470017e+02 2.337696e-01
3.474000e+02 -1.470678e+02 2.271623e-01
3.474000e+02 -1.469616e+02 2.259276e-01
3.474000e+02 -1.470100e+02 2.226323e-01
3.474000e+02 -1.470793e+02 2.290824e-01
3.474000e+02 -1.473126e+02 2.249036e-01
3.474000e+02 -1.471314e+02 2.283380e-01
3.474000e+02 -1.472914e+02 2.273944e-01
3.474000e+02 -1.473974e+02 2.271148e-01
3.474000e+02 -1.473780e+02 2.255215e-01
3.476000e+02 -1.485642e+02 2.337597e-01
3.476000e+02 -1.490184e+02 2.316655e-01
3.476000e+02 -1.487477e+02 2.369370e-01
3.476000e+02 -1.488152e+02 2.338586e-01
3.476000e+02 -1.482710e+02 2.355776e-01
3.476000e+02 -1.488444e+02 2.323539e-01
3.476000e+02 -1.485641e+02 2.309284e-01
3.476000e+02 -1.490202e+02 2.320308e-01
3.476000e+02 -1.491815e+02 2.325200e-01
3.476000e+02 -1.488452e+02 2.334195e-01
3.478000e+02 -1.502126e+02 2.367832e-01
3.478000e+02 -1.504335e+02 2.407628e-01
3.478000e+02 -1.499660e+02 2.428245e-01
3.478000e+02 -1.497727e+02 2.435445e-01
3.478000e+02 -1.500868e+02 2.385503e-01
3.478000e+02 -1.503155e+02 2.415675e-01
3.478000e+02 -1.500684e+02 2.374101e-01
3.478000e+02 -1.498756e+02 2.380817e-01
3.478000e+02 -1.498503e+02 2.394654e-01
3.478000e+02 -1.498498e+02 2.405519e-01
3.480000e+02 -1.507272e+02 2.430686e-01
3.480000e+02 -1.507059e+02 2.452915e-01
3.480000e+02 -1.504014e+02 2.454563e-01
3.480000e+02 -1.505761e+02 2.429136e-01
3.480000e+02 -1.506879e+02 2.441491e-01
3.480000e+02 -1.504451e+02 2.412117e-01
3.480000e+02 -1.503081e+02 2.466305e-01
3.480000e+02 -1.508537e+02 2.532494e-01
3.480000e+02 -1.500775e+02 2.474875e-01
3.482000e+02 -1.509359e+02 2.460616e-01
3.482000e+02 -1.504263e+02 2.482557e-01
3.482000e+02 -1.505264e+02 2.472827e-01
3.482000e+02 -1.505376e+02 2.446006e-01
3.482000e+02 -1.507016e+02 2.485644e-01
3.482000e+02 -1.505912e+02 2.425317e-01
3.482000e+02 -1.506959e+02 2.508071e-01
3.482000e+02 -1.502614e+02 2.490679e-01
3.482000e+02 -1.502120e+02 2.434710e-01
3.482000e+02 -1.506435e+02 2.450501e-01
3.484000e+02 -1.496561e+02 2.502499e-01
3.484000e+02 -1.492540e+02 2.482117e-01
3.484000e+02 -1.492142e+02 2.527057e-01
3.484000e+02 -1.493640e+02 2.514781e-01
3.484000e+02 -1.495656e+02 2.488342e-01
3.484000e+02 -1.492988e+02 2.479002e-01
3.484000e+02 -1.495776e+02 2.481749e-01
3.484000e+02 -1.497784e+02 2.513957e-01
3.484000e+02 -1.494551e+02 2.503408e-01
3.484000e+02 -1.497406e+02 2.508079e-01
3.486000e+02 -1.482570e+02 2.516925e-01
3.486000e+02 -1.477874e+02 2.490186e-01
3.486000e+02 -1.481857e+02 2.510760e-01
3.486000e+02 -1.485320e+02 2.497255e-01
3.486000e+02 -1.480063e+02 2.515290e-01
3.486000e+02 -1.480270e+02 2.505256e-01
3.486000e+02 -1.481202e+02 2.541446e-01
3.486000e+02 -1.480854e+02 2.518278e-01
3.486000e+02 -1.478602e+02 2.491662e-01
3.486000e+02 -1.481715e+02 2.509595e-01
3.488000e+02 -1.456221e+02 2.461931e-01
3.488000e+02 -1.459483e+02 2.507047e-01
3.488000e+02 -1.456173e+02 2.511467e-01
3.488000e+02 -1.454224e+02 2.515676e-01
3.488000e+02 -1.455359e+02 2.531222e-01
3.488000e+02 -1.459310e+02 2.490565e-01
3.488000e+02 -1.453860e+02 2.489319e-01
3.488000e+02 -1.457952e+02 2.461143e-01
3.488000e+02 -1.454235e+02 2.522279e-01
3.488000e+02 -1.456700e+02 2.530257e-01
3.490000e+02 -1.425713e+02 2.476255e-01
3.490000e+02 0.000000e+00 0.000000e+00
3.490000e+02 -1.424376e+02 2.468581e-01
3.490000e+02 -1.428118e+02 2.507255e-01
3.490000e+02 -1.425363e+02 2.470963e-01
3.490000e+02 -1.426873e+02 2.482160e-01
3.490000e+02 -1.426960e+02 2.479167e-01
3.490000e+02 -1.424886e+02 2.491592e-01
3.490000e+02 -1.423271e+02 2.521885e-01
3.492000e+02 -1.393143e+02 2.430296e-01
3.492000e+02 -1.393367e+02 2.464443e-01
3.492000e+02 -1.396452e+02 2.495515e-01
3.492000e+02 -1.394942e+02 2.489534e-01
3.492000e+02 -1.391004e+02 2.488134e-01
3.492000e+02 -1.392720e+02 2.509231e-01
3.492000e+02 -1.391767e+02 2.459088e-01
3.492000e+02 -1.391662e+02 2.435400e-01
3.492000e+02 -1.395794e+02 2.472772e-01
3.494000e+02 -1.349299e+02 2.393071e-01
3.494000e+02 -1.349303e+02 2.401974e-01
3.494000e+02 -1.354059e+02 2.403239e-01
3.494000e+02 -1.354945e+02 2.404743e-01
3.494000e+02 -1.350122e+02 2.407753e-01
3.494000e+02 -1.353587e+02 2.439959e-01
3.494000e+02 -1.353548e+02 2.434648e-01
3.494000e+02 -1.352225e+02 2.439243e-01
3.494000e+02 -1.353527e+02 2.427957e-01
3.496000e+02 -1.311381e+02 2.362053e-01
3.496000e+02 -1.306542e+02 2.382481e-01
3.496000e+02 -1.306380e+02 2.384297e-01
3.496000e+02 -1.307221e+02 2.413298e-01
3.496000e+02 -1.310815e+02 2.367709e-01
3.496000e+02 -1.310604e+02 2.358650e-01
3.496000e+02 -1.310573e+02 2.357611e-01
3.496000e+02 -1.310406e+02 2.405242e-01
3.496000e+02 -1.310900e+02 2.350948e-01
3.496000e+02 -1.306245e+02 2.356827e-01
3.498000e+02 -1.262043e+02 2.341360e-01
3.498000e+02 -1.262917e+02 2.321245e-01
3.498000e+02 -1.260752e+02 2.337834e-01
3.498000e+02 -1.261009e+02 2.314106e-01
3.498000e+02 -1.259931e+02 2.318575e-01
3.498000e+02 -1.264136e+02 2.294646e-01
3.498000e+02 -1.261788e+02 2.311496e-01
3.498000e+02 -1.260621e+02 2.295197e-01
3.498000e+02 -1.262446e+02 2.278449e-01
3.498000e+02 -1.261943e+02 2.320416e-01
3.500000e+02 -1.212491e+02 2.228492e-01
3.500000e+02 -1.214760e+02 2.224754e-01
3.500000e+02 -1.211664e+02 2.215761e-01
3.500000e+02 -1.215675e+02 2.225213e-01
3.500000e+02 -1.211593e+02 2.249465e-01
3.500000e+02 -1.211020e+02 2.255125e-01
3.500000e+02 -1.212549e+02 2.277825e-01
3.500000e+02 -1.213189e+02 2.211775e-01
3.500000e+02 -1.212866e+02 2.235710e-01
3.500000e+02 -1.208941e+02 2.223376e-01
3.510000e+02 -9.443852e+01 1.866064e-01
3.510000e+02 -9.423351e+01 1.843830e-01
3.510000e+02 -9.410720e+01 1.835068e-01
3.510000e+02 -9.424566e+01 1.826345e-01
3.510000e+02 -9.449688e+01 1.818236e-01
3.510000e+02 -9.410220e+01 1.851348e-01
3.510000e+02 -9.479273e+01 1.800238e-01
3.510000e+02 -9.379681e+01 1.869176e-01
3.510000e+02 -9.449922e+01 1.834039e-01
3.520000e+02 -6.901157e+01 1.413018e-01
3.520000e+02 -6.928177e+01 1.380758e-01
3.520000e+02 -6.924196e+01 1.414752e-01
3.520000e+02 -6.919415e+01 1.387403e-01
3.520000e+02 -6.914044e+01 1.408586e-01
3.520000e+02 -6.928420e+01 1.370477e-01
3.520000e+02 -6.922374e+01 1.400570e-01
3.520000e+02 -6.909537e+01 1.386342e-01
3.520000e+02 -6.942709e+01 1.388760e-01
3.520000e+02 -6.922615e+01 1.416222e-01
3.530000e+02 -4.953461e+01 1.066059e-01
3.530000e+02 -4.944524e+01 1.022933e-01
3.530000e+02 -4.938468e+01 1.027058e-01
3.530000e+02 -4.949691e+01 1.021540e-01
3.530000e+02 -4.937771e+01 1.042130e-01
3.530000e+02 -4.954908e+01 1.029521e-01
3.530000e+02 -4.938147e+01 1.020270e-01
3.530000e+02 -4.944891e+01 1.017696e-01
3.530000e+02 -4.959526e+01 1.021678e-01
3.530000e+02 -4.976637e+01 1.025397e-01
3.540000e+02 -3.569033e+01 7.477233e-02
3.540000e+02 -3.570707e+01 7.605325e-02
3.540000e+02 -3.551729e+01 7.510107e-02
3.540000e+02 -3.558294e+01 7.494237e-02
3.540000e+02 -3.563287e+01 7.382409e-02
3.540000e+02 -3.571206e+01 7.323263e-02
3.540000e+02 -3.559421e+01 7.464125e-02
3.540000e+02 -3.563287e+01 7.564965e-02
3.540000e+02 -3.561593e+01 7.519177e-02
3.540000e+02 -3.556189e+01 7.391945e-02
3.550000e+02 -2.674131e+01 5.487495e-02
3.550000e+02 -2.670160e+01 5.357711e-02
3.550000e+02 -2.660361e+01 5.454210e-02
3.550000e+02 -2.660805e+01 5.469612e-02
3.550000e+02 -2.667112e+01 5.520631e-02
3.550000e+02 -2.681466e+01 5.483776e-02
3.550000e+02 -2.668664e+01 5.526128e-02
3.550000e+02 -2.668015e+01 5.397987e-02
3.550000e+02 -2.661323e+01 5.355131e-02
3.550000e+02 -2.667604e+01 5.507102e-02
3.560000e+02 -2.107357e+01 4.224244e-02
3.560000e+02 -2.117214e+01 4.146487e-02
3.560000e+02 -2.116599e+01 4.203904e-02
3.560000e+02 -2.112357e+01 4.184262e-02
3.560000e+02 -2.117470e+01 4.239804e-02
3.560000e+02 -2.113154e+01 4.167552e-02
3.560000e+02 -2.108871e+01 4.179260e-02
3.560000e+02 -2.105976e+01 4.214262e-02
3.560000e+02 -2.108149e+01 4.212973e-02
3.570000e+02 -1.774941e+01 3.483444e-02
3.570000e+02 -1.772579e+01 3.513899e-02
3.570000e+02 -1.774735e+01 3.447592e-02
3.570000e+02 -1.774944e+01 3.540311e-02
3.570000e+02 -1.772227e+01 3.514096e-02
3.570000e+02 -1.773922e+01 3.426951e-02
3.570000e+02 -1.776352e+01 3.534041e-02
3.570000e+02 -1.770623e+01 3.462213e-02
3.570000e+02 -1.765228e+01 3.552239e-02
3.570000e+02 -1.771686e+01 3.525734e-02
3.580000e+02 -1.555033e+01 3.161213e-02
3.580000e+02 -1.557322e+01 3.133071e-02
3.580000e+02 -1.559088e+01 3.122229e-02
3.580000e+02 -1.556777e+01 2.999545e-02
3.580000e+02 -1.556660e+01 3.043477e-02
3.580000e+02 -1.552646e+01 2.998920e-02
3.580000e+02 -1.560264e+01 3.053315e-02
3.580000e+02 -1.553942e+01 3.003317e-02
3.580000e+02 -1.562058e+01 3.045384e-02
3.580000e+02 -1.552624e+01 2.974752e-02
3.590000e+02 -1.397307e+01 2.763197e-02
3.590000e+02 -1.407633e+01 2.690955e-02
3.590000e+02 -1.404593e+01 2.703487e-02
3.590000e+02 -1.400635e+01 2.780572e-02
3.590000e+02 -1.405333e+01 2.769239e-02
3.590000e+02 -1.402214e+01 2.767760e-02
3.590000e+02 -1.405861e+01 2.739008e-02
3.590000e+02 -1.402335e+01 2.683133e-02
3.590000e+02 -1.404431e+01 2.715292e-02
3.600000e+02 -1.280944e+01 2.533290e-02
3.600000e+02 -1.282170e+01 2.500554e-02
3.600000e+02 -1.287585e+01 2.616868e-02
3.600000e+02 -1.288384e+01 2.536707e-02
3.600000e+02 -1.281088e+01 2.586191e-02
3.600000e+02 -1.286028e+01 2.509585e-02
3.600000e+02 -1.284879e+01 2.498045e-02
3.600000e+02 -1.288213e+01 2.499387e-02
3.600000e+02 -1.281376e+01 2.538442e-02
3.600000e+02 -1.288900e+01 2.475346e-02
3.650000e+02 -9.032297e+00 1.876169e-02
3.650000e+02 -9.086852e+00 1.729632e-02
3.650000e+02 -9.054040e+00 1.755123e-02
3.650000e+02 -9.065754e+00 1.808677e-02
3.650000e+02 -9.055317e+00 1.735175e-02
3.650000e+02 -9.038689e+00 1.807614e-02
3.650000e+02 -9.064285e+00 1.802718e-02
3.650000e+02 -9.057795e+00 1.702240e-02
3.650000e+02 -9.060145e+00 1.762345e-02
3.650000e+02 -9.056445e+00 1.774307e-02
3.700000e+02 -6.995338e+00 1.335981e-02
3.700000e+02 -7.004011e+00 1.381545e-02
3.700000e+02 -6.963787e+00 1.353581e-02
3.700000e+02 -6.990501e+00 1.348444e-02
3.700000e+02 -6.976358e+00 1.326864e-02
3.700000e+02 -7.001516e+00 1.386680e-02
3.700000e+02 -6.996936e+00 1.357502e-02
3.700000e+02 -6.981503e+00 1.369981e-02
3.700000e+02 -6.987897e+00 1.311854e-02
3.700000e+02 -6.982380e+00 1.333262e-02
3.750000e+02 -5.657499e+00 1.068475e-02
3.750000e+02 -5.654975e+00 1.116935e-02
3.750000e+02 -5.652733e+00 1.142973e-02
3.750000e+02 -5.663871e+00 1.098736e-02
3.750000e+02 -5.662119e+00 1.102445e-02
3.750000e+02 -5.662209e+00 1.135296e-02
3.750000e+02 -5.669988e+00 1.112075e-02
3.750000e+02 -5.686192e+00 1.106183e-02
3.750000e+02 -5.673209e+00 1.095039e-02
3.750000e+02 -5.662973e+00 1.096905e-02
3.800000e+02 -4.741392e+00 9.511756e-03
3.800000e+02 -4.732709e+00 9.316961e-03
3.800000e+02 -4.739535e+00 9.262014e-03
3.800000e+02 -4.750622e+00 9.144920e-03
3.800000e+02 -4.735003e+00 8.943379e-03
3.800000e+02 -4.719762e+00 9.459131e-03
3.800000e+02 -4.757533e+00 9.040238e-03
3.800000e+02 -4.723675e+00 9.068467e-03
3.800000e+02 -4.744428e+00 9.239232e-03
3.850000e+02 -4.052093e+00 7.868022e-03
3.850000e+02 -4.044655e+00 7.826213e-03
3.850000e+02 -4.057576e+00 7.828625e-03
3.850000e+02 -4.044895e+00 7.960332e-03
3.850000e+02 -4.054286e+00 8.048183e-03
3.850000e+02 -4.047110e+00 8.056749e-03
3.850000e+02 -4.054857e+00 8.019512e-03
3.850000e+02 -4.055349e+00 7.842046e-03
3.850000e+02 -4.063633e+00 7.862820e-03
3.850000e+02 -4.060877e+00 7.776486e-03
