3.250000e+02 8.636538e-02 1.931886e-04
3.250000e+02 8.657537e-02 1.945817e-04
3.250000e+02 8.662148e-02 1.924227e-04
3.250000e+02 8.671336e-02 1.936173e-04
3.250000e+02 8.633954e-02 1.938756e-04
3.250000e+02 8.688481e-02 1.924464e-04
3.250000e+02 8.696678e-02 1.948734e-04
3.250000e+02 8.676968e-02 1.919147e-04
3.250000e+02 8.657087e-02 1.925604e-04
3.250000e+02 8.657612e-02 1.944335e-04
3.260000e+02 9.906101e-02 2.205059e-04
3.260000e+02 9.900951e-02 2.229412e-04
3.260000e+02 9.909565e-02 2.203863e-04
3.260000e+02 9.896637e-02 2.219834e-04
3.260000e+02 9.848000e-02 2.200651e-04
3.260000e+02 9.946163e-02 2.224431e-04
3.260000e+02 9.850609e-02 2.217204e-04
3.260000e+02 9.893073e-02 2.248094e-04
3.260000e+02 9.885226e-02 2.203097e-04
3.260000e+02 9.920435e-02 2.215862e-04
3.270000e+02 1.137143e-01 2.538409e-04
3.270000e+02 1.137663e-01 2.569835e-04
3.270000e+02 1.139681e-01 2.579725e-04
3.270000e+02 1.133029e-01 2.545018e-04
3.270000e+02 1.137001e-01 2.575115e-04
3.270000e+02 1.138150e-01 2.544377e-04
3.270000e+02 1.131606e-01 2.583382e-04
3.270000e+02 1.140114e-01 2.554115e-04
3.270000e+02 1.132549e-01 2.532597e-04
3.270000e+02 1.141160e-01 2.572081e-04
3.280000e+02 1.310027e-01 2.982610e-04
3.280000e+02 1.309756e-01 2.983481e-04
3.280000e+02 1.315335e-01 2.947893e-04
3.280000e+02 1.308840e-01 2.960997e-04
3.280000e+02 1.312601e-01 2.955794e-04
3.280000e+02 1.308198e-01 2.987313e-04
3.280000e+02 1.315230e-01 2.937654e-04
3.280000e+02 1.309185e-01 2.972604e-04
3.280000e+02 1.307162e-01 2.964485e-04
3.280000e+02 1.316937e-01 2.982789e-04
3.290000e+02 1.524316e-01 3.523012e-04
3.290000e+02 1.533534e-01 3.502710e-04
3.290000e+02 1.522575e-01 3.467603e-04
3.290000e+02 1.525264e-01 3.480724e-04
3.290000e+02 1.520234e-01 3.447266e-04
3.290000e+02 1.528233e-01 3.469316e-04
3.290000e+02 1.525904e-01 3.443083e-04
3.290000e+02 1.522585e-01 3.435606e-04
3.290000e+02 1.528523e-01 3.499091e-04
3.290000e+02 1.528429e-01 3.480763e-04
3.300000e+02 1.787450e-01 4.087785e-04
3.300000e+02 1.792086e-01 4.084196e-04
3.300000e+02 1.790886e-01 4.100813e-04
3.300000e+02 1.789285e-01 4.094438e-04
3.300000e+02 1.792244e-01 4.092276e-04
3.300000e+02 1.783409e-01 4.088915e-04
3.300000e+02 1.790536e-01 4.050175e-04
3.300000e+02 1.788223e-01 4.119981e-04
3.300000e+02 1.788460e-01 4.084297e-04
3.300000e+02 1.790929e-01 4.079177e-04
3.310000e+02 2.116001e-01 4.868436e-04
3.310000e+02 2.111413e-01 4.841800e-04
3.310000e+02 2.108992e-01 4.887367e-04
3.310000e+02 2.124118e-01 4.876467e-04
3.310000e+02 2.116036e-01 4.940559e-04
3.310000e+02 2.116909e-01 4.875740e-04
3.310000e+02 2.122506e-01 4.958474e-04
3.310000e+02 2.108756e-01 4.859835e-04
3.310000e+02 2.114531e-01 4.865838e-04
3.310000e+02 2.117938e-01 4.834425e-04
3.320000e+02 2.533440e-01 5.816822e-04
3.320000e+02 2.541229e-01 5.822048e-04
3.320000e+02 2.533981e-01 5.911566e-04
3.320000e+02 2.543896e-01 5.880083e-04
3.320000e+02 2.530110e-01 5.892800e-04
3.320000e+02 2.533276e-01 5.846934e-04
3.320000e+02 2.527621e-01 5.890109e-04
3.320000e+02 2.539332e-01 5.836615e-04
3.320000e+02 2.535815e-01 5.843620e-04
3.320000e+02 2.527643e-01 5.868982e-04
3.330000e+02 3.065413e-01 7.118409e-04
3.330000e+02 3.066274e-01 7.168886e-04
3.330000e+02 3.079727e-01 7.172589e-04
3.330000e+02 3.060274e-01 7.173789e-04
3.330000e+02 3.080182e-01 7.200874e-04
3.330000e+02 3.074932e-01 7.141525e-04
3.330000e+02 3.073167e-01 7.178041e-04
3.330000e+02 3.065401e-01 7.145604e-04
3.330000e+02 3.067776e-01 7.258262e-04
3.330000e+02 3.084219e-01 7.167581e-04
3.340000e+02 3.787028e-01 8.797703e-04
3.340000e+02 3.786700e-01 8.855772e-04
3.340000e+02 3.768344e-01 8.827203e-04
3.340000e+02 3.767656e-01 8.868713e-04
3.340000e+02 3.763725e-01 9.041553e-04
3.340000e+02 3.785954e-01 8.925543e-04
3.340000e+02 3.781901e-01 8.955215e-04
3.340000e+02 3.772080e-01 8.900732e-04
3.340000e+02 3.772835e-01 8.911401e-04
3.340000e+02 3.784641e-01 8.931239e-04
3.350000e+02 4.751212e-01 1.117534e-03
3.350000e+02 4.727572e-01 1.127431e-03
3.350000e+02 4.732123e-01 1.123048e-03
3.350000e+02 4.735885e-01 1.120835e-03
3.350000e+02 4.734822e-01 1.119583e-03
3.350000e+02 4.734546e-01 1.123072e-03
3.350000e+02 4.747423e-01 1.129723e-03
3.350000e+02 4.717659e-01 1.121702e-03
3.350000e+02 4.725182e-01 1.111245e-03
3.350000e+02 4.745412e-01 1.124811e-03
3.360000e+02 6.103031e-01 1.456567e-03
3.360000e+02 6.085523e-01 1.452192e-03
3.360000e+02 6.079322e-01 1.464752e-03
3.360000e+02 6.080849e-01 1.462458e-03
3.360000e+02 6.074657e-01 1.463757e-03
3.360000e+02 6.084608e-01 1.467625e-03
3.360000e+02 6.059152e-01 1.446350e-03
3.360000e+02 6.072878e-01 1.464163e-03
3.360000e+02 6.125272e-01 1.459487e-03
3.360000e+02 6.087483e-01 1.466566e-03
3.370000e+02 8.042807e-01 1.941492e-03
3.370000e+02 8.030059e-01 1.945531e-03
3.370000e+02 8.023645e-01 1.944370e-03
3.370000e+02 8.041139e-01 1.947331e-03
3.370000e+02 8.021820e-01 1.942102e-03
3.370000e+02 8.013057e-01 1.934028e-03
3.370000e+02 8.046728e-01 1.932143e-03
3.370000e+02 8.033766e-01 1.911358e-03
3.370000e+02 7.991632e-01 1.934350e-03
3.370000e+02 8.031900e-01 1.926609e-03
3.380000e+02 1.098137e+00 2.718374e-03
3.380000e+02 1.101025e+00 2.633519e-03
3.380000e+02 1.094125e+00 2.684994e-03
3.380000e+02 1.103303e+00 2.693521e-03
3.380000e+02 1.106420e+00 2.705647e-03
3.380000e+02 1.100646e+00 2.663104e-03
3.380000e+02 1.099248e+00 2.689753e-03
3.380000e+02 1.100671e+00 2.675222e-03
3.380000e+02 1.098129e+00 2.681952e-03
3.380000e+02 1.099955e+00 2.700114e-03
3.390000e+02 1.582715e+00 3.960248e-03
3.390000e+02 1.589617e+00 3.973046e-03
3.390000e+02 1.587991e+00 3.897137e-03
3.390000e+02 1.585476e+00 3.920735e-03
3.390000e+02 1.585170e+00 3.828716e-03
3.390000e+02 1.589276e+00 3.998906e-03
3.390000e+02 1.587585e+00 3.958673e-03
3.390000e+02 1.579650e+00 3.906759e-03
3.390000e+02 1.582980e+00 3.878880e-03
3.390000e+02 1.583454e+00 3.905978e-03
3.400000e+02 2.444578e+00 6.148983e-03
3.400000e+02 2.444368e+00 6.086152e-03
3.400000e+02 2.439742e+00 6.143566e-03
3.400000e+02 2.445356e+00 6.096793e-03
3.400000e+02 2.432701e+00 6.148534e-03
3.400000e+02 2.444143e+00 6.191312e-03
3.400000e+02 2.444503e+00 6.174490e-03
3.400000e+02 2.436604e+00 6.162874e-03
3.400000e+02 2.428801e+00 6.074097e-03
3.400000e+02 2.441073e+00 6.117757e-03
3.402000e+02 2.682871e+00 6.744576e-03
3.402000e+02 2.693084e+00 6.691702e-03
3.402000e+02 2.689856e+00 6.756067e-03
3.402000e+02 2.687853e+00 6.744182e-03
3.402000e+02 2.691859e+00 6.787097e-03
3.402000e+02 2.686192e+00 6.789525e-03
3.402000e+02 2.692402e+00 6.726172e-03
3.402000e+02 2.693239e+00 6.637617e-03
3.402000e+02 2.692396e+00 6.721151e-03
3.402000e+02 2.683299e+00 6.784001e-03
3.404000e+02 2.975347e+00 7.440407e-03
3.404000e+02 2.972738e+00 7.468338e-03
3.404000e+02 2.979331e+00 7.624657e-03
3.404000e+02 2.980448e+00 7.509507e-03
3.404000e+02 2.973282e+00 7.485246e-03
3.404000e+02 2.987710e+00 7.437602e-03
3.404000e+02 2.984023e+00 7.419091e-03
3.404000e+02 2.969915e+00 7.459808e-03
3.404000e+02 2.963125e+00 7.653033e-03
3.406000e+02 3.304813e+00 8.620156e-03
3.406000e+02 3.290183e+00 8.436066e-03
3.406000e+02 3.316251e+00 8.460094e-03
3.406000e+02 3.306979e+00 8.448913e-03
3.406000e+02 3.306816e+00 8.384058e-03
3.406000e+02 3.302993e+00 8.585524e-03
3.406000e+02 3.285402e+00 8.430020e-03
3.406000e+02 3.298101e+00 8.284829e-03
3.406000e+02 3.308677e+00 8.378954e-03
3.406000e+02 3.324005e+00 8.352142e-03
3.408000e+02 3.688111e+00 9.322038e-03
3.408000e+02 3.690736e+00 9.366065e-03
3.408000e+02 3.684303e+00 9.485470e-03
3.408000e+02 3.699963e+00 9.403681e-03
3.408000e+02 3.692388e+00 9.450221e-03
3.408000e+02 3.671838e+00 9.185858e-03
3.408000e+02 3.665903e+00 9.334382e-03
3.408000e+02 3.705427e+00 9.339968e-03
3.408000e+02 3.683353e+00 9.383628e-03
3.410000e+02 4.133765e+00 1.045930e-02
3.410000e+02 4.139072e+00 1.024157e-02
3.410000e+02 4.135931e+00 1.037126e-02
3.410000e+02 4.131760e+00 1.062103e-02
3.410000e+02 4.137130e+00 1.026204e-02
3.410000e+02 4.143107e+00 1.061873e-02
3.410000e+02 4.148911e+00 1.054637e-02
3.410000e+02 4.123769e+00 1.043519e-02
3.410000e+02 4.128298e+00 1.071957e-02
3.412000e+02 4.679746e+00 1.201089e-02
3.412000e+02 4.667909e+00 1.182545e-02
3.412000e+02 4.670622e+00 1.203911e-02
3.412000e+02 4.683855e+00 1.173766e-02
3.412000e+02 4.662639e+00 1.170411e-02
3.412000e+02 4.670128e+00 1.182082e-02
3.412000e+02 4.668616e+00 1.185209e-02
3.412000e+02 4.679512e+00 1.185234e-02
3.412000e+02 4.651329e+00 1.148078e-02
3.412000e+02 4.670631e+00 1.186460e-02
3.414000e+02 5.314820e+00 1.343516e-02
3.414000e+02 5.308407e+00 1.385136e-02
3.414000e+02 5.313007e+00 1.347447e-02
3.414000e+02 5.307729e+00 1.390859e-02
3.414000e+02 5.293335e+00 1.360020e-02
3.414000e+02 5.294625e+00 1.357933e-02
3.414000e+02 5.284384e+00 1.356445e-02
3.414000e+02 5.298527e+00 1.362642e-02
3.414000e+02 5.325128e+00 1.386350e-02
3.414000e+02 5.343191e+00 1.371004e-02
3.416000e+02 6.042096e+00 1.564069e-02
3.416000e+02 6.062730e+00 1.558211e-02
3.416000e+02 6.068930e+00 1.551104e-02
3.416000e+02 6.067830e+00 1.539942e-02
3.416000e+02 6.049711e+00 1.549951e-02
3.416000e+02 6.071231e+00 1.528747e-02
3.416000e+02 6.025210e+00 1.540167e-02
3.416000e+02 6.052327e+00 1.549643e-02
3.416000e+02 6.064975e+00 1.544765e-02
3.418000e+02 6.993324e+00 1.809365e-02
3.418000e+02 7.000919e+00 1.772645e-02
3.418000e+02 6.973507e+00 1.753945e-02
3.418000e+02 6.973751e+00 1.800616e-02
3.418000e+02 6.975063e+00 1.826680e-02
3.418000e+02 6.952934e+00 1.790627e-02
3.418000e+02 6.961469e+00 1.798920e-02
3.418000e+02 6.981835e+00 1.806135e-02
3.418000e+02 6.964312e+00 1.786965e-02
3.420000e+02 8.053793e+00 2.085762e-02
3.420000e+02 8.096204e+00 2.089650e-02
3.420000e+02 8.041589e+00 2.078320e-02
3.420000e+02 8.058002e+00 2.066738e-02
3.420000e+02 8.070341e+00 2.094138e-02
3.420000e+02 8.050536e+00 2.025394e-02
3.420000e+02 8.105360e+00 2.049765e-02
3.420000e+02 8.082921e+00 2.106004e-02
3.420000e+02 8.076799e+00 2.088870e-02
3.420000e+02 8.103293e+00 2.111337e-02
3.422000e+02 9.407094e+00 2.448717e-02
3.422000e+02 9.392583e+00 2.376399e-02
3.422000e+02 9.436092e+00 2.475599e-02
3.422000e+02 9.387323e+00 2.443984e-02
3.422000e+02 9.416390e+00 2.492608e-02
3.422000e+02 9.427853e+00 2.410296e-02
3.422000e+02 9.400184e+00 2.464713e-02
3.422000e+02 9.420588e+00 2.357292e-02
3.422000e+02 9.383353e+00 2.406032e-02
3.422000e+02 9.402276e+00 2.381142e-02
3.424000e+02 1.103110e+01 2.950091e-02
3.424000e+02 1.105362e+01 2.875664e-02
3.424000e+02 1.103029e+01 2.866438e-02
3.424000e+02 1.103263e+01 2.881853e-02
3.424000e+02 1.097347e+01 2.811271e-02
3.424000e+02 1.103545e+01 2.857750e-02
3.424000e+02 1.100404e+01 2.844796e-02
3.424000e+02 1.104929e+01 2.878700e-02
3.424000e+02 1.106011e+01 2.867391e-02
3.424000e+02 1.103001e+01 2.890544e-02
3.426000e+02 1.308546e+01 3.468112e-02
3.426000e+02 1.303187e+01 3.450318e-02
3.426000e+02 1.305705e+01 3.499745e-02
3.426000e+02 1.300796e+01 3.345250e-02
3.426000e+02 1.304590e+01 3.445928e-02
3.426000e+02 1.306851e+01 3.413464e-02
3.426000e+02 1.298772e+01 3.335836e-02
3.426000e+02 1.304423e+01 3.504656e-02
3.426000e+02 1.301358e+01 3.441439e-02
3.426000e+02 1.304476e+01 3.464191e-02
3.428000e+02 1.542153e+01 4.061520e-02
3.428000e+02 1.543214e+01 3.956415e-02
3.428000e+02 1.540606e+01 4.031203e-02
3.428000e+02 1.541873e+01 4.088332e-02
3.428000e+02 1.539555e+01 3.942643e-02
3.428000e+02 1.543447e+01 3.994554e-02
3.428000e+02 1.541946e+01 4.099481e-02
3.428000e+02 1.538112e+01 4.023973e-02
3.428000e+02 1.546196e+01 3.994579e-02
3.428000e+02 1.540880e+01 4.005107e-02
3.430000e+02 1.832539e+01 4.828558e-02
3.430000e+02 1.837310e+01 4.825679e-02
3.430000e+02 1.841246e+01 4.911414e-02
3.430000e+02 1.828283e+01 4.778750e-02
3.430000e+02 1.824429e+01 4.803789e-02
3.430000e+02 1.840031e+01 4.757518e-02
3.430000e+02 1.833034e+01 4.742815e-02
3.430000e+02 1.834023e+01 4.828892e-02
3.430000e+02 1.837539e+01 4.982062e-02
3.430000e+02 1.827005e+01 4.608594e-02
3.432000e+02 2.171215e+01 5.802376e-02
3.432000e+02 2.171838e+01 6.011138e-02
3.432000e+02 2.187230e+01 5.661975e-02
3.432000e+02 2.172011e+01 5.875055e-02
3.432000e+02 2.179204e+01 5.766787e-02
3.432000e+02 2.169999e+01 5.726582e-02
3.432000e+02 2.168831e+01 5.801047e-02
3.432000e+02 2.172080e+01 5.616611e-02
3.432000e+02 2.171275e+01 5.685123e-02
3.432000e+02 2.172191e+01 5.891009e-02
3.434000e+02 2.556328e+01 6.609435e-02
3.434000e+02 2.549011e+01 6.707622e-02
3.434000e+02 2.541621e+01 6.629290e-02
3.434000e+02 2.539033e+01 6.740063e-02
3.434000e+02 2.546748e+01 6.766560e-02
3.434000e+02 2.545925e+01 6.747911e-02
3.434000e+02 2.554930e+01 6.747284e-02
3.434000e+02 2.554454e+01 6.637708e-02
3.434000e+02 2.537655e+01 6.624665e-02
3.434000e+02 2.552148e+01 6.563367e-02
3.436000e+02 2.942207e+01 7.911794e-02
3.436000e+02 2.944468e+01 7.763622e-02
3.436000e+02 2.939353e+01 8.086425e-02
3.436000e+02 2.943266e+01 7.500993e-02
3.436000e+02 2.938923e+01 7.617964e-02
3.436000e+02 2.957537e+01 7.584899e-02
3.436000e+02 2.930535e+01 7.544955e-02
3.436000e+02 2.958293e+01 7.952112e-02
3.436000e+02 2.927604e+01 7.796851e-02
3.436000e+02 2.942965e+01 7.763268e-02
3.438000e+02 3.348037e+01 8.935704e-02
3.438000e+02 3.333216e+01 8.962395e-02
3.438000e+02 3.333856e+01 8.896335e-02
3.438000e+02 3.304019e+01 8.958601e-02
3.438000e+02 3.339251e+01 9.130941e-02
3.438000e+02 3.321759e+01 8.760052e-02
3.438000e+02 3.321957e+01 8.785582e-02
3.438000e+02 3.330719e+01 8.647307e-02
3.438000e+02 3.326073e+01 8.989443e-02
3.438000e+02 3.323615e+01 9.230021e-02
3.440000e+02 3.648606e+01 9.813440e-02
3.440000e+02 3.643310e+01 9.708934e-02
3.440000e+02 3.653816e+01 9.914967e-02
3.440000e+02 3.649953e+01 1.002293e-01
3.440000e+02 3.652978e+01 9.292944e-02
3.440000e+02 3.653704e+01 9.612524e-02
3.440000e+02 3.648629e+01 9.705434e-02
3.440000e+02 3.645124e+01 9.548325e-02
3.440000e+02 3.662911e+01 1.007633e-01
3.440000e+02 3.649904e+01 9.899036e-02
3.442000e+02 3.877897e+01 1.068976e-01
3.442000e+02 3.913570e+01 1.051024e-01
3.442000e+02 3.890140e+01 1.035160e-01
3.442000e+02 3.890949e+01 1.004319e-01
3.442000e+02 3.908207e+01 1.031903e-01
3.442000e+02 3.887929e+01 1.012987e-01
3.442000e+02 3.868373e+01 1.053102e-01
3.442000e+02 3.903752e+01 1.035761e-01
3.442000e+02 3.883806e+01 1.026912e-01
3.442000e+02 3.902616e+01 1.054489e-01
3.444000e+02 4.036137e+01 1.078917e-01
3.444000e+02 4.041112e+01 1.067746e-01
3.444000e+02 4.038612e+01 1.066658e-01
3.444000e+02 4.039878e+01 1.128689e-01
3.444000e+02 4.024602e+01 1.117541e-01
3.444000e+02 4.045791e+01 1.122222e-01
3.444000e+02 4.030514e+01 1.067156e-01
3.444000e+02 4.052545e+01 1.059097e-01
3.444000e+02 4.043544e+01 1.052633e-01
3.444000e+02 4.043720e+01 1.084595e-01
3.446000e+02 4.128079e+01 1.102956e-01
3.446000e+02 4.103361e+01 1.083595e-01
3.446000e+02 4.094244e+01 1.120122e-01
3.446000e+02 4.119991e+01 1.116107e-01
3.446000e+02 4.137576e+01 1.132711e-01
3.446000e+02 4.105608e+01 1.101549e-01
3.446000e+02 4.122328e+01 1.085853e-01
3.446000e+02 4.122037e+01 1.112631e-01
3.446000e+02 4.122020e+01 1.137543e-01
3.446000e+02 4.132653e+01 1.095062e-01
3.448000e+02 4.166944e+01 1.138523e-01
3.448000e+02 4.160904e+01 1.196233e-01
3.448000e+02 4.187426e+01 1.098672e-01
3.448000e+02 4.168845e+01 1.121329e-01
3.448000e+02 4.148425e+01 1.176656e-01
3.448000e+02 4.157913e+01 1.127298e-01
3.448000e+02 4.167272e+01 1.133179e-01
3.448000e+02 4.145988e+01 1.124223e-01
3.448000e+02 4.147641e+01 1.139594e-01
3.448000e+02 4.173229e+01 1.095710e-01
3.450000e+02 4.195855e+01 1.133497e-01
3.450000e+02 4.210076e+01 1.132757e-01
3.450000e+02 4.198409e+01 1.139694e-01
3.450000e+02 4.183685e+01 1.090753e-01
3.450000e+02 4.196781e+01 1.144760e-01
3.450000e+02 4.188611e+01 1.130437e-01
3.450000e+02 4.194174e+01 1.122719e-01
3.450000e+02 4.198720e+01 1.102406e-01
3.450000e+02 4.186126e+01 1.128397e-01
3.450000e+02 4.214977e+01 1.137834e-01
3.452000e+02 4.235201e+01 1.142155e-01
3.452000e+02 4.238124e+01 1.161013e-01
3.452000e+02 4.231890e+01 1.151638e-01
3.452000e+02 4.226342e+01 1.152602e-01
3.452000e+02 4.230975e+01 1.153534e-01
3.452000e+02 4.247211e+01 1.106172e-01
3.452000e+02 4.227809e+01 1.120275e-01
3.452000e+02 4.231117e+01 1.114555e-01
3.452000e+02 4.240455e+01 1.149468e-01
3.452000e+02 4.227474e+01 1.150389e-01
3.454000e+02 4.292063e+01 1.146282e-01
3.454000e+02 4.293648e+01 1.170654e-01
3.454000e+02 4.286384e+01 1.165417e-01
3.454000e+02 4.270155e+01 1.147981e-01
3.454000e+02 4.302157e+01 1.191109e-01
3.454000e+02 4.281588e+01 1.155247e-01
3.454000e+02 4.285338e+01 1.180760e-01
3.454000e+02 4.272871e+01 1.150379e-01
3.454000e+02 4.285853e+01 1.126130e-01
3.454000e+02 4.269571e+01 1.162043e-01
3.456000e+02 4.358260e+01 1.196789e-01
3.456000e+02 4.362359e+01 1.125698e-01
3.456000e+02 4.354371e+01 1.172547e-01
3.456000e+02 4.353935e+01 1.145785e-01
3.456000e+02 4.374964e+01 1.148244e-01
3.456000e+02 4.360662e+01 1.151129e-01
3.456000e+02 4.353846e+01 1.186560e-01
3.456000e+02 4.359291e+01 1.177141e-01
3.456000e+02 4.359696e+01 1.187476e-01
3.456000e+02 4.339899e+01 1.180823e-01
3.458000e+02 4.451687e+01 1.178615e-01
3.458000e+02 4.456571e+01 1.181919e-01
3.458000e+02 4.438879e+01 1.220152e-01
3.458000e+02 4.457599e+01 1.236464e-01
3.458000e+02 4.429147e+01 1.200283e-01
3.458000e+02 4.457121e+01 1.167981e-01
3.458000e+02 4.435746e+01 1.180073e-01
3.458000e+02 4.454238e+01 1.202504e-01
3.458000e+02 4.458724e+01 1.213251e-01
3.458000e+02 4.462252e+01 1.211122e-01
3.460000e+02 4.536401e+01 1.245943e-01
3.460000e+02 4.538476e+01 1.242401e-01
3.460000e+02 4.500390e+01 1.270905e-01
3.460000e+02 4.546025e+01 1.245552e-01
3.460000e+02 4.549508e+01 1.243212e-01
3.460000e+02 4.516264e+01 1.206204e-01
3.460000e+02 4.538208e+01 1.249632e-01
3.460000e+02 4.538369e+01 1.221452e-01
3.460000e+02 4.531068e+01 1.242077e-01
3.462000e+02 4.649904e+01 1.262924e-01
3.462000e+02 4.646602e+01 1.326236e-01
3.462000e+02 4.659519e+01 1.268296e-01
3.462000e+02 4.652580e+01 1.266639e-01
3.462000e+02 4.643274e+01 1.280677e-01
3.462000e+02 4.628714e+01 1.261147e-01
3.462000e+02 4.650829e+01 1.270058e-01
3.462000e+02 4.665118e+01 1.307869e-01
3.462000e+02 4.655032e+01 1.297770e-01
3.462000e+02 4.656967e+01 1.309278e-01
3.464000e+02 4.727763e+01 1.245861e-01
3.464000e+02 4.728411e+01 1.220922e-01
3.464000e+02 4.740444e+01 1.240889e-01
3.464000e+02 4.706302e+01 1.260728e-01
3.464000e+02 4.710221e+01 1.264595e-01
3.464000e+02 4.713894e+01 1.201840e-01
3.464000e+02 4.712745e+01 1.247420e-01
3.464000e+02 4.705094e+01 1.213872e-01
3.466000e+02 4.809495e+01 1.280998e-01
3.466000e+02 4.803568e+01 1.296183e-01
3.466000e+02 4.828823e+01 1.248042e-01
3.466000e+02 4.826652e+01 1.311416e-01
3.466000e+02 4.830566e+01 1.307822e-01
3.466000e+02 4.803556e+01 1.253842e-01
3.466000e+02 4.816970e+01 1.242534e-01
3.466000e+02 4.814611e+01 1.280801e-01
3.466000e+02 4.816236e+01 1.255809e-01
3.468000e+02 4.936897e+01 1.291313e-01
3.468000e+02 4.920049e+01 1.259085e-01
3.468000e+02 4.917623e+01 1.292968e-01
3.468000e+02 4.918885e+01 1.292391e-01
3.468000e+02 4.905422e+01 1.278275e-01
3.468000e+02 4.915818e+01 1.263668e-01
3.468000e+02 4.912702e+01 1.259452e-01
3.468000e+02 4.919990e+01 1.332234e-01
3.468000e+02 4.894555e+01 1.281955e-01
3.468000e+02 4.882445e+01 1.321220e-01
3.470000e+02 4.984154e+01 1.319576e-01
3.470000e+02 5.022904e+01 1.359467e-01
3.470000e+02 5.002231e+01 1.342346e-01
3.470000e+02 5.004008e+01 1.366657e-01
3.470000e+02 5.031373e+01 1.313463e-01
3.470000e+02 5.002801e+01 1.325283e-01
3.470000e+02 5.002243e+01 1.338919e-01
3.470000e+02 5.019617e+01 1.315476e-01
3.470000e+02 5.013821e+01 1.337554e-01
3.470000e+02 5.027999e+01 1.369712e-01
3.472000e+02 5.074707e+01 1.332600e-01
3.472000e+02 5.119122e+01 1.355276e-01
3.472000e+02 5.089885e+01 1.400980e-01
3.472000e+02 5.105000e+01 1.338840e-01
3.472000e+02 5.103173e+01 1.389519e-01
3.472000e+02 5.085534e+01 1.333849e-01
3.472000e+02 5.090277e+01 1.398743e-01
3.472000e+02 5.129941e+01 1.365727e-01
3.472000e+02 5.087893e+01 1.367314e-01
3.472000e+02 5.088445e+01 1.347646e-01
3.474000e+02 5.200098e+01 1.418315e-01
3.474000e+02 5.178563e+01 1.388899e-01
3.474000e+02 5.185638e+01 1.339727e-01
3.474000e+02 5.165318e+01 1.394678e-01
3.474000e+02 5.206144e+01 1.417868e-01
3.474000e+02 5.174249e+01 1.360809e-01
3.474000e+02 5.168895e+01 1.391009e-01
3.474000e+02 5.170386e+01 1.403453e-01
3.474000e+02 5.185115e+01 1.393531e-01
3.474000e+02 5.174304e+01 1.327447e-01
3.476000e+02 5.264555e+01 1.429138e-01
3.476000e+02 5.230865e+01 1.463249e-01
3.476000e+02 5.272967e+01 1.487964e-01
3.476000e+02 5.260108e+01 1.397689e-01
3.476000e+02 5.270247e+01 1.460956e-01
3.476000e+02 5.255472e+01 1.422687e-01
3.476000e+02 5.239270e+01 1.421244e-01
3.476000e+02 5.252454e+01 1.440534e-01
3.476000e+02 5.267322e+01 1.466781e-01
3.476000e+02 5.268113e+01 1.405580e-01
3.478000e+02 5.319334e+01 1.440799e-01
3.478000e+02 5.327173e+01 1.525263e-01
3.478000e+02 5.326550e+01 1.456910e-01
3.478000e+02 5.327776e+01 1.431066e-01
3.478000e+02 5.313966e+01 1.444164e-01
3.478000e+02 5.340001e+01 1.449412e-01
3.478000e+02 5.338045e+01 1.473092e-01
3.478000e+02 5.337634e+01 1.536614e-01
3.478000e+02 5.334556e+01 1.390481e-01
3.480000e+02 5.373766e+01 1.450838e-01
3.480000e+02 5.410485e+01 1.478391e-01
3.480000e+02 5.403317e+01 1.433875e-01
3.480000e+02 5.411466e+01 1.495808e-01
3.480000e+02 5.395213e+01 1.402828e-01
3.480000e+02 5.412175e+01 1.473239e-01
3.480000e+02 5.381390e+01 1.456954e-01
3.480000e+02 5.395297e+01 1.500864e-01
3.480000e+02 5.384921e+01 1.518259e-01
3.480000e+02 5.406547e+01 1.469391e-01
3.482000e+02 5.474694e+01 1.475412e-01
3.482000e+02 5.456245e+01 1.533174e-01
3.482000e+02 5.448504e+01 1.476562e-01
3.482000e+02 5.466126e+01 1.480081e-01
3.482000e+02 5.463973e+01 1.507867e-01
3.482000e+02 5.467387e+01 1.502036e-01
3.482000e+02 5.459356e+01 1.496679e-01
3.482000e+02 5.446775e+01 1.489687e-01
3.482000e+02 5.449950e+01 1.472614e-01
3.482000e+02 5.457390e+01 1.491580e-01
3.484000e+02 5.513651e+01 1.541540e-01
3.484000e+02 5.498914e+01 1.480772e-01
3.484000e+02 5.516403e+01 1.539848e-01
3.484000e+02 5.502564e+01 1.501207e-01
3.484000e+02 5.484376e+01 1.513591e-01
3.484000e+02 5.512036e+01 1.520208e-01
3.484000e+02 5.526186e+01 1.492046e-01
3.484000e+02 5.513055e+01 1.566834e-01
3.484000e+02 5.523888e+01 1.530379e-01
3.484000e+02 5.536180e+01 1.524879e-01
3.486000e+02 5.574968e+01 1.537802e-01
3.486000e+02 5.584205e+01 1.543159e-01
3.486000e+02 5.554434e+01 1.565508e-01
3.486000e+02 5.545835e+01 1.499816e-01
3.486000e+02 5.571253e+01 1.554016e-01
3.486000e+02 5.567962e+01 1.556616e-01
3.486000e+02 5.562898e+01 1.538717e-01
3.486000e+02 5.580510e+01 1.620170e-01
3.486000e+02 5.563761e+01 1.542185e-01
3.488000e+02 5.581346e+01 1.572283e-01
3.488000e+02 5.593637e+01 1.564341e-01
3.488000e+02 5.630344e+01 1.549157e-01
3.488000e+02 5.597129e+01 1.549258e-01
3.488000e+02 5.622143e+01 1.561375e-01
3.488000e+02 5.624641e+01 1.558478e-01
3.488000e+02 5.623426e+01 1.597967e-01
3.488000e+02 5.605696e+01 1.547536e-01
3.488000e+02 5.629715e+01 1.570226e-01
3.488000e+02 5.632896e+01 1.660338e-01
3.490000e+02 5.672210e+01 1.596516e-01
3.490000e+02 5.655968e+01 1.588092e-01
3.490000e+02 5.675889e+01 1.653132e-01
3.490000e+02 5.660312e+01 1.549721e-01
3.490000e+02 5.681108e+01 1.571732e-01
3.490000e+02 5.649858e+01 1.602532e-01
3.490000e+02 5.666374e+01 1.572776e-01
3.490000e+02 5.678962e+01 1.574104e-01
3.492000e+02 5.707707e+01 1.615897e-01
3.492000e+02 5.696372e+01 1.565037e-01
3.492000e+02 5.688253e+01 1.672096e-01
3.492000e+02 5.679623e+01 1.562916e-01
3.492000e+02 5.720853e+01 1.628509e-01
3.492000e+02 5.704497e+01 1.574322e-01
3.492000e+02 5.725199e+01 1.608792e-01
3.492000e+02 5.697216e+01 1.704013e-01
3.492000e+02 5.693389e+01 1.594642e-01
3.494000e+02 5.770745e+01 1.659021e-01
3.494000e+02 5.732290e+01 1.600409e-01
3.494000e+02 5.726521e+01 1.653810e-01
3.494000e+02 5.755208e+01 1.664872e-01
3.494000e+02 5.740838e+01 1.641209e-01
3.494000e+02 5.748058e+01 1.584020e-01
3.494000e+02 5.742389e+01 1.620501e-01
3.494000e+02 5.738696e+01 1.641245e-01
3.494000e+02 5.763026e+01 1.716922e-01
3.494000e+02 5.778621e+01 1.636942e-01
3.496000e+02 5.780590e+01 1.650636e-01
3.496000e+02 5.793425e+01 1.592386e-01
3.496000e+02 5.773055e+01 1.608752e-01
3.496000e+02 5.783704e+01 1.695924e-01
3.496000e+02 5.768949e+01 1.752204e-01
3.496000e+02 5.789584e+01 1.680766e-01
3.496000e+02 5.754482e+01 1.628002e-01
3.496000e+02 5.759246e+01 1.667187e-01
3.496000e+02 5.767951e+01 1.606297e-01
3.496000e+02 5.789211e+01 1.636891e-01
3.498000e+02 5.771332e+01 1.619181e-01
3.498000e+02 5.844896e+01 1.736974e-01
3.498000e+02 5.791378e+01 1.656917e-01
3.498000e+02 5.817648e+01 1.650636e-01
3.498000e+02 5.813034e+01 1.660023e-01
3.498000e+02 5.813251e+01 1.821300e-01
3.498000e+02 5.814534e+01 1.703498e-01
3.498000e+02 5.837243e+01 1.668239e-01
3.498000e+02 5.804518e+01 1.790685e-01
3.498000e+02 5.811109e+01 1.655763e-01
3.500000e+02 5.808383e+01 1.693364e-01
3.500000e+02 5.844112e+01 1.645172e-01
3.500000e+02 5.821125e+01 1.586022e-01
3.500000e+02 5.828822e+01 1.748222e-01
3.500000e+02 5.845065e+01 1.706910e-01
3.500000e+02 5.818706e+01 1.690904e-01
3.500000e+02 5.827539e+01 1.674433e-01
3.500000e+02 5.851715e+01 1.768183e-01
3.500000e+02 5.838854e+01 1.701174e-01
3.500000e+02 5.843523e+01 1.636986e-01
3.510000e+02 5.980211e+01 1.870232e-01
3.510000e+02 5.962486e+01 1.698717e-01
3.510000e+02 5.941691e+01 1.735386e-01
3.510000e+02 5.978159e+01 1.841068e-01
3.510000e+02 5.951615e+01 1.784470e-01
3.510000e+02 5.965700e+01 1.788683e-01
3.510000e+02 5.994610e+01 1.813778e-01
3.510000e+02 5.935045e+01 1.737095e-01
3.510000e+02 5.968380e+01 1.726827e-01
3.520000e+02 6.072972e+01 1.953683e-01
3.520000e+02 6.022529e+01 1.786031e-01
3.520000e+02 6.060004e+01 1.748645e-01
3.520000e+02 6.080787e+01 1.991973e-01
3.520000e+02 6.052277e+01 1.780494e-01
3.520000e+02 6.069020e+01 1.763495e-01
3.520000e+02 5.999308e+01 1.764834e-01
3.520000e+02 6.065039e+01 1.799019e-01
3.530000e+02 6.074155e+01 1.789765e-01
3.530000e+02 6.087404e+01 1.801565e-01
3.530000e+02 6.147943e+01 1.798115e-01
3.530000e+02 6.127146e+01 1.808398e-01
3.530000e+02 6.093412e+01 1.836463e-01
3.530000e+02 6.133175e+01 1.817187e-01
3.530000e+02 6.105254e+01 1.987745e-01
3.530000e+02 6.103631e+01 1.843228e-01
3.530000e+02 6.118517e+01 1.872247e-01
3.530000e+02 6.133303e+01 1.822555e-01
3.540000e+02 6.130139e+01 1.896870e-01
3.540000e+02 6.135214e+01 1.827411e-01
3.540000e+02 6.135507e+01 1.877621e-01
3.540000e+02 6.158922e+01 1.838876e-01
3.540000e+02 6.157041e+01 1.857044e-01
3.540000e+02 6.146383e+01 1.871527e-01
3.540000e+02 6.159179e+01 1.918117e-01
3.540000e+02 6.188165e+01 1.906945e-01
3.540000e+02 6.175784e+01 2.118377e-01
3.550000e+02 6.190861e+01 1.894740e-01
3.550000e+02 6.172186e+01 1.833835e-01
3.550000e+02 6.155867e+01 1.893504e-01
3.550000e+02 6.184467e+01 1.884776e-01
3.550000e+02 6.200567e+01 2.077586e-01
3.550000e+02 6.153459e+01 1.807123e-01
3.550000e+02 6.205117e+01 1.835621e-01
3.550000e+02 6.205319e+01 1.829210e-01
3.550000e+02 6.192663e+01 1.884172e-01
3.560000e+02 6.206737e+01 1.831774e-01
3.560000e+02 6.214347e+01 1.881677e-01
3.560000e+02 6.205219e+01 1.827868e-01
3.560000e+02 6.194512e+01 1.885782e-01
3.560000e+02 6.208986e+01 1.820690e-01
3.560000e+02 6.206544e+01 1.861890e-01
3.560000e+02 6.210727e+01 2.051745e-01
3.560000e+02 6.217024e+01 1.836710e-01
3.560000e+02 6.245192e+01 1.979742e-01
3.570000e+02 6.185260e+01 1.850742e-01
3.570000e+02 6.270480e+01 1.876390e-01
3.570000e+02 6.252573e+01 2.178222e-01
3.570000e+02 6.217056e+01 1.896136e-01
3.570000e+02 6.247547e+01 1.854385e-01
3.570000e+02 6.227018e+01 1.797952e-01
3.570000e+02 6.236632e+01 1.876401e-01
3.570000e+02 6.232035e+01 1.863005e-01
3.570000e+02 6.250592e+01 2.014258e-01
3.570000e+02 6.242599e+01 1.976874e-01
3.580000e+02 6.225482e+01 1.982596e-01
3.580000e+02 6.240611e+01 2.084727e-01
3.580000e+02 6.197305e+01 1.966094e-01
3.580000e+02 6.223147e+01 2.021857e-01
3.580000e+02 6.243261e+01 1.875887e-01
3.580000e+02 6.225457e+01 2.052230e-01
3.580000e+02 6.219644e+01 1.927719e-01
3.580000e+02 6.205789e+01 2.000101e-01
3.580000e+02 6.200585e+01 1.909057e-01
3.580000e+02 6.222439e+01 1.900516e-01
3.590000e+02 6.253247e+01 1.990247e-01
3.590000e+02 6.230452e+01 1.977986e-01
3.590000e+02 6.261304e+01 1.893653e-01
3.590000e+02 6.241146e+01 1.941952e-01
3.590000e+02 6.221662e+01 1.949441e-01
3.590000e+02 6.260326e+01 1.983183e-01
3.590000e+02 6.252389e+01 2.163983e-01
3.590000e+02 6.195505e+01 1.984610e-01
3.590000e+02 6.201073e+01 1.908835e-01
3.600000e+02 6.213844e+01 1.990240e-01
3.600000e+02 6.225631e+01 1.921253e-01
3.600000e+02 6.245065e+01 1.925496e-01
3.600000e+02 6.237533e+01 2.024688e-01
3.600000e+02 6.237520e+01 2.052184e-01
3.600000e+02 6.238296e+01 2.001006e-01
3.600000e+02 6.221488e+01 1.840220e-01
3.600000e+02 6.211836e+01 1.897340e-01
3.600000e+02 6.231696e+01 2.015167e-01
3.600000e+02 6.225185e+01 2.004312e-01
3.650000e+02 6.220460e+01 1.907758e-01
3.650000e+02 6.189407e+01 2.188396e-01
3.650000e+02 6.208680e+01 2.034142e-01
3.650000e+02 6.209257e+01 1.980718e-01
3.650000e+02 6.173164e+01 2.021630e-01
3.650000e+02 6.171785e+01 2.171982e-01
3.650000e+02 6.211926e+01 2.018287e-01
3.650000e+02 6.172566e+01 1.994883e-01
3.650000e+02 6.220433e+01 1.991718e-01
3.700000e+02 6.101357e+01 2.041003e-01
3.700000e+02 6.112849e+01 2.183076e-01
3.700000e+02 6.099849e+01 1.969761e-01
3.700000e+02 6.103671e+01 2.069366e-01
3.700000e+02 6.114852e+01 2.085048e-01
3.700000e+02 6.114105e+01 1.900165e-01
3.700000e+02 6.144964e+01 1.984738e-01
3.700000e+02 6.129679e+01 1.927382e-01
3.700000e+02 6.140578e+01 2.146253e-01
3.750000e+02 5.953803e+01 1.995769e-01
3.750000e+02 5.953791e+01 1.960391e-01
3.750000e+02 5.976238e+01 1.982208e-01
3.750000e+02 5.941369e+01 1.953120e-01
3.750000e+02 5.988010e+01 2.078244e-01
3.750000e+02 5.966584e+01 2.003172e-01
3.750000e+02 5.911883e+01 2.030428e-01
3.750000e+02 5.983949e+01 2.231627e-01
3.750000e+02 5.954500e+01 1.909063e-01
3.750000e+02 5.944078e+01 2.289756e-01
3.800000e+02 5.730408e+01 2.434529e-01
3.800000e+02 5.735866e+01 2.033640e-01
3.800000e+02 5.725574e+01 2.050734e-01
3.800000e+02 5.739512e+01 1.897737e-01
3.800000e+02 5.748316e+01 1.930946e-01
3.800000e+02 5.720721e+01 1.957679e-01
3.800000e+02 5.732037e+01 2.090352e-01
3.800000e+02 5.734111e+01 1.985369e-01
3.800000e+02 5.738769e+01 1.893422e-01
3.800000e+02 5.752896e+01 2.242102e-01
3.850000e+02 5.428664e+01 1.932923e-01
3.850000e+02 5.441566e+01 1.931941e-01
3.850000e+02 5.458529e+01 1.850149e-01
3.850000e+02 5.473908e+01 1.926461e-01
3.850000e+02 5.435650e+01 1.956267e-01
3.850000e+02 5.474271e+01 1.886387e-01
3.850000e+02 5.468913e+01 1.864939e-01
3.850000e+02 5.469503e+01 1.954985e-01
3.850000e+02 5.473111e+01 1.992814e-01
3.850000e+02 5.466679e+01 1.940075e-01
