3.250000e+02 -3.655038e-03 5.643219e-06
3.250000e+02 -3.665622e-03 5.574716e-06
3.250000e+02 -3.668927e-03 5.629344e-06
3.250000e+02 -3.664109e-03 5.525228e-06
3.250000e+02 -3.673169e-03 5.595281e-06
3.250000e+02 -3.662050e-03 5.582264e-06
3.250000e+02 -3.663498e-03 5.584670e-06
3.250000e+02 -3.674801e-03 5.561270e-06
3.250000e+02 -3.670386e-03 5.542213e-06
3.250000e+02 -3.662735e-03 5.572620e-06
3.260000e+02 -6.628621e-03 9.927293e-06
3.260000e+02 -6.600819e-03 1.000635e-05
3.260000e+02 -6.592387e-03 1.001759e-05
3.260000e+02 -6.619285e-03 1.005974e-05
3.260000e+02 -6.601331e-03 1.010102e-05
3.260000e+02 -6.611425e-03 1.012383e-05
3.260000e+02 -6.624579e-03 9.949002e-06
3.260000e+02 -6.628001e-03 1.002835e-05
3.260000e+02 -6.616738e-03 1.000953e-05
3.260000e+02 -6.602250e-03 9.889565e-06
3.270000e+02 -1.150518e-02 1.727996e-05
3.270000e+02 -1.149061e-02 1.735920e-05
3.270000e+02 -1.149480e-02 1.735126e-05
3.270000e+02 -1.147869e-02 1.752069e-05
3.270000e+02 -1.147069e-02 1.743030e-05
3.270000e+02 -1.152389e-02 1.739517e-05
3.270000e+02 -1.149657e-02 1.728430e-05
3.270000e+02 -1.151033e-02 1.729613e-05
3.270000e+02 -1.147492e-02 1.754503e-05
3.270000e+02 -1.149064e-02 1.734321e-05
3.280000e+02 -1.936163e-02 2.966845e-05
3.280000e+02 -1.935550e-02 2.953260e-05
3.280000e+02 -1.939269e-02 2.921747e-05
3.280000e+02 -1.940301e-02 2.917490e-05
3.280000e+02 -1.938806e-02 2.925539e-05
3.280000e+02 -1.944363e-02 2.928265e-05
3.280000e+02 -1.943972e-02 2.915923e-05
3.280000e+02 -1.941127e-02 2.912590e-05
3.280000e+02 -1.937569e-02 2.990957e-05
3.280000e+02 -1.941002e-02 2.937481e-05
3.290000e+02 -3.200995e-02 4.790922e-05
3.290000e+02 -3.197887e-02 4.842259e-05
3.290000e+02 -3.200203e-02 4.824220e-05
3.290000e+02 -3.202551e-02 4.753628e-05
3.290000e+02 -3.196610e-02 4.828907e-05
3.290000e+02 -3.203818e-02 4.783372e-05
3.290000e+02 -3.201387e-02 4.827090e-05
3.290000e+02 -3.197177e-02 4.850726e-05
3.290000e+02 -3.197675e-02 4.840585e-05
3.290000e+02 -3.198001e-02 4.757640e-05
3.300000e+02 -5.192730e-02 7.792427e-05
3.300000e+02 -5.198430e-02 7.749981e-05
3.300000e+02 -5.193101e-02 7.849649e-05
3.300000e+02 -5.199338e-02 7.804453e-05
3.300000e+02 -5.198706e-02 7.796335e-05
3.300000e+02 -5.186751e-02 7.775217e-05
3.300000e+02 -5.187111e-02 7.801970e-05
3.300000e+02 -5.196699e-02 7.752563e-05
3.300000e+02 -5.206561e-02 7.782699e-05
3.300000e+02 -5.188321e-02 7.732900e-05
3.310000e+02 -8.329793e-02 1.237908e-04
3.310000e+02 -8.331677e-02 1.228100e-04
3.310000e+02 -8.353479e-02 1.247240e-04
3.310000e+02 -8.323097e-02 1.256990e-04
3.310000e+02 -8.336114e-02 1.242288e-04
3.310000e+02 -8.361157e-02 1.253469e-04
3.310000e+02 -8.331540e-02 1.235282e-04
3.310000e+02 -8.336436e-02 1.235242e-04
3.310000e+02 -8.308456e-02 1.239703e-04
3.310000e+02 -8.340118e-02 1.237540e-04
3.320000e+02 -1.326949e-01 1.969933e-04
3.320000e+02 -1.332059e-01 1.978534e-04
3.320000e+02 -1.328165e-01 1.968907e-04
3.320000e+02 -1.329994e-01 1.959683e-04
3.320000e+02 -1.328815e-01 1.975901e-04
3.320000e+02 -1.331515e-01 1.960186e-04
3.320000e+02 -1.327516e-01 2.020284e-04
3.320000e+02 -1.326295e-01 1.981896e-04
3.320000e+02 0.000000e+00 0.000000e+00
3.320000e+02 -1.328166e-01 1.997950e-04
3.330000e+02 -2.110628e-01 3.079887e-04
3.330000e+02 -2.110812e-01 3.111245e-04
3.330000e+02 -2.113884e-01 3.097145e-04
3.330000e+02 -2.114104e-01 3.078019e-04
3.330000e+02 -2.116038e-01 3.114862e-04
3.330000e+02 -2.109759e-01 3.076806e-04
3.330000e+02 -2.112523e-01 3.100740e-04
3.330000e+02 -2.112355e-01 3.112741e-04
3.330000e+02 -2.114736e-01 3.109902e-04
3.340000e+02 0.000000e+00 0.000000e+00
3.340000e+02 -3.363705e-01 4.944273e-04
3.340000e+02 -3.375466e-01 4.862857e-04
3.340000e+02 -3.367049e-01 4.883854e-04
3.340000e+02 -3.371183e-01 4.871668e-04
3.340000e+02 -3.361222e-01 4.907130e-04
3.340000e+02 0.000000e+00 0.000000e+00
3.340000e+02 0.000000e+00 0.000000e+00
3.340000e+02 -3.361285e-01 4.917582e-04
3.340000e+02 -3.361314e-01 4.894264e-04
3.350000e+02 -5.395367e-01 7.721765e-04
3.350000e+02 -5.398415e-01 7.716098e-04
3.350000e+02 -5.405345e-01 7.748609e-04
3.350000e+02 -5.401584e-01 7.762904e-04
3.350000e+02 -5.402624e-01 7.796047e-04
3.350000e+02 -5.382441e-01 7.805667e-04
3.350000e+02 -5.400744e-01 7.773786e-04
3.350000e+02 -5.417412e-01 7.693665e-04
3.350000e+02 -5.409727e-01 7.764461e-04
3.350000e+02 -5.400521e-01 7.779545e-04
3.360000e+02 -8.742100e-01 1.245068e-03
3.360000e+02 -8.733913e-01 1.235299e-03
3.360000e+02 -8.747527e-01 1.251426e-03
3.360000e+02 -8.748065e-01 1.254398e-03
3.360000e+02 -8.754425e-01 1.246568e-03
3.360000e+02 -8.744678e-01 1.230235e-03
3.360000e+02 -8.734690e-01 1.237812e-03
3.360000e+02 -8.737543e-01 1.240506e-03
3.360000e+02 -8.730232e-01 1.244239e-03
3.360000e+02 -8.738654e-01 1.245753e-03
3.370000e+02 -1.434923e+00 2.012496e-03
3.370000e+02 -1.439047e+00 2.018523e-03
3.370000e+02 -1.437847e+00 2.001781e-03
3.370000e+02 -1.438501e+00 2.036827e-03
3.370000e+02 -1.413457e+00 2.011826e-03
3.370000e+02 -1.435343e+00 2.010341e-03
3.370000e+02 -1.435224e+00 2.004412e-03
3.370000e+02 -1.436751e+00 2.004099e-03
3.370000e+02 -1.436533e+00 2.029040e-03
3.370000e+02 -1.435916e+00 2.027568e-03
3.380000e+02 -2.404901e+00 3.281322e-03
3.380000e+02 -2.401642e+00 3.325005e-03
3.380000e+02 -2.405248e+00 3.327963e-03
3.380000e+02 -2.407708e+00 3.304681e-03
3.380000e+02 -2.401473e+00 3.292423e-03
3.380000e+02 -2.409603e+00 3.289393e-03
3.380000e+02 -2.401786e+00 3.325628e-03
3.380000e+02 -2.408421e+00 3.290224e-03
3.380000e+02 -2.405680e+00 3.292577e-03
3.380000e+02 -2.404468e+00 3.334767e-03
3.390000e+02 -4.091851e+00 5.570841e-03
3.390000e+02 -4.096154e+00 5.575574e-03
3.390000e+02 -4.096887e+00 5.529526e-03
3.390000e+02 -4.098422e+00 5.579929e-03
3.390000e+02 -4.095392e+00 5.585614e-03
3.390000e+02 -4.098506e+00 5.521627e-03
3.390000e+02 -4.101213e+00 5.587895e-03
3.390000e+02 -4.088761e+00 5.581069e-03
3.390000e+02 -4.105482e+00 5.573843e-03
3.400000e+02 -7.048768e+00 9.602441e-03
3.400000e+02 -7.063189e+00 9.597799e-03
3.400000e+02 -7.063733e+00 9.281835e-03
3.400000e+02 -7.054096e+00 9.389652e-03
3.400000e+02 -7.034311e+00 9.382974e-03
3.400000e+02 -7.057084e+00 9.491101e-03
3.400000e+02 -7.064109e+00 9.418375e-03
3.400000e+02 -7.055924e+00 9.354130e-03
3.400000e+02 -7.065586e+00 9.518548e-03
3.400000e+02 -7.053161e+00 9.484616e-03
3.402000e+02 -7.865739e+00 1.040558e-02
3.402000e+02 -7.864075e+00 1.038962e-02
3.402000e+02 -7.840998e+00 1.050304e-02
3.402000e+02 -7.859998e+00 1.037356e-02
3.402000e+02 -7.862282e+00 1.027318e-02
3.402000e+02 -7.856038e+00 1.039748e-02
3.402000e+02 -7.845088e+00 1.040069e-02
3.402000e+02 -7.864467e+00 1.028439e-02
3.402000e+02 -7.861075e+00 1.035888e-02
3.404000e+02 -8.732777e+00 1.144666e-02
3.404000e+02 -8.746579e+00 1.172411e-02
3.404000e+02 -8.733943e+00 1.152684e-02
3.404000e+02 -8.733383e+00 1.160270e-02
3.404000e+02 -8.751665e+00 1.143660e-02
3.404000e+02 -8.758503e+00 1.159732e-02
3.404000e+02 -8.733772e+00 1.144781e-02
3.404000e+02 -8.749601e+00 1.150108e-02
3.404000e+02 -8.715041e+00 1.159968e-02
3.404000e+02 -8.742638e+00 1.143957e-02
3.406000e+02 -9.727395e+00 1.284341e-02
3.406000e+02 -9.741735e+00 1.283863e-02
3.406000e+02 -9.739610e+00 1.275619e-02
3.406000e+02 -9.733428e+00 1.277281e-02
3.406000e+02 -9.723593e+00 1.271491e-02
3.406000e+02 -9.745903e+00 1.273485e-02
3.406000e+02 -9.736523e+00 1.290679e-02
3.406000e+02 -9.731582e+00 1.292221e-02
3.406000e+02 -9.756872e+00 1.292327e-02
3.408000e+02 -1.088868e+01 1.444988e-02
3.408000e+02 -1.086374e+01 1.431878e-02
3.408000e+02 -1.089020e+01 1.432721e-02
3.408000e+02 -1.088859e+01 1.432568e-02
3.408000e+02 -1.091718e+01 1.440290e-02
3.408000e+02 -1.091211e+01 1.409478e-02
3.408000e+02 -1.088549e+01 1.426891e-02
3.408000e+02 -1.088965e+01 1.446071e-02
3.408000e+02 -1.088585e+01 1.418534e-02
3.408000e+02 -1.088711e+01 1.439769e-02
3.410000e+02 -1.223558e+01 1.590446e-02
3.410000e+02 -1.226579e+01 1.597724e-02
3.410000e+02 -1.221998e+01 1.599765e-02
3.410000e+02 -1.225800e+01 1.586636e-02
3.410000e+02 -1.219590e+01 1.613381e-02
3.410000e+02 -1.226987e+01 1.643885e-02
3.410000e+02 -1.223852e+01 1.601398e-02
3.410000e+02 -1.224553e+01 1.601812e-02
3.410000e+02 -1.223780e+01 1.586928e-02
3.412000e+02 -1.380935e+01 1.879592e-02
3.412000e+02 -1.383171e+01 1.812310e-02
3.412000e+02 -1.377580e+01 1.819213e-02
3.412000e+02 -1.378647e+01 1.809105e-02
3.412000e+02 -1.384257e+01 1.799811e-02
3.412000e+02 -1.379708e+01 1.801960e-02
3.412000e+02 -1.383986e+01 1.786512e-02
3.412000e+02 -1.383993e+01 1.835056e-02
3.412000e+02 -1.380569e+01 1.808092e-02
3.414000e+02 -1.570585e+01 2.063675e-02
3.414000e+02 -1.570949e+01 2.050193e-02
3.414000e+02 -1.568551e+01 2.051981e-02
3.414000e+02 -1.566872e+01 2.064446e-02
3.414000e+02 -1.569787e+01 2.047699e-02
3.414000e+02 -1.568643e+01 2.028011e-02
3.414000e+02 -1.566185e+01 2.053328e-02
3.414000e+02 -1.564453e+01 2.068948e-02
3.414000e+02 -1.570322e+01 2.048447e-02
3.416000e+02 -1.785826e+01 2.381632e-02
3.416000e+02 -1.787445e+01 2.323671e-02
3.416000e+02 -1.788650e+01 2.330559e-02
3.416000e+02 -1.787553e+01 2.319425e-02
3.416000e+02 -1.787936e+01 2.368318e-02
3.416000e+02 -1.783581e+01 2.376933e-02
3.416000e+02 -1.790565e+01 2.337364e-02
3.416000e+02 -1.792296e+01 2.372106e-02
3.416000e+02 -1.794218e+01 2.361053e-02
3.416000e+02 -1.796959e+01 2.344064e-02
3.418000e+02 -2.053125e+01 2.698858e-02
3.418000e+02 -2.056478e+01 2.688945e-02
3.418000e+02 -2.057736e+01 2.719526e-02
3.418000e+02 -2.060556e+01 2.663361e-02
3.418000e+02 -2.058225e+01 2.773159e-02
3.418000e+02 -2.057533e+01 2.700673e-02
3.418000e+02 -2.053728e+01 2.701057e-02
3.418000e+02 -2.057081e+01 2.709457e-02
3.418000e+02 -2.057419e+01 2.673987e-02
3.420000e+02 -2.377433e+01 3.134295e-02
3.420000e+02 -2.381898e+01 3.091559e-02
3.420000e+02 0.000000e+00 0.000000e+00
3.420000e+02 -2.380423e+01 3.111980e-02
3.420000e+02 -2.385077e+01 3.117495e-02
3.420000e+02 -2.377652e+01 3.107072e-02
3.420000e+02 -2.378444e+01 3.133708e-02
3.420000e+02 -2.376737e+01 3.093564e-02
3.420000e+02 -2.382807e+01 3.128922e-02
3.420000e+02 -2.384956e+01 3.099973e-02
3.422000e+02 -2.763842e+01 3.623856e-02
3.422000e+02 -2.769795e+01 3.644616e-02
3.422000e+02 -2.764856e+01 3.645314e-02
3.422000e+02 -2.765914e+01 3.617116e-02
3.422000e+02 -2.769062e+01 3.567877e-02
3.422000e+02 -2.765951e+01 3.638586e-02
3.422000e+02 -2.767378e+01 3.666390e-02
3.422000e+02 -2.765696e+01 3.652583e-02
3.422000e+02 -2.765576e+01 3.579658e-02
3.422000e+02 -2.766577e+01 3.629228e-02
3.424000e+02 -3.236640e+01 4.239630e-02
3.424000e+02 -3.233170e+01 4.632451e-02
3.424000e+02 -3.242924e+01 4.220300e-02
3.424000e+02 -3.240062e+01 4.200357e-02
3.424000e+02 -3.241837e+01 4.337026e-02
3.424000e+02 -3.245904e+01 4.270309e-02
3.424000e+02 -3.235358e+01 4.263061e-02
3.424000e+02 -3.240962e+01 4.337621e-02
3.424000e+02 -3.247259e+01 4.273531e-02
3.426000e+02 -3.813063e+01 5.020462e-02
3.426000e+02 -3.821036e+01 5.070950e-02
3.426000e+02 -3.816261e+01 5.087046e-02
3.426000e+02 -3.811973e+01 5.027227e-02
3.426000e+02 -3.805101e+01 5.020351e-02
3.426000e+02 -3.812850e+01 5.050480e-02
3.426000e+02 -3.809832e+01 4.977177e-02
3.426000e+02 -3.816738e+01 5.083282e-02
3.426000e+02 -3.811003e+01 4.979625e-02
3.426000e+02 -3.816544e+01 5.033521e-02
3.428000e+02 -4.501424e+01 5.986013e-02
3.428000e+02 -4.512444e+01 5.893782e-02
3.428000e+02 -4.513576e+01 5.865414e-02
3.428000e+02 -4.510197e+01 5.936328e-02
3.428000e+02 -4.507309e+01 5.906840e-02
3.428000e+02 -4.509879e+01 5.939978e-02
3.428000e+02 -4.499103e+01 6.039764e-02
3.428000e+02 -4.498576e+01 5.893952e-02
3.428000e+02 -4.509387e+01 6.043583e-02
3.430000e+02 -5.329359e+01 7.072938e-02
3.430000e+02 -5.317583e+01 7.014101e-02
3.430000e+02 -5.328918e+01 6.988344e-02
3.430000e+02 -5.319994e+01 7.265796e-02
3.430000e+02 -5.322430e+01 7.081548e-02
3.430000e+02 -5.326536e+01 7.079925e-02
3.430000e+02 -5.322507e+01 7.044477e-02
3.430000e+02 -5.328849e+01 6.943315e-02
3.430000e+02 -5.337939e+01 7.130146e-02
3.430000e+02 -5.324404e+01 7.354843e-02
3.432000e+02 -6.252671e+01 8.366333e-02
3.432000e+02 -6.270059e+01 8.258398e-02
3.432000e+02 -6.273871e+01 8.488867e-02
3.432000e+02 -6.271764e+01 8.382803e-02
3.432000e+02 -6.275056e+01 8.235944e-02
3.432000e+02 -6.284460e+01 8.353372e-02
3.432000e+02 -6.269815e+01 8.372994e-02
3.432000e+02 -6.274417e+01 8.401442e-02
3.432000e+02 -6.259906e+01 8.364493e-02
3.432000e+02 -6.278730e+01 8.344158e-02
3.434000e+02 -7.340321e+01 9.844667e-02
3.434000e+02 -7.325493e+01 9.874185e-02
3.434000e+02 -7.336664e+01 9.847123e-02
3.434000e+02 -7.314754e+01 9.839122e-02
3.434000e+02 -7.316778e+01 9.951110e-02
3.434000e+02 -7.318699e+01 9.890159e-02
3.434000e+02 -7.327599e+01 9.794916e-02
3.434000e+02 -7.321126e+01 1.058374e-01
3.434000e+02 -7.322546e+01 9.975022e-02
3.434000e+02 -7.323922e+01 9.867825e-02
3.436000e+02 -8.383218e+01 1.144678e-01
3.436000e+02 -8.427898e+01 1.131153e-01
3.436000e+02 -8.442522e+01 1.131011e-01
3.436000e+02 -8.418901e+01 1.162304e-01
3.436000e+02 -8.424906e+01 1.140029e-01
3.436000e+02 -8.419799e+01 1.156238e-01
3.436000e+02 -8.418642e+01 1.159562e-01
3.436000e+02 -8.431456e+01 1.135263e-01
3.436000e+02 -8.415487e+01 1.137531e-01
3.438000e+02 -9.484692e+01 1.314303e-01
3.438000e+02 -9.475479e+01 1.316199e-01
3.438000e+02 -9.465557e+01 1.295089e-01
3.438000e+02 -9.479317e+01 1.282480e-01
3.438000e+02 -9.433400e+01 1.292966e-01
3.438000e+02 -9.461532e+01 1.275902e-01
3.438000e+02 -9.456563e+01 1.294627e-01
3.438000e+02 -9.474685e+01 1.288404e-01
3.438000e+02 -9.464816e+01 1.308785e-01
3.438000e+02 -9.473739e+01 1.313671e-01
3.440000e+02 -1.036690e+02 1.421638e-01
3.440000e+02 -1.037332e+02 1.437037e-01
3.440000e+02 -1.036363e+02 1.456158e-01
3.440000e+02 -1.035907e+02 1.438783e-01
3.440000e+02 -1.036671e+02 1.436307e-01
3.440000e+02 -1.038781e+02 1.441006e-01
3.440000e+02 -1.035899e+02 1.435523e-01
3.442000e+02 -1.102515e+02 1.557696e-01
3.442000e+02 -1.101589e+02 1.518240e-01
3.442000e+02 -1.104841e+02 1.553825e-01
3.442000e+02 -1.104056e+02 1.539924e-01
3.442000e+02 -1.101992e+02 1.538420e-01
3.442000e+02 -1.104412e+02 1.571160e-01
3.442000e+02 -1.105892e+02 1.519243e-01
3.442000e+02 -1.103160e+02 1.556718e-01
3.442000e+02 -1.103274e+02 1.546886e-01
3.442000e+02 -1.106208e+02 1.553206e-01
3.444000e+02 -1.149650e+02 1.649046e-01
3.444000e+02 -1.149412e+02 1.585072e-01
3.444000e+02 -1.147793e+02 1.618865e-01
3.444000e+02 -1.146657e+02 1.629782e-01
3.444000e+02 -1.149176e+02 1.603694e-01
3.444000e+02 -1.150949e+02 1.610236e-01
3.444000e+02 -1.149249e+02 1.619674e-01
3.444000e+02 -1.151357e+02 1.587854e-01
3.444000e+02 -1.149127e+02 1.626301e-01
3.446000e+02 -1.176717e+02 1.715940e-01
3.446000e+02 -1.177904e+02 1.644207e-01
3.446000e+02 -1.175810e+02 1.684009e-01
3.446000e+02 -1.176288e+02 1.692814e-01
3.446000e+02 -1.174255e+02 1.683475e-01
3.446000e+02 -1.173419e+02 1.672773e-01
3.446000e+02 -1.173871e+02 1.698691e-01
3.446000e+02 -1.173893e+02 1.659948e-01
3.446000e+02 -1.175205e+02 1.632796e-01
3.446000e+02 -1.176780e+02 1.728551e-01
3.448000e+02 -1.191885e+02 1.682002e-01
3.448000e+02 -1.190640e+02 1.669506e-01
3.448000e+02 -1.189756e+02 1.731835e-01
3.448000e+02 -1.192614e+02 1.694544e-01
3.448000e+02 -1.190637e+02 1.695694e-01
3.448000e+02 -1.191558e+02 1.716726e-01
3.448000e+02 -1.191830e+02 1.717101e-01
3.448000e+02 -1.191662e+02 1.714038e-01
3.448000e+02 -1.191016e+02 1.691407e-01
3.448000e+02 -1.194174e+02 1.704418e-01
3.450000e+02 -1.203252e+02 1.751941e-01
3.450000e+02 -1.202559e+02 1.727278e-01
3.450000e+02 -1.202279e+02 1.715523e-01
3.450000e+02 -1.204132e+02 1.716904e-01
3.450000e+02 -1.202179e+02 1.726051e-01
3.450000e+02 -1.205510e+02 1.749276e-01
3.450000e+02 -1.202593e+02 1.722234e-01
3.450000e+02 -1.205029e+02 1.725448e-01
3.450000e+02 -1.203902e+02 1.687039e-01
3.450000e+02 -1.204118e+02 1.712185e-01
3.452000e+02 -1.217596e+02 1.713442e-01
3.452000e+02 -1.219936e+02 1.779318e-01
3.452000e+02 -1.222486e+02 1.747209e-01
3.452000e+02 -1.217115e+02 1.757936e-01
3.452000e+02 -1.219189e+02 1.722981e-01
3.452000e+02 -1.219307e+02 1.766651e-01
3.452000e+02 -1.215574e+02 1.714224e-01
3.452000e+02 -1.218933e+02 1.775087e-01
3.452000e+02 -1.218222e+02 1.734425e-01
3.452000e+02 -1.220914e+02 1.765222e-01
3.454000e+02 -1.237556e+02 1.755744e-01
3.454000e+02 -1.237378e+02 1.769157e-01
3.454000e+02 -1.238059e+02 1.796265e-01
3.454000e+02 -1.238226e+02 1.745512e-01
3.454000e+02 -1.238035e+02 1.796884e-01
3.454000e+02 -1.236423e+02 1.774141e-01
3.454000e+02 -1.239070e+02 1.761990e-01
3.454000e+02 -1.236848e+02 1.775109e-01
3.454000e+02 -1.238429e+02 1.780695e-01
3.456000e+02 -1.258030e+02 1.828028e-01
3.456000e+02 -1.257731e+02 1.803705e-01
3.456000e+02 -1.259820e+02 1.839204e-01
3.456000e+02 -1.259406e+02 1.786610e-01
3.456000e+02 -1.261066e+02 1.820721e-01
3.456000e+02 -1.260817e+02 1.809856e-01
3.456000e+02 -1.258128e+02 1.803885e-01
3.456000e+02 -1.260500e+02 1.757281e-01
3.456000e+02 -1.258111e+02 1.807677e-01
3.456000e+02 -1.263939e+02 1.783071e-01
3.458000e+02 -1.288265e+02 1.826523e-01
3.458000e+02 -1.287380e+02 1.878685e-01
3.458000e+02 -1.284624e+02 1.850677e-01
3.458000e+02 -1.283959e+02 1.834860e-01
3.458000e+02 -1.283480e+02 1.872524e-01
3.458000e+02 -1.283982e+02 1.810365e-01
3.458000e+02 -1.279626e+02 1.870784e-01
3.458000e+02 -1.283484e+02 1.840632e-01
3.458000e+02 -1.284544e+02 1.826876e-01
3.460000e+02 -1.308386e+02 1.919874e-01
3.460000e+02 -1.311728e+02 1.906640e-01
3.460000e+02 -1.308258e+02 1.888274e-01
3.460000e+02 -1.311153e+02 1.917369e-01
3.460000e+02 -1.308040e+02 1.903864e-01
3.460000e+02 -1.307500e+02 1.926711e-01
3.460000e+02 -1.310360e+02 1.897826e-01
3.460000e+02 -1.308291e+02 1.891366e-01
3.460000e+02 -1.308556e+02 1.918629e-01
3.462000e+02 -1.339200e+02 1.887789e-01
3.462000e+02 -1.335647e+02 1.846467e-01
3.462000e+02 -1.335597e+02 1.902632e-01
3.462000e+02 -1.335872e+02 1.909680e-01
3.462000e+02 -1.337087e+02 1.899170e-01
3.462000e+02 -1.335954e+02 1.910196e-01
3.462000e+02 -1.332472e+02 1.918631e-01
3.462000e+02 -1.339664e+02 1.890254e-01
3.462000e+02 -1.335413e+02 1.905953e-01
3.462000e+02 -1.338721e+02 1.901338e-01
3.464000e+02 -1.364210e+02 1.951123e-01
3.464000e+02 -1.364414e+02 1.956594e-01
3.464000e+02 -1.363347e+02 1.942492e-01
3.464000e+02 -1.361747e+02 1.961719e-01
3.464000e+02 -1.359335e+02 1.983068e-01
3.464000e+02 -1.364792e+02 1.931065e-01
3.464000e+02 -1.360133e+02 1.929589e-01
3.464000e+02 -1.361269e+02 1.900722e-01
3.464000e+02 -1.362731e+02 1.956570e-01
3.464000e+02 -1.363426e+02 1.925006e-01
3.466000e+02 -1.388535e+02 2.010941e-01
3.466000e+02 -1.387488e+02 2.026465e-01
3.466000e+02 -1.390038e+02 2.000227e-01
3.466000e+02 -1.390175e+02 1.990853e-01
3.466000e+02 0.000000e+00 0.000000e+00
3.466000e+02 -1.387390e+02 2.016322e-01
3.466000e+02 -1.386959e+02 2.043900e-01
3.466000e+02 -1.387901e+02 2.135501e-01
3.466000e+02 -1.387739e+02 2.033766e-01
3.466000e+02 -1.388583e+02 2.004997e-01
3.468000e+02 -1.412769e+02 2.086169e-01
3.468000e+02 -1.411191e+02 2.081867e-01
3.468000e+02 -1.410610e+02 2.052784e-01
3.468000e+02 -1.409100e+02 2.105551e-01
3.468000e+02 -1.412812e+02 2.082849e-01
3.468000e+02 -1.408738e+02 2.054120e-01
3.468000e+02 -1.408438e+02 2.114999e-01
3.468000e+02 -1.410346e+02 2.096356e-01
3.468000e+02 -1.411334e+02 2.085627e-01
3.468000e+02 -1.407408e+02 2.036294e-01
3.470000e+02 -1.431907e+02 2.186638e-01
3.470000e+02 -1.435320e+02 2.117390e-01
3.470000e+02 -1.433759e+02 2.139833e-01
3.470000e+02 -1.432474e+02 2.170913e-01
3.470000e+02 -1.434301e+02 2.127379e-01
3.470000e+02 -1.432903e+02 2.115348e-01
3.470000e+02 -1.429441e+02 2.152056e-01
3.470000e+02 -1.433471e+02 2.133744e-01
3.470000e+02 -1.431566e+02 2.135901e-01
3.470000e+02 -1.429052e+02 2.132560e-01
3.472000e+02 -1.451623e+02 2.198552e-01
3.472000e+02 -1.452974e+02 2.173879e-01
3.472000e+02 -1.450049e+02 2.235830e-01
3.472000e+02 -1.450720e+02 2.194085e-01
3.472000e+02 -1.456688e+02 2.263456e-01
3.472000e+02 -1.453313e+02 2.211212e-01
3.472000e+02 -1.456150e+02 2.233911e-01
3.472000e+02 -1.450796e+02 2.192568e-01
3.472000e+02 -1.453693e+02 2.201450e-01
3.472000e+02 -1.454234e+02 2.214541e-01
3.474000e+02 -1.473327e+02 2.285518e-01
3.474000e+02 -1.471728e+02 2.306485e-01
3.474000e+02 -1.471706e+02 2.283890e-01
3.474000e+02 -1.474258e+02 2.287400e-01
3.474000e+02 -1.467954e+02 2.286052e-01
3.474000e+02 -1.472297e+02 2.251367e-01
3.474000e+02 -1.467238e+02 2.293954e-01
3.474000e+02 -1.471617e+02 2.292573e-01
3.474000e+02 -1.472613e+02 2.265950e-01
3.474000e+02 -1.474032e+02 2.275161e-01
3.476000e+02 -1.486650e+02 2.338101e-01
3.476000e+02 -1.484718e+02 2.313154e-01
3.476000e+02 -1.484710e+02 2.305136e-01
3.476000e+02 -1.486794e+02 2.321458e-01
3.476000e+02 -1.486182e+02 2.383338e-01
3.476000e+02 -1.489296e+02 2.362716e-01
3.476000e+02 -1.489556e+02 2.347193e-01
3.476000e+02 -1.489054e+02 2.345669e-01
3.476000e+02 -1.488741e+02 2.370849e-01
3.476000e+02 -1.489986e+02 2.338548e-01
3.478000e+02 -1.507300e+02 2.434311e-01
3.478000e+02 -1.503908e+02 2.403382e-01
3.478000e+02 -1.503875e+02 2.441683e-01
3.478000e+02 -1.503050e+02 2.390125e-01
3.478000e+02 -1.505069e+02 2.413680e-01
3.478000e+02 -1.500396e+02 2.425465e-01
3.478000e+02 -1.503090e+02 2.374390e-01
3.478000e+02 -1.497917e+02 2.410068e-01
3.478000e+02 -1.501986e+02 2.422000e-01
3.478000e+02 -1.501939e+02 2.367299e-01
3.480000e+02 -1.513074e+02 2.439492e-01
3.480000e+02 -1.511538e+02 2.466970e-01
3.480000e+02 -1.514374e+02 2.513679e-01
3.480000e+02 -1.517755e+02 2.456556e-01
3.480000e+02 -1.516283e+02 2.460238e-01
3.480000e+02 -1.517600e+02 2.433483e-01
3.480000e+02 -1.515607e+02 2.449800e-01
3.480000e+02 -1.510703e+02 2.505939e-01
3.480000e+02 -1.516783e+02 2.450249e-01
3.480000e+02 -1.510502e+02 2.428888e-01
3.482000e+02 -1.521401e+02 2.488976e-01
3.482000e+02 -1.520792e+02 2.512323e-01
3.482000e+02 -1.517231e+02 2.508111e-01
3.482000e+02 -1.522287e+02 2.489112e-01
3.482000e+02 -1.521063e+02 2.522463e-01
3.482000e+02 -1.522879e+02 2.523010e-01
3.482000e+02 -1.527874e+02 2.537270e-01
3.482000e+02 -1.522482e+02 2.500018e-01
3.482000e+02 -1.519360e+02 2.481345e-01
3.482000e+02 -1.518763e+02 2.547653e-01
3.484000e+02 -1.528945e+02 2.540284e-01
3.484000e+02 -1.518421e+02 2.538245e-01
3.484000e+02 -1.523839e+02 2.585171e-01
3.484000e+02 -1.525340e+02 2.576225e-01
3.484000e+02 -1.525730e+02 2.543019e-01
3.484000e+02 -1.523983e+02 2.560886e-01
3.484000e+02 -1.528059e+02 2.577630e-01
3.484000e+02 -1.522864e+02 2.558554e-01
3.484000e+02 -1.522432e+02 2.522391e-01
3.486000e+02 -1.525642e+02 2.593791e-01
3.486000e+02 -1.523902e+02 2.622134e-01
3.486000e+02 -1.524784e+02 2.577165e-01
3.486000e+02 0.000000e+00 0.000000e+00
3.486000e+02 -1.523637e+02 2.577725e-01
3.486000e+02 -1.525320e+02 2.640171e-01
3.486000e+02 -1.520779e+02 2.599128e-01
3.486000e+02 -1.526583e+02 2.609264e-01
3.486000e+02 -1.522998e+02 2.555591e-01
3.486000e+02 -1.527204e+02 2.578231e-01
3.488000e+02 -1.523970e+02 2.673470e-01
3.488000e+02 -1.518477e+02 2.670914e-01
3.488000e+02 -1.524841e+02 2.628604e-01
3.488000e+02 -1.518617e+02 2.589697e-01
3.488000e+02 -1.522856e+02 2.613986e-01
3.488000e+02 -1.520087e+02 2.633694e-01
3.488000e+02 -1.524974e+02 2.622503e-01
3.488000e+02 -1.523758e+02 2.585366e-01
3.488000e+02 -1.521924e+02 2.639550e-01
3.488000e+02 -1.517687e+02 2.641029e-01
3.490000e+02 -1.505424e+02 2.660085e-01
3.490000e+02 -1.516021e+02 2.629962e-01
3.490000e+02 -1.521784e+02 2.691279e-01
3.490000e+02 -1.521085e+02 2.647805e-01
3.490000e+02 -1.518112e+02 2.690130e-01
3.490000e+02 -1.516901e+02 2.615646e-01
3.490000e+02 -1.519895e+02 2.654822e-01
3.490000e+02 -1.515813e+02 2.632680e-01
3.490000e+02 -1.513600e+02 2.640179e-01
3.492000e+02 -1.505370e+02 2.717245e-01
3.492000e+02 -1.505684e+02 2.650106e-01
3.492000e+02 -1.506474e+02 2.634139e-01
3.492000e+02 -1.505073e+02 2.676149e-01
3.492000e+02 -1.508736e+02 2.687921e-01
3.492000e+02 -1.508651e+02 2.657076e-01
3.492000e+02 -1.506504e+02 2.648606e-01
3.492000e+02 -1.504307e+02 2.689240e-01
3.492000e+02 -1.501362e+02 2.641152e-01
3.492000e+02 -1.507641e+02 2.633898e-01
3.494000e+02 -1.493247e+02 2.679492e-01
3.494000e+02 -1.490348e+02 2.659943e-01
3.494000e+02 -1.493264e+02 2.665606e-01
3.494000e+02 -1.491460e+02 2.683590e-01
3.494000e+02 -1.493964e+02 2.682253e-01
3.494000e+02 -1.496251e+02 2.673317e-01
3.494000e+02 -1.493868e+02 2.664448e-01
3.494000e+02 -1.493184e+02 2.608412e-01
3.494000e+02 -1.490573e+02 2.645529e-01
3.494000e+02 -1.488218e+02 2.697048e-01
3.496000e+02 -1.480024e+02 2.696590e-01
3.496000e+02 -1.479235e+02 2.699543e-01
3.496000e+02 -1.477200e+02 2.720675e-01
3.496000e+02 -1.475695e+02 2.678299e-01
3.496000e+02 -1.483385e+02 2.686602e-01
3.496000e+02 -1.482894e+02 2.679697e-01
3.496000e+02 -1.483816e+02 2.742247e-01
3.496000e+02 -1.478755e+02 2.716601e-01
3.496000e+02 -1.479306e+02 2.686903e-01
3.498000e+02 -1.467228e+02 2.696585e-01
3.498000e+02 -1.461177e+02 2.698019e-01
3.498000e+02 -1.463571e+02 2.660682e-01
3.498000e+02 -1.464054e+02 2.699050e-01
3.498000e+02 -1.459676e+02 2.717191e-01
3.498000e+02 -1.465806e+02 2.690106e-01
3.498000e+02 -1.465610e+02 2.673092e-01
3.498000e+02 0.000000e+00 0.000000e+00
3.498000e+02 -1.463378e+02 2.672202e-01
3.498000e+02 -1.463995e+02 2.659948e-01
3.500000e+02 -1.444131e+02 2.678866e-01
3.500000e+02 -1.446911e+02 2.707176e-01
3.500000e+02 -1.445994e+02 2.738832e-01
3.500000e+02 -1.447896e+02 2.709949e-01
3.500000e+02 -1.441824e+02 2.673286e-01
3.500000e+02 -1.442401e+02 2.716619e-01
3.500000e+02 -1.442374e+02 2.662772e-01
3.500000e+02 -1.443912e+02 2.721611e-01
3.500000e+02 -1.445044e+02 2.707693e-01
3.500000e+02 -1.440759e+02 2.701302e-01
3.510000e+02 -1.330721e+02 2.585792e-01
3.510000e+02 -1.330105e+02 2.669915e-01
3.510000e+02 -1.328412e+02 2.582201e-01
3.510000e+02 0.000000e+00 0.000000e+00
3.510000e+02 -1.324818e+02 2.645750e-01
3.510000e+02 -1.329604e+02 2.584040e-01
3.510000e+02 -1.327977e+02 2.628831e-01
3.510000e+02 -1.328935e+02 2.618699e-01
3.510000e+02 -1.328491e+02 2.605597e-01
3.510000e+02 -1.329877e+02 2.638458e-01
3.520000e+02 -1.182281e+02 2.422283e-01
3.520000e+02 -1.180373e+02 2.430956e-01
3.520000e+02 -1.182755e+02 2.446049e-01
3.520000e+02 -1.184184e+02 2.430481e-01
3.520000e+02 -1.181737e+02 2.460740e-01
3.520000e+02 -1.186580e+02 2.467161e-01
3.520000e+02 -1.179380e+02 2.467970e-01
3.520000e+02 -1.182894e+02 2.474151e-01
3.520000e+02 -1.183107e+02 2.490684e-01
3.520000e+02 -1.185441e+02 2.441784e-01
3.530000e+02 -1.030482e+02 2.251314e-01
3.530000e+02 -1.028619e+02 2.222990e-01
3.530000e+02 -1.028899e+02 2.195206e-01
3.530000e+02 -1.023367e+02 2.206344e-01
3.530000e+02 -1.026151e+02 2.262777e-01
3.530000e+02 -1.027852e+02 2.174474e-01
3.530000e+02 -1.032433e+02 2.249369e-01
3.530000e+02 -1.031908e+02 2.175607e-01
3.530000e+02 -1.028803e+02 2.228500e-01
3.530000e+02 -1.033141e+02 2.197213e-01
3.540000e+02 -8.794811e+01 1.958458e-01
3.540000e+02 -8.766686e+01 1.986076e-01
3.540000e+02 -8.768085e+01 2.005404e-01
3.540000e+02 -8.802239e+01 1.957573e-01
3.540000e+02 -8.763756e+01 1.993237e-01
3.540000e+02 -8.789995e+01 1.965818e-01
3.540000e+02 -8.778116e+01 1.968154e-01
3.540000e+02 -8.780616e+01 1.953163e-01
3.540000e+02 -8.795867e+01 1.964141e-01
3.540000e+02 -8.797936e+01 1.979613e-01
3.550000e+02 -7.384373e+01 1.704954e-01
3.550000e+02 -7.419914e+01 1.734983e-01
3.550000e+02 -7.389624e+01 1.714682e-01
3.550000e+02 -7.410922e+01 1.680349e-01
3.550000e+02 -7.415263e+01 1.753971e-01
3.550000e+02 -7.426283e+01 1.722186e-01
3.550000e+02 -7.410082e+01 1.704253e-01
3.550000e+02 -7.395679e+01 1.696057e-01
3.560000e+02 -6.172431e+01 1.478907e-01
3.560000e+02 -6.186199e+01 1.452777e-01
3.560000e+02 -6.218249e+01 1.499221e-01
3.560000e+02 -6.196970e+01 1.484802e-01
3.560000e+02 -6.163235e+01 1.474514e-01
3.560000e+02 -6.161883e+01 1.445400e-01
3.560000e+02 -6.181800e+01 1.519300e-01
3.560000e+02 -6.186868e+01 1.492206e-01
3.560000e+02 -6.201582e+01 1.473338e-01
3.560000e+02 -6.211993e+01 1.470108e-01
3.570000e+02 -5.158295e+01 1.237404e-01
3.570000e+02 -5.133410e+01 1.246734e-01
3.570000e+02 -5.138893e+01 1.243602e-01
3.570000e+02 -5.139368e+01 1.254690e-01
3.570000e+02 -5.146064e+01 1.281941e-01
3.570000e+02 -5.157263e+01 1.247027e-01
3.570000e+02 -5.163392e+01 1.238448e-01
3.570000e+02 -5.153183e+01 1.244613e-01
3.580000e+02 -4.270814e+01 1.046926e-01
3.580000e+02 -4.274865e+01 1.071507e-01
3.580000e+02 -4.283957e+01 1.061461e-01
3.580000e+02 -4.288631e+01 1.052773e-01
3.580000e+02 -4.284237e+01 1.038627e-01
3.580000e+02 -4.276005e+01 1.081489e-01
3.580000e+02 -4.309358e+01 1.067028e-01
3.580000e+02 -4.281428e+01 1.066925e-01
3.580000e+02 -4.288413e+01 1.043019e-01
3.580000e+02 -4.295862e+01 1.045987e-01
3.590000e+02 -3.566802e+01 8.822248e-02
3.590000e+02 -3.555164e+01 8.878661e-02
3.590000e+02 -3.574144e+01 9.050777e-02
3.590000e+02 -3.583456e+01 8.858465e-02
3.590000e+02 -3.575686e+01 8.927948e-02
3.590000e+02 -3.559885e+01 8.734566e-02
3.590000e+02 -3.563176e+01 8.833336e-02
3.590000e+02 -3.585672e+01 8.812886e-02
3.590000e+02 -3.566181e+01 8.827359e-02
3.590000e+02 -3.572314e+01 8.874301e-02
3.600000e+02 -3.006411e+01 7.696908e-02
3.600000e+02 -3.009827e+01 7.503420e-02
3.600000e+02 -2.995556e+01 7.415395e-02
3.600000e+02 -2.985191e+01 7.338119e-02
3.600000e+02 -2.989429e+01 7.524917e-02
3.600000e+02 -2.996382e+01 7.562875e-02
3.600000e+02 -3.005699e+01 7.355263e-02
3.600000e+02 -3.003734e+01 7.364167e-02
3.600000e+02 -3.006074e+01 7.493236e-02
3.600000e+02 -3.007171e+01 7.488901e-02
3.650000e+02 -1.521022e+01 3.599669e-02
3.650000e+02 -1.526097e+01 3.603461e-02
3.650000e+02 -1.517467e+01 3.494255e-02
3.650000e+02 -1.520878e+01 3.541052e-02
3.650000e+02 -1.523522e+01 3.553849e-02
3.650000e+02 -1.528507e+01 3.500591e-02
3.650000e+02 -1.523601e+01 3.578392e-02
3.650000e+02 -1.525875e+01 3.443197e-02
3.650000e+02 -1.521870e+01 3.572435e-02
3.650000e+02 -1.523194e+01 3.501007e-02
3.700000e+02 -1.060625e+01 2.426490e-02
3.700000e+02 -1.055203e+01 2.407091e-02
3.700000e+02 -1.060462e+01 2.381200e-02
3.700000e+02 -1.059912e+01 2.470485e-02
3.700000e+02 -1.061828e+01 2.400541e-02
3.700000e+02 -1.063921e+01 2.415116e-02
3.700000e+02 0.000000e+00 0.000000e+00
3.700000e+02 -1.059248e+01 2.425005e-02
3.700000e+02 -1.057097e+01 2.458123e-02
3.700000e+02 -1.061530e+01 2.353402e-02
3.750000e+02 -8.378900e+00 1.881018e-02
3.750000e+02 -8.369756e+00 1.863127e-02
3.750000e+02 -8.392745e+00 1.883081e-02
3.750000e+02 -8.375120e+00 1.883852e-02
3.750000e+02 -8.371838e+00 1.805801e-02
3.750000e+02 -8.365101e+00 1.880784e-02
3.750000e+02 -8.353161e+00 1.920677e-02
3.750000e+02 -8.334184e+00 1.820118e-02
3.750000e+02 -8.357938e+00 1.820790e-02
3.750000e+02 -8.327090e+00 1.858684e-02
3.800000e+02 -6.901740e+00 1.516581e-02
3.800000e+02 -6.876744e+00 1.502433e-02
3.800000e+02 -6.877996e+00 1.548949e-02
3.800000e+02 -6.897126e+00 1.535058e-02
3.800000e+02 -6.871375e+00 1.507724e-02
3.800000e+02 -6.868095e+00 1.583717e-02
3.800000e+02 -6.874737e+00 1.505621e-02
3.800000e+02 -6.851631e+00 1.558171e-02
3.800000e+02 -6.879258e+00 1.530475e-02
3.800000e+02 -6.880151e+00 1.558183e-02
3.850000e+02 -5.833437e+00 1.296145e-02
3.850000e+02 -5.815918e+00 1.285185e-02
3.850000e+02 -5.838814e+00 1.284809e-02
3.850000e+02 -5.828959e+00 1.249495e-02
3.850000e+02 -5.831745e+00 1.298116e-02
3.850000e+02 -5.813769e+00 1.312214e-02
3.850000e+02 -5.831197e+00 1.310388e-02
3.850000e+02 -5.827841e+00 1.285542e-02
3.850000e+02 -5.830555e+00 1.251085e-02
3.850000e+02 -5.836010e+00 1.316089e-02
