1.000000e+03 -4.074305e-01 5.230322e-04
1.010000e+03 -4.060586e-01 5.230017e-04
1.020000e+03 -4.055602e-01 5.204091e-04
1.030000e+03 -4.040321e-01 5.251020e-04
1.040000e+03 -4.027936e-01 5.341678e-04
1.050000e+03 -4.008600e-01 5.308233e-04
1.060000e+03 -4.001114e-01 5.310920e-04
1.070000e+03 -3.988786e-01 5.366311e-04
1.080000e+03 -3.955072e-01 5.307037e-04
1.090000e+03 -3.959039e-01 5.320243e-04
1.100000e+03 -3.935754e-01 5.368109e-04
1.110000e+03 -3.912284e-01 5.338005e-04
1.120000e+03 -3.898487e-01 5.368609e-04
1.130000e+03 -3.873938e-01 5.362275e-04
1.140000e+03 -3.859090e-01 5.413650e-04
1.150000e+03 -3.839870e-01 5.327062e-04
1.160000e+03 -3.818738e-01 5.358408e-04
1.170000e+03 -3.792559e-01 5.328125e-04
1.180000e+03 -3.781638e-01 5.387869e-04
1.190000e+03 -3.768656e-01 5.377794e-04
1.200000e+03 -3.748561e-01 5.424252e-04
1.210000e+03 -3.719067e-01 5.420550e-04
1.220000e+03 -3.707458e-01 5.425246e-04
1.230000e+03 -3.689196e-01 5.378197e-04
1.240000e+03 -3.653898e-01 5.367369e-04
1.250000e+03 -3.635703e-01 5.397162e-04
1.260000e+03 -3.619281e-01 5.409163e-04
1.270000e+03 -3.605495e-01 5.411861e-04
1.280000e+03 -3.578334e-01 5.406166e-04
1.290000e+03 -3.553108e-01 5.397553e-04
1.300000e+03 -3.532529e-01 5.358952e-04
1.310000e+03 -3.522706e-01 5.416037e-04
1.320000e+03 -3.503138e-01 5.401496e-04
1.330000e+03 -3.476222e-01 5.360601e-04
1.340000e+03 -3.454937e-01 5.370514e-04
1.350000e+03 -3.431726e-01 5.424436e-04
1.360000e+03 -3.407720e-01 5.342174e-04
1.370000e+03 -3.386464e-01 5.322394e-04
1.380000e+03 -3.372919e-01 5.342626e-04
1.390000e+03 -3.346077e-01 5.379726e-04
1.400000e+03 -3.323292e-01 5.360297e-04
1.410000e+03 -3.304546e-01 5.361286e-04
1.420000e+03 -3.290177e-01 5.379151e-04
1.430000e+03 -3.271841e-01 5.366917e-04
1.440000e+03 -3.240805e-01 5.355711e-04
1.450000e+03 -3.215910e-01 5.387547e-04
1.460000e+03 -3.195331e-01 5.324810e-04
1.470000e+03 -3.179692e-01 5.356610e-04
1.480000e+03 -3.160881e-01 5.317071e-04
1.490000e+03 -3.150051e-01 5.343221e-04
1.500000e+03 -3.124782e-01 5.311217e-04
1.510000e+03 -3.112209e-01 5.314354e-04
1.520000e+03 -3.083106e-01 5.387083e-04
1.530000e+03 -3.080232e-01 5.321121e-04
1.540000e+03 -3.050136e-01 5.307354e-04
1.550000e+03 -3.025295e-01 5.292899e-04
1.560000e+03 -3.000117e-01 5.321397e-04
1.570000e+03 -2.989135e-01 5.288333e-04
1.580000e+03 -2.977198e-01 5.289599e-04
1.590000e+03 -2.953230e-01 5.295808e-04
1.600000e+03 -2.935272e-01 5.221259e-04
1.610000e+03 -2.928369e-01 5.250362e-04
1.620000e+03 -2.895517e-01 5.198282e-04
1.630000e+03 -2.885094e-01 5.302116e-04
1.640000e+03 -2.864931e-01 5.247590e-04
1.650000e+03 -2.843282e-01 5.267284e-04
1.660000e+03 -2.830118e-01 5.271913e-04
1.670000e+03 -2.818992e-01 5.207793e-04
1.680000e+03 -2.796378e-01 5.293734e-04
1.690000e+03 -2.780908e-01 5.271089e-04
1.700000e+03 -2.762637e-01 5.274414e-04
1.710000e+03 -2.753063e-01 5.186175e-04
1.720000e+03 -2.728615e-01 5.238782e-04
1.730000e+03 -2.724266e-01 5.125556e-04
1.740000e+03 -2.688800e-01 5.245234e-04
1.750000e+03 -2.684098e-01 5.229675e-04
1.760000e+03 -2.675853e-01 5.178280e-04
1.770000e+03 -2.648228e-01 5.246230e-04
1.780000e+03 -2.631527e-01 5.217006e-04
1.790000e+03 -2.621120e-01 5.190162e-04
1.800000e+03 -2.612208e-01 5.170627e-04
1.810000e+03 -2.586442e-01 5.119188e-04
1.820000e+03 -2.576378e-01 5.182530e-04
1.830000e+03 -2.563878e-01 5.210987e-04
1.840000e+03 -2.544606e-01 5.108969e-04
1.850000e+03 -2.519042e-01 5.168013e-04
1.860000e+03 -2.514955e-01 5.132950e-04
1.870000e+03 -2.499790e-01 5.088781e-04
1.880000e+03 -2.486909e-01 5.071925e-04
1.890000e+03 -2.479306e-01 5.075396e-04
1.900000e+03 -2.449175e-01 5.103664e-04
1.910000e+03 -2.439769e-01 5.093483e-04
1.920000e+03 -2.434631e-01 5.053973e-04
1.930000e+03 -2.415472e-01 5.077009e-04
1.940000e+03 -2.395044e-01 5.186525e-04
1.950000e+03 -2.380718e-01 5.123289e-04
1.960000e+03 -2.375103e-01 5.139587e-04
1.970000e+03 -2.365304e-01 5.084967e-04
1.980000e+03 -2.344834e-01 5.062097e-04
1.990000e+03 -2.330617e-01 5.043693e-04
2.000000e+03 -2.322524e-01 5.052241e-04
2.010000e+03 -2.303204e-01 5.042379e-04
2.020000e+03 -2.287354e-01 4.991738e-04
2.030000e+03 -2.284523e-01 5.012342e-04
2.040000e+03 -2.271713e-01 5.034894e-04
2.050000e+03 -2.264270e-01 4.935731e-04
2.060000e+03 -2.239563e-01 5.089375e-04
2.070000e+03 -2.236404e-01 4.962456e-04
2.080000e+03 -2.220920e-01 4.961144e-04
2.090000e+03 -2.204805e-01 4.937670e-04
2.100000e+03 -2.204837e-01 4.947098e-04
2.110000e+03 -2.179773e-01 4.944069e-04
2.120000e+03 -2.179182e-01 4.901571e-04
2.130000e+03 -2.160990e-01 4.970086e-04
2.140000e+03 -2.157415e-01 4.922331e-04
2.150000e+03 -2.146439e-01 4.918427e-04
2.160000e+03 -2.128976e-01 4.929407e-04
2.170000e+03 -2.125014e-01 4.874155e-04
2.180000e+03 -2.102185e-01 5.032608e-04
2.190000e+03 -2.095331e-01 4.902185e-04
2.200000e+03 -2.081130e-01 4.902155e-04
2.210000e+03 -2.074259e-01 4.882995e-04
2.220000e+03 -2.059549e-01 4.936450e-04
2.230000e+03 -2.053403e-01 4.932428e-04
2.240000e+03 -2.048001e-01 4.882672e-04
2.250000e+03 -2.032011e-01 4.915178e-04
2.260000e+03 -2.021922e-01 4.924612e-04
2.270000e+03 -2.016638e-01 4.828376e-04
2.280000e+03 -2.006101e-01 4.888145e-04
2.290000e+03 -1.987065e-01 4.800667e-04
2.300000e+03 -1.980108e-01 4.827211e-04
2.310000e+03 -1.971504e-01 4.798579e-04
2.320000e+03 -1.964010e-01 4.799090e-04
2.330000e+03 -1.951242e-01 4.871717e-04
2.340000e+03 -1.940460e-01 4.824014e-04
2.350000e+03 -1.922528e-01 4.753243e-04
2.360000e+03 -1.920743e-01 4.808818e-04
2.370000e+03 -1.903840e-01 4.764035e-04
2.380000e+03 -1.896826e-01 4.800860e-04
2.390000e+03 -1.880687e-01 4.846790e-04
2.400000e+03 -1.877632e-01 4.792078e-04
2.410000e+03 -1.874391e-01 4.730965e-04
2.420000e+03 -1.866822e-01 4.834218e-04
2.430000e+03 -1.856516e-01 4.786539e-04
2.440000e+03 -1.851706e-01 4.770766e-04
2.450000e+03 -1.844154e-01 4.763795e-04
2.460000e+03 -1.827458e-01 4.706521e-04
2.470000e+03 -1.822464e-01 4.790200e-04
2.480000e+03 -1.814818e-01 4.654757e-04
2.490000e+03 -1.809471e-01 4.697808e-04
2.500000e+03 -1.791854e-01 4.747417e-04
2.510000e+03 -1.797425e-01 4.707265e-04
2.520000e+03 -1.780103e-01 4.679360e-04
2.530000e+03 -1.761238e-01 4.684794e-04
2.540000e+03 -1.757988e-01 4.655244e-04
2.550000e+03 -1.743657e-01 4.664501e-04
2.560000e+03 -1.741660e-01 4.644151e-04
2.570000e+03 -1.734588e-01 4.697421e-04
2.580000e+03 -1.721335e-01 4.784101e-04
2.590000e+03 -1.717917e-01 4.688851e-04
2.600000e+03 -1.711903e-01 4.710686e-04
2.610000e+03 -1.710919e-01 4.596896e-04
2.620000e+03 -1.682300e-01 4.727492e-04
2.630000e+03 -1.685483e-01 4.597721e-04
2.640000e+03 -1.685065e-01 4.508302e-04
2.650000e+03 -1.669177e-01 4.620203e-04
2.660000e+03 -1.664000e-01 4.516582e-04
2.670000e+03 -1.657245e-01 4.577616e-04
2.680000e+03 -1.642773e-01 4.734388e-04
2.690000e+03 -1.639484e-01 4.585953e-04
2.700000e+03 -1.641584e-01 4.506072e-04
2.710000e+03 -1.627560e-01 4.637867e-04
2.720000e+03 -1.619333e-01 4.598594e-04
2.730000e+03 -1.610428e-01 4.567711e-04
2.740000e+03 -1.605063e-01 4.488628e-04
2.750000e+03 -1.596451e-01 4.568130e-04
2.760000e+03 -1.593847e-01 4.441499e-04
2.770000e+03 -1.589297e-01 4.447865e-04
2.780000e+03 -1.576428e-01 4.496998e-04
2.790000e+03 -1.569827e-01 4.467699e-04
2.800000e+03 -1.565559e-01 4.454616e-04
2.810000e+03 -1.564238e-01 4.386841e-04
2.820000e+03 -1.552724e-01 4.477338e-04
2.830000e+03 -1.544773e-01 4.504578e-04
2.840000e+03 -1.540380e-01 4.481307e-04
2.850000e+03 -1.528876e-01 4.539468e-04
2.860000e+03 -1.531933e-01 4.437895e-04
2.870000e+03 -1.514223e-01 4.517243e-04
2.880000e+03 -1.511371e-01 4.520295e-04
2.890000e+03 -1.505226e-01 4.429113e-04
2.900000e+03 -1.504569e-01 4.327687e-04
2.910000e+03 -1.494419e-01 4.404702e-04
2.920000e+03 -1.476503e-01 4.410588e-04
2.930000e+03 -1.485149e-01 4.378220e-04
2.940000e+03 -1.478454e-01 4.417645e-04
2.950000e+03 -1.464312e-01 4.461804e-04
2.960000e+03 -1.461711e-01 4.348614e-04
2.970000e+03 -1.458538e-01 4.393726e-04
2.980000e+03 -1.445175e-01 4.455255e-04
2.990000e+03 -1.436209e-01 4.349635e-04
4.725000e+02 -1.370952e-06 3.192124e-09
4.750000e+02 -3.867346e-05 8.993376e-08
4.775000e+02 -1.654021e-04 3.845383e-07
4.800000e+02 -4.188779e-04 1.001790e-06
4.825000e+02 -8.246993e-04 2.014338e-06
4.850000e+02 -1.405407e-03 3.347162e-06
4.875000e+02 -2.160169e-03 5.304642e-06
4.900000e+02 -3.136882e-03 7.483607e-06
4.925000e+02 -4.299157e-03 1.033546e-05
4.950000e+02 -5.688016e-03 1.376060e-05
4.975000e+02 -7.251091e-03 1.717861e-05
5.000000e+02 -9.005510e-03 2.176605e-05
5.025000e+02 -1.098225e-02 2.642887e-05
5.050000e+02 -1.310926e-02 3.209634e-05
5.075000e+02 -1.550650e-02 3.719575e-05
5.100000e+02 -1.800671e-02 4.328596e-05
5.125000e+02 -2.071386e-02 5.013286e-05
5.150000e+02 -2.353043e-02 5.779458e-05
5.175000e+02 -2.654484e-02 6.545270e-05
5.200000e+02 -2.976757e-02 7.236809e-05
5.225000e+02 -3.321670e-02 8.142767e-05
5.250000e+02 -3.641032e-02 8.865457e-05
5.275000e+02 -4.004392e-02 9.886377e-05
5.300000e+02 -4.388508e-02 1.077734e-04
5.325000e+02 -4.757845e-02 1.158999e-04
5.350000e+02 -5.138509e-02 1.266178e-04
5.375000e+02 -5.562579e-02 1.401298e-04
5.400000e+02 -5.955691e-02 1.438881e-04
5.425000e+02 -6.416274e-02 1.565619e-04
5.450000e+02 -6.784377e-02 1.673457e-04
5.475000e+02 -7.230057e-02 1.781141e-04
5.500000e+02 -7.668222e-02 1.900153e-04
5.525000e+02 -8.099970e-02 2.020617e-04
5.550000e+02 -8.546644e-02 2.163281e-04
5.575000e+02 -9.002919e-02 2.223013e-04
5.600000e+02 -9.435984e-02 2.336588e-04
5.625000e+02 -9.886215e-02 2.456224e-04
5.650000e+02 -1.035831e-01 2.587333e-04
5.675000e+02 -1.086186e-01 2.611658e-04
5.700000e+02 -1.129718e-01 2.760354e-04
5.725000e+02 -1.168771e-01 2.978777e-04
5.750000e+02 -1.218978e-01 3.126817e-04
5.775000e+02 -1.264422e-01 3.197223e-04
5.800000e+02 -1.315135e-01 3.271771e-04
5.825000e+02 -1.361368e-01 3.442764e-04
5.850000e+02 -1.403486e-01 3.538170e-04
5.875000e+02 -1.452368e-01 3.694664e-04
5.900000e+02 -1.489091e-01 3.765105e-04
5.925000e+02 -1.533880e-01 3.871610e-04
5.950000e+02 -1.592644e-01 4.036708e-04
5.975000e+02 -1.631535e-01 4.255129e-04
6.050000e+02 -1.766443e-01 4.506498e-04
6.100000e+02 -1.852172e-01 4.811361e-04
6.150000e+02 -1.944005e-01 4.994255e-04
6.200000e+02 -2.022453e-01 5.339440e-04
6.250000e+02 -2.109560e-01 5.472881e-04
6.300000e+02 -2.197176e-01 5.657929e-04
6.350000e+02 -2.262072e-01 5.881758e-04
6.400000e+02 -2.333736e-01 6.190645e-04
6.450000e+02 -2.426871e-01 6.404437e-04
6.500000e+02 -2.504430e-01 6.654148e-04
6.550000e+02 -2.577469e-01 6.753079e-04
6.600000e+02 -2.624752e-01 7.049905e-04
6.650000e+02 -2.695477e-01 7.170005e-04
6.700000e+02 -2.764624e-01 7.499744e-04
6.750000e+02 -2.839329e-01 7.690968e-04
6.800000e+02 -2.896527e-01 7.656761e-04
6.850000e+02 -2.940433e-01 7.897145e-04
6.900000e+02 -3.010848e-01 8.234721e-04
6.950000e+02 -3.070085e-01 8.377871e-04
7.000000e+02 -3.123486e-01 3.421928e-04
7.025000e+02 -3.152301e-01 3.437552e-04
7.050000e+02 -3.173007e-01 3.460913e-04
7.075000e+02 -3.200109e-01 3.524590e-04
7.100000e+02 -3.226218e-01 3.551853e-04
7.125000e+02 -3.248989e-01 3.571733e-04
7.150000e+02 -3.278668e-01 3.595775e-04
7.175000e+02 -3.304163e-01 3.647406e-04
7.200000e+02 -3.317654e-01 3.669533e-04
7.225000e+02 -3.346222e-01 3.696283e-04
7.250000e+02 -3.362533e-01 3.718251e-04
7.275000e+02 -3.384580e-01 3.776183e-04
7.300000e+02 -3.405832e-01 3.806648e-04
7.325000e+02 -3.428419e-01 3.803862e-04
7.350000e+02 -3.448273e-01 3.888370e-04
7.375000e+02 -3.467549e-01 3.871240e-04
7.400000e+02 -3.489273e-01 3.888849e-04
7.425000e+02 -3.510187e-01 3.914135e-04
7.450000e+02 -3.525538e-01 3.978933e-04
7.475000e+02 -3.543152e-01 3.963247e-04
7.500000e+02 -3.560959e-01 3.998126e-04
7.525000e+02 -3.579323e-01 4.059877e-04
7.550000e+02 -3.593963e-01 4.065433e-04
7.575000e+02 -3.614367e-01 4.074889e-04
7.600000e+02 -3.627205e-01 4.105318e-04
7.625000e+02 -3.649598e-01 4.098737e-04
7.650000e+02 -3.658065e-01 4.120939e-04
7.675000e+02 -3.678593e-01 4.179533e-04
7.700000e+02 -3.688597e-01 4.166439e-04
7.725000e+02 -3.693198e-01 4.179378e-04
7.750000e+02 -3.720726e-01 4.259794e-04
7.775000e+02 -3.731203e-01 4.217139e-04
7.800000e+02 -3.750863e-01 4.276080e-04
7.825000e+02 -3.759941e-01 4.271255e-04
7.850000e+02 -3.783112e-01 4.323044e-04
7.875000e+02 -3.783083e-01 4.366878e-04
7.900000e+02 -3.794502e-01 4.342701e-04
7.925000e+02 -3.812961e-01 4.365030e-04
7.950000e+02 -3.818326e-01 4.401584e-04
7.975000e+02 -3.827480e-01 4.415625e-04
8.000000e+02 -3.848020e-01 4.421784e-04
8.025000e+02 -3.859624e-01 4.432108e-04
8.050000e+02 -3.862679e-01 4.470644e-04
8.075000e+02 -3.888551e-01 4.497382e-04
8.100000e+02 -3.882278e-01 4.476794e-04
8.125000e+02 -3.898770e-01 4.508208e-04
8.150000e+02 -3.909668e-01 4.520526e-04
8.175000e+02 -3.910306e-01 4.552329e-04
8.200000e+02 -3.925961e-01 4.537459e-04
8.225000e+02 -3.925670e-01 4.603142e-04
8.250000e+02 -3.935382e-01 4.561609e-04
8.275000e+02 -3.948292e-01 4.577413e-04
8.300000e+02 -3.954303e-01 4.611787e-04
8.325000e+02 -3.970249e-01 4.548799e-04
8.350000e+02 -3.969387e-01 4.606186e-04
8.375000e+02 -3.987388e-01 4.703265e-04
8.400000e+02 -3.993837e-01 4.707980e-04
8.425000e+02 -3.988655e-01 4.714893e-04
8.450000e+02 -3.997244e-01 4.745072e-04
8.475000e+02 -4.007476e-01 4.712252e-04
8.500000e+02 -4.007078e-01 4.733293e-04
8.525000e+02 -4.014957e-01 4.753745e-04
8.550000e+02 -4.020867e-01 4.772208e-04
8.575000e+02 -4.027231e-01 4.791778e-04
8.600000e+02 -4.028043e-01 4.749181e-04
8.625000e+02 -4.033473e-01 4.804797e-04
8.650000e+02 -4.043282e-01 4.817013e-04
8.675000e+02 -4.046532e-01 4.834255e-04
8.700000e+02 -4.053059e-01 4.859746e-04
8.725000e+02 -4.058634e-01 4.882498e-04
8.750000e+02 -4.059101e-01 4.815383e-04
8.775000e+02 -4.058478e-01 4.899465e-04
8.800000e+02 -4.057777e-01 4.917503e-04
8.825000e+02 -4.064896e-01 4.910108e-04
8.850000e+02 -4.072912e-01 4.897797e-04
8.875000e+02 -4.078535e-01 4.875214e-04
8.900000e+02 -4.075292e-01 4.952810e-04
8.925000e+02 -4.080348e-01 4.936600e-04
8.950000e+02 -4.082128e-01 4.957109e-04
8.975000e+02 -4.069619e-01 4.972349e-04
9.000000e+02 -4.085826e-01 4.987717e-04
9.100000e+02 -4.093143e-01 4.952322e-04
9.200000e+02 -4.095209e-01 5.044952e-04
9.300000e+02 -4.104401e-01 5.093517e-04
9.400000e+02 -4.105778e-01 5.046751e-04
9.500000e+02 -4.101207e-01 5.074045e-04
9.600000e+02 -4.100137e-01 5.162930e-04
9.700000e+02 -4.103412e-01 5.142973e-04
9.800000e+02 -4.086721e-01 5.179997e-04
9.900000e+02 -4.086988e-01 5.188566e-04
