1.000000e+03 2.023383e+00 3.563553e-03
1.010000e+03 2.005672e+00 3.564194e-03
1.020000e+03 1.983222e+00 3.528325e-03
1.030000e+03 1.964224e+00 3.470390e-03
1.040000e+03 1.940067e+00 3.468368e-03
1.050000e+03 1.929463e+00 3.548217e-03
1.060000e+03 1.907388e+00 3.459741e-03
1.070000e+03 1.888034e+00 3.418093e-03
1.080000e+03 1.860226e+00 3.456191e-03
1.090000e+03 1.847065e+00 3.389322e-03
1.100000e+03 1.827916e+00 3.412731e-03
1.110000e+03 1.804090e+00 3.323738e-03
1.120000e+03 1.789242e+00 3.277722e-03
1.130000e+03 1.770473e+00 3.349845e-03
1.140000e+03 1.748032e+00 3.312914e-03
1.150000e+03 1.735066e+00 3.311171e-03
1.160000e+03 1.719105e+00 3.183863e-03
1.170000e+03 1.687848e+00 3.246807e-03
1.180000e+03 1.673694e+00 3.229838e-03
1.190000e+03 1.660389e+00 3.176134e-03
1.200000e+03 1.634340e+00 3.180859e-03
1.210000e+03 1.626102e+00 3.078843e-03
1.220000e+03 1.603197e+00 3.120107e-03
1.230000e+03 1.588651e+00 3.123761e-03
1.240000e+03 1.571155e+00 3.071711e-03
1.250000e+03 1.556057e+00 3.091173e-03
1.260000e+03 1.539025e+00 3.042991e-03
1.270000e+03 1.524083e+00 3.085214e-03
1.280000e+03 1.512405e+00 3.057758e-03
1.290000e+03 1.492771e+00 2.967190e-03
1.300000e+03 1.478586e+00 2.989317e-03
1.310000e+03 1.459593e+00 2.927948e-03
1.320000e+03 1.449165e+00 2.975995e-03
1.330000e+03 1.430544e+00 2.921422e-03
1.340000e+03 1.419729e+00 2.916790e-03
1.350000e+03 1.401495e+00 2.837242e-03
1.360000e+03 1.392392e+00 2.863839e-03
1.370000e+03 1.371985e+00 2.909121e-03
1.380000e+03 1.355089e+00 2.788197e-03
1.390000e+03 1.349068e+00 2.816115e-03
1.400000e+03 1.335629e+00 2.810628e-03
1.410000e+03 1.320588e+00 2.716762e-03
1.420000e+03 1.310471e+00 2.781790e-03
1.430000e+03 1.294467e+00 2.771268e-03
1.440000e+03 1.279220e+00 2.717466e-03
1.450000e+03 1.270949e+00 2.722666e-03
1.460000e+03 1.257253e+00 2.613565e-03
1.470000e+03 1.243571e+00 2.670364e-03
1.480000e+03 1.234217e+00 2.645134e-03
1.490000e+03 1.215429e+00 2.675403e-03
1.500000e+03 1.207998e+00 2.617918e-03
1.510000e+03 1.198895e+00 2.618908e-03
1.520000e+03 1.181164e+00 2.568466e-03
1.530000e+03 1.173815e+00 2.577541e-03
1.540000e+03 1.162018e+00 2.588181e-03
1.550000e+03 1.151748e+00 2.575446e-03
1.560000e+03 1.138426e+00 2.535680e-03
1.570000e+03 1.130430e+00 2.527022e-03
1.580000e+03 1.120110e+00 2.492228e-03
1.590000e+03 1.109419e+00 2.499977e-03
1.600000e+03 1.096242e+00 2.487747e-03
1.610000e+03 1.091758e+00 2.473103e-03
1.620000e+03 1.078326e+00 2.397045e-03
1.630000e+03 1.074873e+00 2.401919e-03
1.640000e+03 1.058127e+00 2.392664e-03
1.650000e+03 1.049803e+00 2.406054e-03
1.660000e+03 1.041806e+00 2.315959e-03
1.670000e+03 1.027727e+00 2.328592e-03
1.680000e+03 1.023669e+00 2.355308e-03
1.690000e+03 1.005368e+00 2.317774e-03
1.700000e+03 1.002068e+00 2.278371e-03
1.710000e+03 9.928381e-01 2.318358e-03
1.720000e+03 9.862283e-01 2.305932e-03
1.730000e+03 9.745885e-01 2.303055e-03
1.740000e+03 9.692265e-01 2.260890e-03
1.750000e+03 9.575494e-01 2.262308e-03
1.760000e+03 9.554372e-01 2.236576e-03
1.770000e+03 9.440959e-01 2.272550e-03
1.780000e+03 9.382962e-01 2.263761e-03
1.790000e+03 9.313064e-01 2.193079e-03
1.800000e+03 9.245351e-01 2.195383e-03
1.810000e+03 9.147362e-01 2.158724e-03
1.820000e+03 9.055685e-01 2.153377e-03
1.830000e+03 8.975131e-01 2.172642e-03
1.840000e+03 8.912502e-01 2.146014e-03
1.850000e+03 8.815052e-01 2.141712e-03
1.860000e+03 8.730672e-01 2.120625e-03
1.870000e+03 8.669130e-01 2.100300e-03
1.880000e+03 8.622351e-01 2.056802e-03
1.890000e+03 8.594381e-01 2.103963e-03
1.900000e+03 8.502178e-01 2.056054e-03
1.910000e+03 8.428364e-01 2.062667e-03
1.920000e+03 8.344355e-01 2.013902e-03
1.930000e+03 8.283287e-01 2.067324e-03
1.940000e+03 8.236344e-01 2.020073e-03
1.950000e+03 8.135000e-01 2.006330e-03
1.960000e+03 8.089050e-01 2.019987e-03
1.970000e+03 8.012226e-01 2.037336e-03
1.980000e+03 7.966188e-01 2.005577e-03
1.990000e+03 7.872323e-01 1.971173e-03
2.000000e+03 7.857963e-01 1.937618e-03
2.010000e+03 7.723644e-01 1.935589e-03
2.020000e+03 7.681380e-01 1.953744e-03
2.030000e+03 7.642156e-01 1.940569e-03
2.040000e+03 7.585305e-01 1.950778e-03
2.050000e+03 7.488732e-01 1.900596e-03
2.060000e+03 7.448483e-01 1.873550e-03
2.070000e+03 7.417732e-01 1.859128e-03
2.080000e+03 7.400689e-01 1.916059e-03
2.090000e+03 7.295437e-01 1.897108e-03
2.100000e+03 7.249316e-01 1.904584e-03
2.110000e+03 7.215620e-01 1.901973e-03
2.120000e+03 7.162629e-01 1.892157e-03
2.130000e+03 7.105791e-01 1.834065e-03
2.140000e+03 7.041921e-01 1.822936e-03
2.150000e+03 6.981074e-01 1.784773e-03
2.160000e+03 6.936722e-01 1.848217e-03
2.170000e+03 6.891656e-01 1.820824e-03
2.180000e+03 6.842104e-01 1.758960e-03
2.190000e+03 6.761609e-01 1.787969e-03
2.200000e+03 6.728988e-01 1.783183e-03
2.210000e+03 6.666198e-01 1.777182e-03
2.220000e+03 6.635399e-01 1.781026e-03
2.230000e+03 6.591332e-01 1.707114e-03
2.240000e+03 6.571577e-01 1.729258e-03
2.250000e+03 6.498503e-01 1.766944e-03
2.260000e+03 6.439113e-01 1.758047e-03
2.270000e+03 6.402123e-01 1.721851e-03
2.280000e+03 6.363689e-01 1.741450e-03
2.290000e+03 6.347051e-01 1.726983e-03
2.300000e+03 6.280470e-01 1.714279e-03
2.310000e+03 6.242534e-01 1.680838e-03
2.320000e+03 6.233950e-01 1.635479e-03
2.330000e+03 6.162061e-01 1.692699e-03
2.340000e+03 6.091565e-01 1.618582e-03
2.350000e+03 6.079450e-01 1.669699e-03
2.360000e+03 6.053134e-01 1.649604e-03
2.370000e+03 5.982935e-01 1.647176e-03
2.380000e+03 5.950558e-01 1.652563e-03
2.390000e+03 5.897472e-01 1.633165e-03
2.400000e+03 5.873833e-01 1.602357e-03
2.410000e+03 5.860438e-01 1.630558e-03
2.420000e+03 5.803227e-01 1.645990e-03
2.430000e+03 5.742741e-01 1.610944e-03
2.440000e+03 5.746815e-01 1.598844e-03
2.450000e+03 5.691970e-01 1.559565e-03
2.460000e+03 5.642562e-01 1.576260e-03
2.470000e+03 5.593682e-01 1.591324e-03
2.480000e+03 5.579180e-01 1.571525e-03
2.490000e+03 5.528057e-01 1.571872e-03
2.500000e+03 5.498760e-01 1.544343e-03
2.510000e+03 5.461491e-01 1.518332e-03
2.520000e+03 5.414641e-01 1.564530e-03
2.530000e+03 5.370909e-01 1.506263e-03
2.540000e+03 5.364578e-01 1.505943e-03
2.550000e+03 5.344381e-01 1.499664e-03
2.560000e+03 5.270247e-01 1.505305e-03
2.570000e+03 5.233341e-01 1.527316e-03
2.580000e+03 5.248465e-01 1.510566e-03
2.590000e+03 5.228638e-01 1.475440e-03
2.600000e+03 5.177498e-01 1.510905e-03
2.610000e+03 5.151874e-01 1.469603e-03
2.620000e+03 5.132695e-01 1.458304e-03
2.630000e+03 5.089001e-01 1.455935e-03
2.640000e+03 5.025006e-01 1.426270e-03
2.650000e+03 5.022081e-01 1.477898e-03
2.660000e+03 4.969828e-01 1.473523e-03
2.670000e+03 4.956314e-01 1.448714e-03
2.680000e+03 4.899981e-01 1.398403e-03
2.690000e+03 4.893017e-01 1.407432e-03
2.700000e+03 4.889283e-01 1.413717e-03
2.710000e+03 4.835514e-01 1.395695e-03
2.720000e+03 4.811013e-01 1.390611e-03
2.730000e+03 4.793678e-01 1.415364e-03
2.740000e+03 4.756206e-01 1.370540e-03
2.750000e+03 4.717498e-01 1.373768e-03
2.760000e+03 4.705223e-01 1.385580e-03
2.770000e+03 4.684743e-01 1.361904e-03
2.780000e+03 4.662141e-01 1.394374e-03
2.790000e+03 4.594910e-01 1.360955e-03
2.800000e+03 4.585483e-01 1.352699e-03
2.810000e+03 4.550227e-01 1.345272e-03
2.820000e+03 4.530895e-01 1.349832e-03
2.830000e+03 4.509983e-01 1.357919e-03
2.840000e+03 4.480322e-01 1.348480e-03
2.850000e+03 4.449407e-01 1.316187e-03
2.860000e+03 4.415950e-01 1.317331e-03
2.870000e+03 4.377041e-01 1.309789e-03
2.880000e+03 4.364798e-01 1.310858e-03
2.890000e+03 4.364020e-01 1.318256e-03
2.900000e+03 4.333834e-01 1.316007e-03
2.910000e+03 4.307484e-01 1.284060e-03
2.920000e+03 4.301825e-01 1.280701e-03
2.930000e+03 4.270399e-01 1.283865e-03
2.940000e+03 4.242289e-01 1.289411e-03
2.950000e+03 4.222647e-01 1.238774e-03
2.960000e+03 4.194759e-01 1.283900e-03
2.970000e+03 4.166530e-01 1.279453e-03
2.980000e+03 4.129374e-01 1.264413e-03
2.990000e+03 4.134915e-01 1.291703e-03
4.725000e+02 5.717777e-04 4.747055e-07
4.750000e+02 5.892345e-03 4.986839e-06
4.775000e+02 1.628574e-02 1.474115e-05
4.800000e+02 3.126806e-02 2.798475e-05
4.825000e+02 5.031435e-02 4.486027e-05
4.850000e+02 7.277868e-02 6.480035e-05
4.875000e+02 9.874269e-02 9.040906e-05
4.900000e+02 1.272566e-01 1.133785e-04
4.925000e+02 1.581739e-01 1.432561e-04
4.950000e+02 1.908857e-01 1.835570e-04
4.975000e+02 2.259816e-01 2.223126e-04
5.000000e+02 2.626523e-01 2.534550e-04
5.025000e+02 3.005847e-01 2.862073e-04
5.050000e+02 3.387971e-01 3.356270e-04
5.075000e+02 3.795597e-01 3.801897e-04
5.100000e+02 4.196311e-01 4.272189e-04
5.125000e+02 4.604347e-01 4.627751e-04
5.150000e+02 5.040430e-01 5.087810e-04
5.175000e+02 5.439239e-01 5.595324e-04
5.200000e+02 5.872760e-01 6.056957e-04
5.225000e+02 6.291458e-01 6.563110e-04
5.250000e+02 6.730637e-01 6.912231e-04
5.275000e+02 7.146416e-01 7.527445e-04
5.300000e+02 7.559425e-01 7.940457e-04
5.325000e+02 7.977854e-01 8.662107e-04
5.350000e+02 8.399240e-01 8.876787e-04
5.375000e+02 8.804349e-01 9.433493e-04
5.400000e+02 9.223624e-01 1.017999e-03
5.425000e+02 9.609783e-01 1.038730e-03
5.450000e+02 1.003223e+00 1.061847e-03
5.475000e+02 1.040865e+00 1.175048e-03
5.500000e+02 1.081280e+00 1.203290e-03
5.525000e+02 1.119001e+00 1.214663e-03
5.550000e+02 1.157446e+00 1.319600e-03
5.575000e+02 1.192678e+00 1.355561e-03
5.600000e+02 1.232752e+00 1.393449e-03
5.625000e+02 1.264434e+00 1.513967e-03
5.650000e+02 1.300531e+00 1.556440e-03
5.675000e+02 1.338877e+00 1.493038e-03
5.700000e+02 1.367901e+00 1.600102e-03
5.725000e+02 1.402459e+00 1.644436e-03
5.750000e+02 1.436821e+00 1.685248e-03
5.775000e+02 1.468540e+00 1.701737e-03
5.800000e+02 1.497503e+00 1.773486e-03
5.825000e+02 1.523728e+00 1.915938e-03
5.850000e+02 1.560027e+00 1.909012e-03
5.875000e+02 1.587478e+00 1.985170e-03
5.900000e+02 1.618021e+00 2.020713e-03
5.925000e+02 1.644966e+00 2.085037e-03
5.950000e+02 1.668926e+00 2.025178e-03
5.975000e+02 1.695502e+00 2.122616e-03
6.050000e+02 1.771165e+00 2.243823e-03
6.100000e+02 1.821015e+00 2.310503e-03
6.150000e+02 1.861321e+00 2.367841e-03
6.200000e+02 1.903476e+00 2.452894e-03
6.250000e+02 1.942748e+00 2.527397e-03
6.300000e+02 1.980635e+00 2.576525e-03
6.350000e+02 2.010319e+00 2.766186e-03
6.400000e+02 2.047635e+00 2.811739e-03
6.450000e+02 2.078338e+00 2.863939e-03
6.500000e+02 2.102616e+00 2.893706e-03
6.550000e+02 2.132258e+00 2.984488e-03
6.600000e+02 2.157053e+00 3.044246e-03
6.650000e+02 2.182683e+00 3.125571e-03
6.700000e+02 2.203363e+00 3.106544e-03
6.750000e+02 2.218331e+00 3.181782e-03
6.800000e+02 2.239924e+00 3.289834e-03
6.850000e+02 2.258914e+00 3.295568e-03
6.900000e+02 2.275209e+00 3.277156e-03
6.950000e+02 2.285758e+00 3.393662e-03
7.000000e+02 2.297617e+00 3.066289e-03
7.025000e+02 2.297665e+00 3.151402e-03
7.050000e+02 2.310986e+00 3.129827e-03
7.075000e+02 2.315524e+00 3.128416e-03
7.100000e+02 2.323340e+00 3.123489e-03
7.125000e+02 2.319088e+00 3.095246e-03
7.150000e+02 2.326302e+00 3.182866e-03
7.175000e+02 2.327200e+00 3.293586e-03
7.200000e+02 2.328815e+00 3.193113e-03
7.225000e+02 2.345374e+00 3.118660e-03
7.250000e+02 2.344968e+00 3.272407e-03
7.275000e+02 2.352586e+00 3.268025e-03
7.300000e+02 2.351893e+00 3.245942e-03
7.325000e+02 2.352443e+00 3.297308e-03
7.350000e+02 2.362181e+00 3.286701e-03
7.375000e+02 2.361317e+00 3.241862e-03
7.400000e+02 2.364212e+00 3.322689e-03
7.425000e+02 2.361694e+00 3.355962e-03
7.450000e+02 2.361945e+00 3.364988e-03
7.475000e+02 2.362973e+00 3.361173e-03
7.500000e+02 2.371202e+00 3.428453e-03
7.525000e+02 2.360747e+00 3.471552e-03
7.550000e+02 2.371657e+00 3.455251e-03
7.575000e+02 2.363551e+00 3.421088e-03
7.600000e+02 2.365987e+00 3.432529e-03
7.625000e+02 2.368604e+00 3.409286e-03
7.650000e+02 2.374240e+00 3.391086e-03
7.675000e+02 2.365050e+00 3.389137e-03
7.700000e+02 2.372809e+00 3.434404e-03
7.725000e+02 2.362897e+00 3.454666e-03
7.750000e+02 2.368690e+00 3.503660e-03
7.775000e+02 2.370020e+00 3.480457e-03
7.800000e+02 2.372376e+00 3.485914e-03
7.825000e+02 2.369222e+00 3.430125e-03
7.850000e+02 2.368887e+00 3.495939e-03
7.875000e+02 2.364155e+00 3.604789e-03
7.900000e+02 2.357079e+00 3.483276e-03
7.925000e+02 2.358928e+00 3.517334e-03
7.950000e+02 2.359300e+00 3.530094e-03
7.975000e+02 2.353738e+00 3.498144e-03
8.000000e+02 2.354169e+00 3.499503e-03
8.025000e+02 2.353942e+00 3.577902e-03
8.050000e+02 2.352087e+00 3.631521e-03
8.075000e+02 2.347601e+00 3.599591e-03
8.100000e+02 2.348638e+00 3.553709e-03
8.125000e+02 2.345139e+00 3.511831e-03
8.150000e+02 2.342888e+00 3.617652e-03
8.175000e+02 2.344113e+00 3.624850e-03
8.200000e+02 2.344729e+00 3.621162e-03
8.225000e+02 2.333586e+00 3.570675e-03
8.250000e+02 2.328170e+00 3.652656e-03
8.275000e+02 2.329379e+00 3.584079e-03
8.300000e+02 2.329628e+00 3.598382e-03
8.325000e+02 2.316489e+00 3.581952e-03
8.350000e+02 2.313387e+00 3.584600e-03
8.375000e+02 2.316139e+00 3.573703e-03
8.400000e+02 2.313305e+00 3.591319e-03
8.425000e+02 2.305664e+00 3.630512e-03
8.450000e+02 2.304610e+00 3.550998e-03
8.475000e+02 2.301117e+00 3.672081e-03
8.500000e+02 2.298205e+00 3.699445e-03
8.525000e+02 2.299814e+00 3.638158e-03
8.550000e+02 2.292082e+00 3.614055e-03
8.575000e+02 2.290968e+00 3.648147e-03
8.600000e+02 2.288313e+00 3.589765e-03
8.625000e+02 2.285019e+00 3.575152e-03
8.650000e+02 2.284148e+00 3.638194e-03
8.675000e+02 2.277721e+00 3.548862e-03
8.700000e+02 2.274737e+00 3.593485e-03
8.725000e+02 2.265177e+00 3.644137e-03
8.750000e+02 2.264084e+00 3.619810e-03
8.775000e+02 2.255036e+00 3.619422e-03
8.800000e+02 2.254541e+00 3.550959e-03
8.825000e+02 2.242945e+00 3.655787e-03
8.850000e+02 2.243945e+00 3.586646e-03
8.875000e+02 2.240548e+00 3.744503e-03
8.900000e+02 2.240192e+00 3.695427e-03
8.925000e+02 2.233768e+00 3.682995e-03
8.950000e+02 2.226302e+00 3.545763e-03
8.975000e+02 2.218250e+00 3.548979e-03
9.000000e+02 2.223625e+00 3.664467e-03
9.100000e+02 2.201892e+00 3.643590e-03
9.200000e+02 2.190414e+00 3.562520e-03
9.300000e+02 2.164858e+00 3.642153e-03
9.400000e+02 2.141761e+00 3.656416e-03
9.500000e+02 2.122800e+00 3.547475e-03
9.600000e+02 2.103752e+00 3.643062e-03
9.700000e+02 2.085954e+00 3.637193e-03
9.800000e+02 2.068282e+00 3.601667e-03
9.900000e+02 2.043456e+00 3.509300e-03
