1.000000e+03 -4.438177e-01 2.243885e-04
1.000000e+03 -4.437769e-01 2.227931e-04
1.000000e+03 -4.439842e-01 2.249247e-04
1.000000e+03 -4.441758e-01 2.247694e-04
1.000000e+03 -4.442114e-01 2.246355e-04
1.000000e+03 -4.440795e-01 2.242546e-04
1.000000e+03 -4.441837e-01 2.244628e-04
1.000000e+03 -4.442406e-01 2.242766e-04
1.000000e+03 -4.435495e-01 2.247488e-04
1.000000e+03 -4.437187e-01 2.237591e-04
1.000000e+03 -4.440194e-01 2.242009e-04
1.000000e+03 -4.435414e-01 2.247410e-04
1.000000e+03 -4.436979e-01 2.238529e-04
1.000000e+03 -4.435265e-01 2.225864e-04
1.000000e+03 -4.434927e-01 2.238505e-04
1.000000e+03 -4.437602e-01 2.238620e-04
1.000000e+03 -4.442742e-01 2.255307e-04
1.000000e+03 -4.437699e-01 2.236195e-04
1.000000e+03 -4.437352e-01 2.238204e-04
1.000000e+03 -4.440377e-01 2.240410e-04
1.000000e+03 -4.440971e-01 2.241908e-04
1.000000e+03 -4.434322e-01 2.243174e-04
1.000000e+03 -4.439904e-01 2.240987e-04
1.000000e+03 -4.437636e-01 2.240611e-04
1.000000e+03 -4.442229e-01 2.244299e-04
1.200000e+03 -4.080349e-01 2.302041e-04
1.200000e+03 -4.079232e-01 2.306327e-04
1.200000e+03 -4.082376e-01 2.312096e-04
1.200000e+03 -4.081267e-01 2.309933e-04
1.200000e+03 -4.079213e-01 2.299730e-04
1.200000e+03 -4.081554e-01 2.301221e-04
1.200000e+03 -4.081975e-01 2.313735e-04
1.200000e+03 -4.081965e-01 2.302274e-04
1.200000e+03 -4.079224e-01 2.299196e-04
1.200000e+03 -4.077865e-01 2.303235e-04
1.200000e+03 -4.079134e-01 2.306200e-04
1.200000e+03 -4.084738e-01 2.301490e-04
1.200000e+03 -4.080396e-01 2.311213e-04
1.200000e+03 -4.083154e-01 2.309059e-04
1.200000e+03 -4.076397e-01 2.304950e-04
1.200000e+03 -4.081312e-01 2.307022e-04
1.200000e+03 -4.078190e-01 2.301934e-04
1.200000e+03 -4.083815e-01 2.314731e-04
1.200000e+03 -4.085200e-01 2.307800e-04
1.200000e+03 -4.086158e-01 2.305303e-04
1.200000e+03 -4.081944e-01 2.302895e-04
1.200000e+03 -4.082481e-01 2.310319e-04
1.200000e+03 -4.080253e-01 2.304600e-04
1.200000e+03 -4.081316e-01 2.311356e-04
1.200000e+03 -4.079773e-01 2.313403e-04
1.400000e+03 -3.624263e-01 2.295373e-04
1.400000e+03 -3.618835e-01 2.295869e-04
1.400000e+03 -3.622766e-01 2.301314e-04
1.400000e+03 -3.630520e-01 2.286788e-04
1.400000e+03 -3.627166e-01 2.290641e-04
1.400000e+03 -3.624561e-01 2.296289e-04
1.400000e+03 -3.621604e-01 2.285223e-04
1.400000e+03 -3.625059e-01 2.294835e-04
1.400000e+03 -3.623412e-01 2.295051e-04
1.400000e+03 -3.627719e-01 2.286124e-04
1.400000e+03 -3.625762e-01 2.294120e-04
1.400000e+03 -3.623467e-01 2.297741e-04
1.400000e+03 -3.627353e-01 2.295342e-04
1.400000e+03 -3.624879e-01 2.301572e-04
1.400000e+03 -3.621442e-01 2.285722e-04
1.400000e+03 -3.626420e-01 2.292413e-04
1.400000e+03 -3.626272e-01 2.289626e-04
1.400000e+03 -3.625156e-01 2.298090e-04
1.400000e+03 -3.624914e-01 2.291085e-04
1.400000e+03 -3.624017e-01 2.290904e-04
1.400000e+03 -3.621666e-01 2.289592e-04
1.400000e+03 -3.626656e-01 2.299446e-04
1.400000e+03 -3.623734e-01 2.296377e-04
1.400000e+03 -3.623976e-01 2.300478e-04
1.400000e+03 -3.622962e-01 2.290443e-04
1.600000e+03 -3.201146e-01 2.260825e-04
1.600000e+03 -3.202575e-01 2.261672e-04
1.600000e+03 -3.198724e-01 2.272892e-04
1.600000e+03 -3.203660e-01 2.245636e-04
1.600000e+03 -3.200048e-01 2.265981e-04
1.600000e+03 -3.200459e-01 2.261158e-04
1.600000e+03 -3.201318e-01 2.270388e-04
1.600000e+03 -3.203110e-01 2.248943e-04
1.600000e+03 -3.203574e-01 2.256122e-04
1.600000e+03 -3.203948e-01 2.260530e-04
1.600000e+03 -3.200974e-01 2.260335e-04
1.600000e+03 -3.202457e-01 2.246855e-04
1.600000e+03 -3.202479e-01 2.264625e-04
1.600000e+03 -3.200991e-01 2.264197e-04
1.600000e+03 -3.201198e-01 2.252394e-04
1.600000e+03 -3.201846e-01 2.273834e-04
1.600000e+03 -3.203451e-01 2.259049e-04
1.600000e+03 -3.201721e-01 2.260437e-04
1.600000e+03 -3.207414e-01 2.266083e-04
1.600000e+03 -3.201230e-01 2.265986e-04
1.600000e+03 -3.200462e-01 2.266466e-04
1.600000e+03 -3.206377e-01 2.263215e-04
1.600000e+03 -3.202602e-01 2.256561e-04
1.600000e+03 -3.200210e-01 2.272160e-04
1.600000e+03 -3.200589e-01 2.260261e-04
1.800000e+03 -2.839554e-01 2.204875e-04
1.800000e+03 -2.834316e-01 2.212917e-04
1.800000e+03 -2.838054e-01 2.222056e-04
1.800000e+03 -2.836280e-01 2.217204e-04
1.800000e+03 -2.836944e-01 2.213744e-04
1.800000e+03 -2.834311e-01 2.205833e-04
1.800000e+03 -2.840291e-01 2.206433e-04
1.800000e+03 -2.836637e-01 2.213076e-04
1.800000e+03 -2.840299e-01 2.200019e-04
1.800000e+03 -2.838328e-01 2.209482e-04
1.800000e+03 -2.835152e-01 2.224008e-04
1.800000e+03 -2.833387e-01 2.211984e-04
1.800000e+03 -2.840103e-01 2.204654e-04
1.800000e+03 -2.837295e-01 2.220609e-04
1.800000e+03 -2.840936e-01 2.209808e-04
1.800000e+03 -2.841231e-01 2.210838e-04
1.800000e+03 -2.833282e-01 2.216641e-04
1.800000e+03 -2.838277e-01 2.204151e-04
1.800000e+03 -2.837380e-01 2.206383e-04
1.800000e+03 -2.830398e-01 2.207823e-04
1.800000e+03 -2.837441e-01 2.217470e-04
1.800000e+03 -2.835271e-01 2.208970e-04
1.800000e+03 -2.836009e-01 2.214962e-04
1.800000e+03 -2.837633e-01 2.216262e-04
1.800000e+03 -2.841848e-01 2.217370e-04
2.000000e+03 -2.532739e-01 2.167284e-04
2.000000e+03 -2.532532e-01 2.151047e-04
2.000000e+03 -2.527879e-01 2.171040e-04
2.000000e+03 -2.529754e-01 2.150502e-04
2.000000e+03 -2.529588e-01 2.156101e-04
2.000000e+03 -2.529552e-01 2.162615e-04
2.000000e+03 -2.532712e-01 2.153631e-04
2.000000e+03 -2.532444e-01 2.167815e-04
2.000000e+03 -2.528065e-01 2.170150e-04
2.000000e+03 -2.531359e-01 2.152866e-04
2.000000e+03 -2.528929e-01 2.156822e-04
2.000000e+03 -2.530109e-01 2.160196e-04
2.000000e+03 -2.528290e-01 2.174974e-04
2.000000e+03 -2.530931e-01 2.158533e-04
2.000000e+03 -2.530744e-01 2.153857e-04
2.000000e+03 -2.531311e-01 2.161381e-04
2.000000e+03 -2.529559e-01 2.164611e-04
2.000000e+03 -2.527353e-01 2.157564e-04
2.000000e+03 -2.532451e-01 2.147268e-04
2.000000e+03 -2.529740e-01 2.153022e-04
2.000000e+03 -2.531219e-01 2.156384e-04
2.000000e+03 -2.528999e-01 2.160166e-04
2.000000e+03 -2.530183e-01 2.158048e-04
2.000000e+03 -2.532331e-01 2.168131e-04
2.000000e+03 -2.529735e-01 2.160730e-04
2.200000e+03 -2.272490e-01 2.098779e-04
2.200000e+03 -2.273799e-01 2.097353e-04
2.200000e+03 -2.273363e-01 2.098177e-04
2.200000e+03 -2.274695e-01 2.093492e-04
2.200000e+03 -2.274105e-01 2.092269e-04
2.200000e+03 -2.270835e-01 2.094537e-04
2.200000e+03 -2.270630e-01 2.102287e-04
2.200000e+03 -2.272848e-01 2.101429e-04
2.200000e+03 -2.273890e-01 2.100226e-04
2.200000e+03 -2.269073e-01 2.097128e-04
2.200000e+03 -2.270521e-01 2.104503e-04
2.200000e+03 -2.275697e-01 2.090027e-04
2.200000e+03 -2.270511e-01 2.111301e-04
2.200000e+03 -2.272202e-01 2.114442e-04
2.200000e+03 -2.269245e-01 2.105825e-04
2.200000e+03 -2.271409e-01 2.090138e-04
2.200000e+03 -2.271166e-01 2.103456e-04
2.200000e+03 -2.270590e-01 2.104969e-04
2.200000e+03 -2.273033e-01 2.102678e-04
2.200000e+03 -2.265844e-01 2.105649e-04
2.200000e+03 -2.268607e-01 2.114601e-04
2.200000e+03 -2.274032e-01 2.088407e-04
2.200000e+03 -2.275990e-01 2.090215e-04
2.200000e+03 -2.274820e-01 2.108419e-04
2.200000e+03 -2.271282e-01 2.104809e-04
2.400000e+03 -2.051129e-01 2.048318e-04
2.400000e+03 -2.047414e-01 2.056476e-04
2.400000e+03 -2.052564e-01 2.025224e-04
2.400000e+03 -2.052825e-01 2.049618e-04
2.400000e+03 -2.051787e-01 2.054373e-04
2.400000e+03 -2.057670e-01 2.026001e-04
2.400000e+03 -2.049327e-01 2.045033e-04
2.400000e+03 -2.053631e-01 2.050099e-04
2.400000e+03 -2.052202e-01 2.034043e-04
2.400000e+03 -2.054696e-01 2.031555e-04
2.400000e+03 -2.053221e-01 2.046082e-04
2.400000e+03 -2.051804e-01 2.042925e-04
2.400000e+03 -2.052228e-01 2.039127e-04
2.400000e+03 -2.047495e-01 2.071997e-04
2.400000e+03 -2.051880e-01 2.040781e-04
2.400000e+03 -2.050986e-01 2.043875e-04
2.400000e+03 -2.054143e-01 2.039345e-04
2.400000e+03 -2.051762e-01 2.031300e-04
2.400000e+03 -2.053768e-01 2.040493e-04
2.400000e+03 -2.053520e-01 2.023226e-04
2.400000e+03 -2.052653e-01 2.052529e-04
2.400000e+03 -2.052802e-01 2.040685e-04
2.400000e+03 -2.057524e-01 2.037135e-04
2.400000e+03 -2.052613e-01 2.029260e-04
2.400000e+03 -2.053075e-01 2.033255e-04
2.600000e+03 -1.863458e-01 1.992826e-04
2.600000e+03 -1.867204e-01 1.987129e-04
2.600000e+03 -1.867032e-01 1.984489e-04
2.600000e+03 -1.867229e-01 1.978759e-04
2.600000e+03 -1.860701e-01 1.980773e-04
2.600000e+03 -1.868206e-01 1.980848e-04
2.600000e+03 -1.864062e-01 1.991700e-04
2.600000e+03 -1.862336e-01 1.996100e-04
2.600000e+03 -1.869424e-01 1.958268e-04
2.600000e+03 -1.868347e-01 1.973274e-04
2.600000e+03 -1.867104e-01 1.970407e-04
2.600000e+03 -1.869046e-01 1.974216e-04
2.600000e+03 -1.868179e-01 1.975746e-04
2.600000e+03 -1.865490e-01 1.991431e-04
2.600000e+03 -1.865607e-01 1.977936e-04
2.600000e+03 -1.866368e-01 1.985813e-04
2.600000e+03 -1.866554e-01 1.978845e-04
2.600000e+03 -1.865753e-01 1.980242e-04
2.600000e+03 -1.864574e-01 1.979167e-04
2.600000e+03 -1.864027e-01 1.983995e-04
2.600000e+03 -1.868811e-01 1.967119e-04
2.600000e+03 -1.870327e-01 1.973734e-04
2.600000e+03 -1.867103e-01 1.988196e-04
2.600000e+03 -1.864854e-01 1.980174e-04
2.600000e+03 -1.866173e-01 1.991683e-04
2.800000e+03 -1.704278e-01 1.921086e-04
2.800000e+03 -1.705838e-01 1.924941e-04
2.800000e+03 -1.706187e-01 1.916367e-04
2.800000e+03 -1.706966e-01 1.909110e-04
2.800000e+03 -1.708405e-01 1.909458e-04
2.800000e+03 -1.703682e-01 1.899791e-04
2.800000e+03 -1.705263e-01 1.941720e-04
2.800000e+03 -1.708505e-01 1.913435e-04
2.800000e+03 -1.708180e-01 1.921856e-04
2.800000e+03 -1.705721e-01 1.915666e-04
2.800000e+03 -1.708313e-01 1.917328e-04
2.800000e+03 -1.707805e-01 1.908553e-04
2.800000e+03 -1.705681e-01 1.925429e-04
2.800000e+03 -1.709555e-01 1.928369e-04
2.800000e+03 -1.704599e-01 1.940058e-04
2.800000e+03 -1.708917e-01 1.933545e-04
2.800000e+03 -1.707000e-01 1.910896e-04
2.800000e+03 -1.703555e-01 1.916250e-04
2.800000e+03 -1.705342e-01 1.920152e-04
2.800000e+03 -1.705114e-01 1.916561e-04
2.800000e+03 -1.708104e-01 1.907920e-04
2.800000e+03 -1.705314e-01 1.927708e-04
2.800000e+03 -1.706049e-01 1.920106e-04
2.800000e+03 -1.704790e-01 1.933444e-04
2.800000e+03 -1.709706e-01 1.916950e-04
3.000000e+03 -1.568128e-01 1.847530e-04
3.000000e+03 -1.568081e-01 1.871001e-04
3.000000e+03 -1.568208e-01 1.853891e-04
3.000000e+03 -1.568777e-01 1.856303e-04
3.000000e+03 -1.567943e-01 1.858727e-04
3.000000e+03 -1.564962e-01 1.870405e-04
3.000000e+03 -1.570321e-01 1.863479e-04
3.000000e+03 -1.565748e-01 1.858348e-04
3.000000e+03 -1.568009e-01 1.861051e-04
3.000000e+03 -1.564403e-01 1.863455e-04
3.000000e+03 -1.567150e-01 1.858722e-04
3.000000e+03 -1.569395e-01 1.861218e-04
3.000000e+03 -1.568995e-01 1.849601e-04
3.000000e+03 -1.567094e-01 1.856790e-04
3.000000e+03 -1.567864e-01 1.868498e-04
3.000000e+03 -1.567987e-01 1.856639e-04
3.000000e+03 -1.569575e-01 1.876202e-04
3.000000e+03 -1.569239e-01 1.856798e-04
3.000000e+03 -1.566104e-01 1.862159e-04
3.000000e+03 -1.569909e-01 1.847166e-04
3.000000e+03 -1.564638e-01 1.861967e-04
3.000000e+03 -1.568909e-01 1.873789e-04
3.000000e+03 -1.567901e-01 1.859571e-04
3.000000e+03 -1.569441e-01 1.834456e-04
3.000000e+03 -1.568738e-01 1.867314e-04
4.720000e+02 -2.636940e-07 1.010388e-10
4.720000e+02 -2.636873e-07 1.009897e-10
4.720000e+02 -2.636565e-07 1.006657e-10
4.720000e+02 -2.638092e-07 1.008963e-10
4.720000e+02 -2.637278e-07 1.131859e-10
4.720000e+02 -2.638781e-07 1.022913e-10
4.720000e+02 -2.636837e-07 1.010763e-10
4.720000e+02 -2.637700e-07 1.007885e-10
4.720000e+02 -2.636548e-07 1.011378e-10
4.720000e+02 -2.637433e-07 1.010745e-10
4.720000e+02 -2.638632e-07 1.007296e-10
4.720000e+02 -2.638271e-07 1.010044e-10
4.720000e+02 -2.638135e-07 1.013008e-10
4.720000e+02 -2.639094e-07 1.007820e-10
4.720000e+02 -2.638578e-07 1.026221e-10
4.720000e+02 -2.639223e-07 1.005501e-10
4.720000e+02 -2.637388e-07 1.009738e-10
4.720000e+02 -2.637346e-07 1.013492e-10
4.720000e+02 -2.636369e-07 1.006925e-10
4.720000e+02 -2.638273e-07 1.010399e-10
4.720000e+02 -2.637425e-07 1.009530e-10
4.720000e+02 -2.635927e-07 1.011531e-10
4.720000e+02 -2.638706e-07 1.005172e-10
4.720000e+02 -2.637816e-07 1.010649e-10
4.720000e+02 -2.636482e-07 1.010882e-10
4.730000e+02 -4.312757e-06 1.654016e-09
4.730000e+02 -4.309163e-06 1.644619e-09
4.730000e+02 -4.311038e-06 1.653991e-09
4.730000e+02 -4.307563e-06 1.651479e-09
4.730000e+02 -4.311452e-06 1.649309e-09
4.730000e+02 -4.311221e-06 1.647969e-09
4.730000e+02 -4.312309e-06 1.644604e-09
4.730000e+02 -4.308500e-06 1.652544e-09
4.730000e+02 -4.311958e-06 1.648645e-09
4.730000e+02 -4.311505e-06 1.648958e-09
4.730000e+02 -4.310823e-06 1.649853e-09
4.730000e+02 -4.309888e-06 1.651676e-09
4.730000e+02 -4.310537e-06 1.647579e-09
4.730000e+02 -4.309019e-06 1.648100e-09
4.730000e+02 -4.310101e-06 1.654964e-09
4.730000e+02 -4.308824e-06 1.653206e-09
4.730000e+02 -4.306610e-06 1.651927e-09
4.730000e+02 -4.304979e-06 1.652047e-09
4.730000e+02 -4.313248e-06 1.650074e-09
4.730000e+02 -4.312177e-06 1.648651e-09
4.730000e+02 -4.306754e-06 1.652436e-09
4.730000e+02 -4.309279e-06 1.645338e-09
4.730000e+02 -4.305888e-06 2.478292e-09
4.730000e+02 -4.311933e-06 1.646360e-09
4.730000e+02 -4.305740e-06 1.649395e-09
4.740000e+02 -1.692400e-05 6.482897e-09
4.740000e+02 -1.692873e-05 6.499254e-09
4.740000e+02 -1.692645e-05 6.498326e-09
4.740000e+02 -1.693469e-05 6.495920e-09
4.740000e+02 -1.693265e-05 6.487881e-09
4.740000e+02 -1.692794e-05 6.502374e-09
4.740000e+02 -1.694416e-05 6.492206e-09
4.740000e+02 -1.692882e-05 6.491331e-09
4.740000e+02 -1.691951e-05 6.489781e-09
4.740000e+02 -1.693316e-05 6.491288e-09
4.740000e+02 -1.692028e-05 6.521825e-09
4.740000e+02 -1.692585e-05 6.497363e-09
4.740000e+02 -1.693418e-05 6.499219e-09
4.740000e+02 -1.693807e-05 6.479539e-09
4.740000e+02 -1.692418e-05 6.507635e-09
4.740000e+02 -1.692246e-05 6.491802e-09
4.740000e+02 -1.693275e-05 6.485900e-09
4.740000e+02 -1.693149e-05 6.530825e-09
4.740000e+02 -1.692402e-05 6.490232e-09
4.740000e+02 -1.692927e-05 6.483663e-09
4.740000e+02 -1.692045e-05 6.526825e-09
4.740000e+02 -1.692958e-05 6.489500e-09
4.740000e+02 -1.692937e-05 6.479191e-09
4.740000e+02 -1.693386e-05 6.481696e-09
4.740000e+02 -1.692068e-05 6.545222e-09
4.750000e+02 -4.204484e-05 1.612702e-08
4.750000e+02 -4.201079e-05 1.610507e-08
4.750000e+02 -4.202186e-05 1.610342e-08
4.750000e+02 -4.203072e-05 1.613958e-08
4.750000e+02 -4.201521e-05 1.612881e-08
4.750000e+02 -4.205985e-05 1.609583e-08
4.750000e+02 -4.203321e-05 1.616760e-08
4.750000e+02 -4.202491e-05 1.607227e-08
4.750000e+02 -4.203678e-05 1.613560e-08
4.750000e+02 -4.203619e-05 1.609756e-08
4.750000e+02 -4.203040e-05 1.609020e-08
4.750000e+02 -4.203724e-05 1.610884e-08
4.750000e+02 -4.201764e-05 1.609631e-08
4.750000e+02 -4.201839e-05 1.611447e-08
4.750000e+02 -4.203598e-05 1.614337e-08
4.750000e+02 -4.204228e-05 1.613853e-08
4.750000e+02 -4.203532e-05 1.608496e-08
4.750000e+02 -4.204254e-05 1.613554e-08
4.750000e+02 -4.202980e-05 1.611137e-08
4.750000e+02 -4.201845e-05 1.617408e-08
4.750000e+02 -4.202707e-05 1.611376e-08
4.750000e+02 -4.201908e-05 1.610897e-08
4.750000e+02 -4.202181e-05 1.616920e-08
4.750000e+02 -4.202526e-05 1.608626e-08
4.750000e+02 -4.204839e-05 1.609031e-08
4.760000e+02 -8.294462e-05 3.171194e-08
4.760000e+02 -8.293742e-05 3.179301e-08
4.760000e+02 -8.287090e-05 3.184962e-08
4.760000e+02 -8.286297e-05 3.185082e-08
4.760000e+02 -8.289393e-05 3.182581e-08
4.760000e+02 -8.288396e-05 3.179120e-08
4.760000e+02 -8.293919e-05 3.170355e-08
4.760000e+02 -8.289733e-05 3.185933e-08
4.760000e+02 -8.292580e-05 3.171736e-08
4.760000e+02 -8.290138e-05 3.184362e-08
4.760000e+02 -8.290455e-05 3.187829e-08
4.760000e+02 -8.294314e-05 3.183136e-08
4.760000e+02 -8.291650e-05 3.191075e-08
4.760000e+02 -8.286001e-05 3.181895e-08
4.760000e+02 -8.290994e-05 3.184257e-08
4.760000e+02 -8.291063e-05 3.186612e-08
4.760000e+02 -8.292077e-05 3.184984e-08
4.760000e+02 -8.292457e-05 3.177631e-08
4.760000e+02 -8.294499e-05 3.176672e-08
4.760000e+02 -8.289590e-05 3.182873e-08
4.760000e+02 -8.290829e-05 3.181556e-08
4.760000e+02 -8.291012e-05 3.183613e-08
4.760000e+02 -8.289626e-05 3.200141e-08
4.760000e+02 -8.288979e-05 3.177828e-08
4.760000e+02 -8.297603e-05 3.197125e-08
4.770000e+02 -1.423720e-04 6.019441e-08
4.770000e+02 -1.423571e-04 5.477252e-08
4.770000e+02 -1.424269e-04 5.471543e-08
4.770000e+02 -1.424541e-04 5.470579e-08
4.770000e+02 -1.424882e-04 5.472980e-08
4.770000e+02 -1.423856e-04 5.456439e-08
4.770000e+02 -1.424272e-04 5.485511e-08
4.770000e+02 -1.424599e-04 5.481019e-08
4.770000e+02 -1.423500e-04 5.477158e-08
4.770000e+02 -1.422565e-04 5.478214e-08
4.770000e+02 -1.424022e-04 5.474507e-08
4.770000e+02 -1.423656e-04 5.479047e-08
4.770000e+02 -1.424185e-04 5.478542e-08
4.770000e+02 -1.424597e-04 5.453904e-08
4.770000e+02 -1.424297e-04 5.466315e-08
4.770000e+02 -1.424540e-04 5.469480e-08
4.770000e+02 -1.424198e-04 5.485247e-08
4.770000e+02 -1.424914e-04 5.465133e-08
4.770000e+02 -1.423648e-04 5.460356e-08
4.770000e+02 -1.424171e-04 5.458256e-08
4.770000e+02 -1.424134e-04 5.462742e-08
4.770000e+02 -1.424157e-04 5.475192e-08
4.770000e+02 -1.424304e-04 5.485775e-08
4.770000e+02 -1.424239e-04 5.477562e-08
4.770000e+02 -1.424689e-04 5.459207e-08
4.780000e+02 -2.231506e-04 8.575604e-08
4.780000e+02 -2.231006e-04 8.570500e-08
4.780000e+02 -2.230898e-04 8.564590e-08
4.780000e+02 -2.232077e-04 8.590931e-08
4.780000e+02 -2.231280e-04 8.568400e-08
4.780000e+02 -2.230264e-04 8.565888e-08
4.780000e+02 -2.230889e-04 8.570655e-08
4.780000e+02 -2.230398e-04 8.558621e-08
4.780000e+02 -2.230663e-04 8.587613e-08
4.780000e+02 -2.231599e-04 8.573466e-08
4.780000e+02 -2.229733e-04 8.567080e-08
4.780000e+02 -2.231286e-04 8.540453e-08
4.780000e+02 -2.231236e-04 8.578995e-08
4.780000e+02 -2.231605e-04 8.601066e-08
4.780000e+02 -2.231329e-04 8.543275e-08
4.780000e+02 -2.231384e-04 8.538208e-08
4.780000e+02 -2.230357e-04 8.601615e-08
4.780000e+02 -2.231432e-04 8.583047e-08
4.780000e+02 -2.230513e-04 8.534325e-08
4.780000e+02 -2.230746e-04 8.588819e-08
4.780000e+02 -2.232052e-04 8.580498e-08
4.780000e+02 -2.230843e-04 8.604170e-08
4.780000e+02 -2.232566e-04 8.592206e-08
4.780000e+02 -2.232464e-04 8.591274e-08
4.780000e+02 -2.230475e-04 8.578735e-08
4.790000e+02 -3.269935e-04 1.258471e-07
4.790000e+02 -3.270207e-04 1.258591e-07
4.790000e+02 -3.271568e-04 1.256535e-07
4.790000e+02 -3.270648e-04 1.258964e-07
4.790000e+02 -3.271938e-04 1.258662e-07
4.790000e+02 -3.269351e-04 1.259455e-07
4.790000e+02 -3.270401e-04 1.262754e-07
4.790000e+02 -3.268972e-04 1.259262e-07
4.790000e+02 -3.271215e-04 1.260849e-07
4.790000e+02 -3.268691e-04 1.256220e-07
4.790000e+02 -3.271471e-04 1.261434e-07
4.790000e+02 -3.271795e-04 1.259829e-07
4.790000e+02 -3.270064e-04 1.262263e-07
4.790000e+02 -3.273280e-04 1.259117e-07
4.790000e+02 -3.272083e-04 1.256650e-07
4.790000e+02 -3.269097e-04 1.256790e-07
4.790000e+02 -3.269951e-04 1.256335e-07
4.790000e+02 -3.270564e-04 1.258290e-07
4.790000e+02 -3.273695e-04 1.251342e-07
4.790000e+02 -3.270078e-04 1.264330e-07
4.790000e+02 -3.270778e-04 1.256280e-07
4.790000e+02 -3.270260e-04 1.263094e-07
4.790000e+02 -3.270698e-04 1.258285e-07
4.790000e+02 -3.269002e-04 1.261329e-07
4.790000e+02 -3.268974e-04 1.262608e-07
4.800000e+02 -4.563290e-04 1.759655e-07
4.800000e+02 -4.565418e-04 1.755343e-07
4.800000e+02 -4.562852e-04 1.754432e-07
4.800000e+02 -4.562159e-04 1.752050e-07
4.800000e+02 -4.562112e-04 1.751847e-07
4.800000e+02 -4.562102e-04 1.758214e-07
4.800000e+02 -4.559002e-04 1.760130e-07
4.800000e+02 -4.563837e-04 1.761433e-07
4.800000e+02 -4.564812e-04 1.752675e-07
4.800000e+02 -4.559802e-04 1.760653e-07
4.800000e+02 -4.557962e-04 1.755376e-07
4.800000e+02 -4.563718e-04 1.764220e-07
4.800000e+02 -4.564980e-04 1.755127e-07
4.800000e+02 -4.562843e-04 1.756806e-07
4.800000e+02 -4.564837e-04 1.758721e-07
4.800000e+02 -4.561034e-04 1.754587e-07
4.800000e+02 -4.561835e-04 1.755471e-07
4.800000e+02 -4.564715e-04 1.753533e-07
4.800000e+02 -4.562454e-04 1.763665e-07
4.800000e+02 -4.564881e-04 1.757167e-07
4.800000e+02 -4.558811e-04 1.761517e-07
4.800000e+02 -4.563948e-04 1.753966e-07
4.800000e+02 -4.563305e-04 1.752346e-07
4.800000e+02 -4.564736e-04 1.756811e-07
4.800000e+02 -4.567223e-04 1.760877e-07
5.000000e+02 -9.815720e-03 3.824125e-06
5.000000e+02 -9.820475e-03 3.830154e-06
5.000000e+02 -9.814925e-03 3.824371e-06
5.000000e+02 -9.821495e-03 3.827349e-06
5.000000e+02 -9.817124e-03 3.832171e-06
5.000000e+02 -9.817638e-03 3.834619e-06
5.000000e+02 -9.823487e-03 3.820056e-06
5.000000e+02 -9.827540e-03 3.817074e-06
5.000000e+02 -9.816705e-03 3.826128e-06
5.000000e+02 -9.821720e-03 3.829271e-06
5.000000e+02 -9.814206e-03 3.833753e-06
5.000000e+02 -9.821759e-03 3.816392e-06
5.000000e+02 -9.819890e-03 3.826848e-06
5.000000e+02 -9.810405e-03 3.827050e-06
5.000000e+02 -9.818874e-03 3.828105e-06
5.000000e+02 -9.816203e-03 3.831407e-06
5.000000e+02 -9.822073e-03 3.820614e-06
5.000000e+02 -9.821437e-03 3.823490e-06
5.000000e+02 -9.817565e-03 3.830109e-06
5.000000e+02 -9.809428e-03 3.835329e-06
5.000000e+02 -9.814114e-03 3.820777e-06
5.000000e+02 -9.814825e-03 3.818707e-06
5.000000e+02 -9.819015e-03 3.818726e-06
5.000000e+02 -9.821731e-03 3.833085e-06
5.000000e+02 -9.821997e-03 3.835024e-06
5.200000e+02 -3.242973e-02 1.277083e-05
5.200000e+02 -3.244954e-02 1.278769e-05
5.200000e+02 -3.246683e-02 1.280966e-05
5.200000e+02 -3.246364e-02 1.277705e-05
5.200000e+02 -3.245872e-02 1.275510e-05
5.200000e+02 -3.245187e-02 1.279929e-05
5.200000e+02 -3.248204e-02 1.280337e-05
5.200000e+02 -3.246133e-02 1.278968e-05
5.200000e+02 -3.247340e-02 1.274140e-05
5.200000e+02 -3.244300e-02 1.276008e-05
5.200000e+02 -3.245665e-02 1.273673e-05
5.200000e+02 -3.247054e-02 1.278427e-05
5.200000e+02 -3.245174e-02 1.277691e-05
5.200000e+02 -3.245643e-02 1.277998e-05
5.200000e+02 -3.246597e-02 1.275918e-05
5.200000e+02 -3.247031e-02 1.280486e-05
5.200000e+02 -3.244378e-02 1.276760e-05
5.200000e+02 -3.246831e-02 1.276508e-05
5.200000e+02 -3.246642e-02 1.276962e-05
5.200000e+02 -3.247546e-02 1.277595e-05
5.200000e+02 -3.244971e-02 1.277370e-05
5.200000e+02 -3.245078e-02 1.274611e-05
5.200000e+02 -3.247548e-02 1.275716e-05
5.200000e+02 -3.244566e-02 1.284163e-05
5.200000e+02 -3.247920e-02 1.278245e-05
5.400000e+02 -6.498997e-02 2.592884e-05
5.400000e+02 -6.502028e-02 2.584682e-05
5.400000e+02 -6.497994e-02 2.579454e-05
5.400000e+02 -6.499101e-02 2.588563e-05
5.400000e+02 -6.492219e-02 2.578485e-05
5.400000e+02 -6.497955e-02 2.585430e-05
5.400000e+02 -6.499903e-02 2.587957e-05
5.400000e+02 -6.498096e-02 2.591617e-05
5.400000e+02 -6.497611e-02 2.579266e-05
5.400000e+02 -6.501197e-02 2.578867e-05
5.400000e+02 -6.497065e-02 2.581711e-05
5.400000e+02 -6.497044e-02 2.577468e-05
5.400000e+02 -6.490268e-02 2.586166e-05
5.400000e+02 -6.495965e-02 2.587505e-05
5.400000e+02 -6.497538e-02 2.590896e-05
5.400000e+02 -6.495272e-02 2.584823e-05
5.400000e+02 -6.497256e-02 2.590285e-05
5.400000e+02 -6.499265e-02 2.580805e-05
5.400000e+02 -6.496147e-02 2.591174e-05
5.400000e+02 -6.496969e-02 2.592341e-05
5.400000e+02 -6.497207e-02 2.591488e-05
5.400000e+02 -6.499771e-02 2.595988e-05
5.400000e+02 -6.500269e-02 2.582249e-05
5.400000e+02 -6.499114e-02 2.577798e-05
5.400000e+02 -6.495563e-02 2.580430e-05
5.600000e+02 -1.030893e-01 4.141893e-05
5.600000e+02 -1.030983e-01 4.145784e-05
5.600000e+02 -1.030886e-01 4.145615e-05
5.600000e+02 -1.030446e-01 4.145913e-05
5.600000e+02 -1.030330e-01 4.151104e-05
5.600000e+02 -1.030114e-01 4.148203e-05
5.600000e+02 -1.030605e-01 4.153371e-05
5.600000e+02 -1.031381e-01 4.148702e-05
5.600000e+02 -1.029951e-01 4.169751e-05
5.600000e+02 -1.030019e-01 4.141123e-05
5.600000e+02 -1.030601e-01 4.138215e-05
5.600000e+02 -1.030533e-01 4.139805e-05
5.600000e+02 -1.029540e-01 4.134916e-05
5.600000e+02 -1.031577e-01 4.131710e-05
5.600000e+02 -1.030426e-01 4.142639e-05
5.600000e+02 -1.030763e-01 4.146868e-05
5.600000e+02 -1.030269e-01 4.133433e-05
5.600000e+02 -1.030189e-01 4.146856e-05
5.600000e+02 -1.030537e-01 4.127101e-05
5.600000e+02 -1.031203e-01 4.128848e-05
5.600000e+02 -1.031448e-01 4.142746e-05
5.600000e+02 -1.030252e-01 4.151323e-05
5.600000e+02 -1.030823e-01 4.135690e-05
5.600000e+02 -1.030340e-01 4.152834e-05
5.600000e+02 -1.030811e-01 4.135173e-05
5.800000e+02 -1.431391e-01 5.828600e-05
5.800000e+02 -1.432520e-01 5.799024e-05
5.800000e+02 -1.432030e-01 5.802221e-05
5.800000e+02 -1.433014e-01 5.808183e-05
5.800000e+02 -1.433281e-01 5.820038e-05
5.800000e+02 -1.432753e-01 5.808797e-05
5.800000e+02 -1.432551e-01 5.811296e-05
5.800000e+02 -1.433209e-01 5.823353e-05
5.800000e+02 -1.433233e-01 5.820296e-05
5.800000e+02 -1.432537e-01 5.829147e-05
5.800000e+02 -1.433036e-01 5.804373e-05
5.800000e+02 -1.432455e-01 5.811973e-05
5.800000e+02 -1.433529e-01 5.807410e-05
5.800000e+02 -1.431768e-01 5.805244e-05
5.800000e+02 -1.432155e-01 5.808490e-05
5.800000e+02 -1.432926e-01 5.783591e-05
5.800000e+02 -1.433010e-01 5.841910e-05
5.800000e+02 -1.432571e-01 5.801924e-05
5.800000e+02 -1.432360e-01 5.822142e-05
5.800000e+02 -1.433299e-01 5.819553e-05
5.800000e+02 -1.432468e-01 5.820768e-05
5.800000e+02 -1.432305e-01 5.813470e-05
5.800000e+02 -1.432901e-01 5.808631e-05
5.800000e+02 -1.431503e-01 5.799908e-05
5.800000e+02 -1.431952e-01 5.815240e-05
6.500000e+02 -2.721529e-01 1.147066e-04
6.500000e+02 -2.722011e-01 1.142521e-04
6.500000e+02 -2.723450e-01 1.142759e-04
6.500000e+02 -2.723304e-01 1.144124e-04
6.500000e+02 -2.723643e-01 1.141544e-04
6.500000e+02 -2.721164e-01 1.144775e-04
6.500000e+02 -2.721720e-01 1.143430e-04
6.500000e+02 -2.723141e-01 1.142129e-04
6.500000e+02 -2.723531e-01 1.144523e-04
6.500000e+02 -2.722856e-01 1.146084e-04
6.500000e+02 -2.721532e-01 1.141562e-04
6.500000e+02 -2.723048e-01 1.144267e-04
6.500000e+02 -2.725050e-01 1.146491e-04
6.500000e+02 -2.723434e-01 1.139367e-04
6.500000e+02 -2.723321e-01 1.144546e-04
6.500000e+02 -2.722825e-01 1.144631e-04
6.500000e+02 -2.721978e-01 1.141731e-04
6.500000e+02 -2.721636e-01 1.141303e-04
6.500000e+02 -2.723120e-01 1.142321e-04
6.500000e+02 -2.721527e-01 1.140623e-04
6.500000e+02 -2.722473e-01 1.140749e-04
6.500000e+02 -2.723352e-01 1.140949e-04
6.500000e+02 -2.720526e-01 1.143572e-04
6.500000e+02 -2.722147e-01 1.142288e-04
6.500000e+02 -2.724041e-01 1.142061e-04
7.000000e+02 -3.403911e-01 1.467921e-04
7.000000e+02 -3.403594e-01 1.465382e-04
7.000000e+02 -3.404256e-01 1.466060e-04
7.000000e+02 -3.407619e-01 1.468659e-04
7.000000e+02 -3.406734e-01 1.464969e-04
7.000000e+02 -3.404776e-01 1.466664e-04
7.000000e+02 -3.408289e-01 1.469879e-04
7.000000e+02 -3.403386e-01 1.467947e-04
7.000000e+02 -3.402761e-01 1.467275e-04
7.000000e+02 -3.407354e-01 1.466839e-04
7.000000e+02 -3.407458e-01 1.467917e-04
7.000000e+02 -3.402293e-01 1.465240e-04
7.000000e+02 -3.407458e-01 1.467917e-04
7.000000e+02 -3.404391e-01 1.462937e-04
7.000000e+02 -3.405735e-01 1.467177e-04
7.000000e+02 -3.408095e-01 1.471646e-04
7.000000e+02 -3.405678e-01 1.467728e-04
7.000000e+02 -3.402641e-01 1.463298e-04
7.000000e+02 -3.406203e-01 1.469139e-04
7.000000e+02 -3.405618e-01 1.468841e-04
7.000000e+02 -3.405628e-01 1.466259e-04
7.000000e+02 -3.404025e-01 1.470623e-04
7.000000e+02 -3.404471e-01 1.462236e-04
7.000000e+02 -3.404924e-01 1.475271e-04
7.000000e+02 -3.405674e-01 1.467877e-04
7.500000e+02 -3.884848e-01 1.716617e-04
7.500000e+02 -3.880791e-01 1.714871e-04
7.500000e+02 -3.882138e-01 1.712096e-04
7.500000e+02 -3.882440e-01 1.710625e-04
7.500000e+02 -3.882845e-01 1.719116e-04
7.500000e+02 -3.882065e-01 1.719101e-04
7.500000e+02 -3.882918e-01 1.719933e-04
7.500000e+02 -3.883096e-01 1.716548e-04
7.500000e+02 -3.883039e-01 1.710637e-04
7.500000e+02 -3.885842e-01 1.710757e-04
7.500000e+02 -3.880369e-01 1.720668e-04
7.500000e+02 -3.884296e-01 1.713552e-04
7.500000e+02 -3.883297e-01 1.719509e-04
7.500000e+02 -3.881656e-01 1.710112e-04
7.500000e+02 -3.884940e-01 1.712387e-04
7.500000e+02 -3.882065e-01 1.715575e-04
7.500000e+02 -3.884219e-01 1.716771e-04
7.500000e+02 -3.883762e-01 1.720390e-04
7.500000e+02 -3.881933e-01 1.718149e-04
7.500000e+02 -3.880868e-01 1.717601e-04
7.500000e+02 -3.882720e-01 1.711044e-04
7.500000e+02 -3.881199e-01 1.719628e-04
7.500000e+02 -3.882792e-01 1.713973e-04
7.500000e+02 -3.885509e-01 1.716581e-04
7.500000e+02 -3.881044e-01 1.717799e-04
8.000000e+02 -4.187587e-01 1.902829e-04
8.000000e+02 -4.189295e-01 1.906381e-04
8.000000e+02 -4.194143e-01 1.904597e-04
8.000000e+02 -4.193019e-01 1.902577e-04
8.000000e+02 -4.189653e-01 1.891886e-04
8.000000e+02 -4.192982e-01 1.893274e-04
8.000000e+02 -4.194048e-01 1.902422e-04
8.000000e+02 -4.192413e-01 1.900224e-04
8.000000e+02 -4.192269e-01 1.911639e-04
8.000000e+02 -4.189944e-01 1.903560e-04
8.000000e+02 -4.190869e-01 1.896525e-04
8.000000e+02 -4.190974e-01 1.900846e-04
8.000000e+02 -4.192986e-01 1.899528e-04
8.000000e+02 -4.192874e-01 1.909322e-04
8.000000e+02 -4.192080e-01 1.899127e-04
8.000000e+02 -4.189934e-01 1.896389e-04
8.000000e+02 -4.188782e-01 1.895857e-04
8.000000e+02 -4.191538e-01 1.904412e-04
8.000000e+02 -4.192472e-01 1.899571e-04
8.000000e+02 -4.192129e-01 1.904688e-04
8.000000e+02 -4.189518e-01 1.895831e-04
8.000000e+02 -4.189104e-01 1.898241e-04
8.000000e+02 -4.190682e-01 1.892471e-04
8.000000e+02 -4.192295e-01 1.895669e-04
8.000000e+02 -4.190353e-01 1.905270e-04
8.500000e+02 -4.369600e-01 2.031076e-04
8.500000e+02 -4.368042e-01 2.028823e-04
8.500000e+02 -4.371268e-01 2.034701e-04
8.500000e+02 -4.366495e-01 2.038464e-04
8.500000e+02 -4.367763e-01 2.032902e-04
8.500000e+02 -4.370443e-01 2.030237e-04
8.500000e+02 -4.364946e-01 2.031507e-04
8.500000e+02 -4.368021e-01 2.042241e-04
8.500000e+02 -4.368786e-01 2.037199e-04
8.500000e+02 -4.370174e-01 2.038671e-04
8.500000e+02 -4.371802e-01 2.037567e-04
8.500000e+02 -4.368164e-01 2.035139e-04
8.500000e+02 -4.370877e-01 2.030743e-04
8.500000e+02 -4.367546e-01 2.025743e-04
8.500000e+02 -4.367118e-01 2.041358e-04
8.500000e+02 -4.371286e-01 2.034654e-04
8.500000e+02 -4.371845e-01 2.036262e-04
8.500000e+02 -4.371143e-01 2.035617e-04
8.500000e+02 -4.372690e-01 2.036470e-04
8.500000e+02 -4.369161e-01 2.034938e-04
8.500000e+02 -4.366754e-01 2.031439e-04
8.500000e+02 -4.367525e-01 2.037710e-04
8.500000e+02 -4.371277e-01 2.028773e-04
8.500000e+02 -4.372829e-01 2.027952e-04
8.500000e+02 -4.369753e-01 2.042008e-04
9.000000e+02 -4.451737e-01 2.135101e-04
9.000000e+02 -4.457327e-01 2.130776e-04
9.000000e+02 -4.452791e-01 2.124173e-04
9.000000e+02 -4.454143e-01 2.134490e-04
9.000000e+02 -4.452628e-01 2.131629e-04
9.000000e+02 -4.456162e-01 2.130537e-04
9.000000e+02 -4.451181e-01 2.129667e-04
9.000000e+02 -4.452689e-01 2.118039e-04
9.000000e+02 -4.453445e-01 2.137595e-04
9.000000e+02 -4.454717e-01 2.132208e-04
9.000000e+02 -4.453111e-01 2.136645e-04
9.000000e+02 -4.455257e-01 2.134613e-04
9.000000e+02 -4.457736e-01 2.137481e-04
9.000000e+02 -4.452385e-01 2.125961e-04
9.000000e+02 -4.453592e-01 2.132816e-04
9.000000e+02 -4.457971e-01 2.133442e-04
9.000000e+02 -4.454671e-01 2.136357e-04
9.000000e+02 -4.455991e-01 2.133135e-04
9.000000e+02 -4.454553e-01 2.125687e-04
9.000000e+02 -4.455776e-01 2.133290e-04
9.000000e+02 -4.455242e-01 2.116756e-04
9.000000e+02 -4.452362e-01 2.128716e-04
9.000000e+02 -4.454681e-01 2.133558e-04
9.000000e+02 -4.453979e-01 2.132215e-04
9.000000e+02 -4.454955e-01 2.134630e-04
9.500000e+02 -4.472779e-01 2.197869e-04
9.500000e+02 -4.469342e-01 2.191427e-04
9.500000e+02 -4.471353e-01 2.188861e-04
9.500000e+02 -4.471592e-01 2.198527e-04
9.500000e+02 -4.470407e-01 2.198682e-04
9.500000e+02 -4.472500e-01 2.197727e-04
9.500000e+02 -4.469714e-01 2.199498e-04
9.500000e+02 -4.471346e-01 2.197967e-04
9.500000e+02 -4.471002e-01 2.187735e-04
9.500000e+02 -4.473472e-01 2.199489e-04
9.500000e+02 -4.473805e-01 2.199697e-04
9.500000e+02 -4.470842e-01 2.200835e-04
9.500000e+02 -4.467734e-01 2.202804e-04
9.500000e+02 -4.469384e-01 2.197103e-04
9.500000e+02 -4.475882e-01 2.196897e-04
9.500000e+02 -4.468949e-01 2.196413e-04
9.500000e+02 -4.470415e-01 2.195725e-04
9.500000e+02 -4.471704e-01 2.193506e-04
9.500000e+02 -4.467593e-01 2.204305e-04
9.500000e+02 -4.469826e-01 2.204584e-04
9.500000e+02 -4.468371e-01 2.205130e-04
9.500000e+02 -4.472618e-01 2.190972e-04
9.500000e+02 -4.470904e-01 2.191583e-04
9.500000e+02 -4.471477e-01 2.196610e-04
9.500000e+02 -4.464178e-01 2.192712e-04
