1.000000e+03 3.173171e+02 7.114475e-01
1.000000e+03 3.161660e+02 7.277415e-01
1.000000e+03 3.159516e+02 7.228240e-01
1.000000e+03 3.167026e+02 7.392352e-01
1.000000e+03 3.177736e+02 7.430723e-01
1.000000e+03 3.166048e+02 7.132940e-01
1.000000e+03 3.174390e+02 7.305087e-01
1.000000e+03 3.164226e+02 7.441302e-01
1.000000e+03 3.172241e+02 7.135764e-01
1.000000e+03 3.163896e+02 7.218621e-01
1.000000e+03 3.163020e+02 7.183550e-01
1.000000e+03 3.174014e+02 7.506024e-01
1.000000e+03 3.162280e+02 7.554949e-01
1.000000e+03 3.172292e+02 7.276780e-01
1.000000e+03 3.163468e+02 7.227527e-01
1.000000e+03 3.177011e+02 7.103299e-01
1.000000e+03 3.167170e+02 7.463344e-01
1.000000e+03 3.165582e+02 7.255070e-01
1.000000e+03 3.161346e+02 7.043385e-01
1.000000e+03 3.161523e+02 7.336214e-01
1.050000e+03 2.942690e+02 6.733397e-01
1.050000e+03 2.946603e+02 6.998916e-01
1.050000e+03 2.951731e+02 6.624135e-01
1.050000e+03 2.957907e+02 6.870712e-01
1.050000e+03 2.943150e+02 6.539900e-01
1.050000e+03 2.937831e+02 6.612224e-01
1.050000e+03 2.937089e+02 6.928201e-01
1.050000e+03 2.949131e+02 6.672712e-01
1.050000e+03 2.938530e+02 6.685060e-01
1.050000e+03 2.956894e+02 6.652052e-01
1.050000e+03 2.945971e+02 6.647053e-01
1.050000e+03 2.943776e+02 6.529925e-01
1.050000e+03 2.929847e+02 6.730397e-01
1.050000e+03 2.947957e+02 6.865807e-01
1.050000e+03 2.950354e+02 6.743010e-01
1.050000e+03 2.940176e+02 6.907759e-01
1.050000e+03 2.945125e+02 6.797296e-01
1.050000e+03 2.948559e+02 6.565255e-01
1.050000e+03 2.951692e+02 6.937785e-01
1.050000e+03 2.944457e+02 7.138799e-01
1.100000e+03 2.737235e+02 6.395153e-01
1.100000e+03 2.745504e+02 6.383575e-01
1.100000e+03 2.745129e+02 6.310174e-01
1.100000e+03 2.743427e+02 6.346934e-01
1.100000e+03 2.748125e+02 6.246280e-01
1.100000e+03 2.745842e+02 6.233766e-01
1.100000e+03 2.749172e+02 6.173365e-01
1.100000e+03 2.743198e+02 6.392023e-01
1.100000e+03 2.747112e+02 6.174110e-01
1.100000e+03 2.746902e+02 6.038901e-01
1.100000e+03 2.756328e+02 6.156144e-01
1.100000e+03 2.747831e+02 6.447871e-01
1.100000e+03 2.742981e+02 6.413405e-01
1.100000e+03 2.738573e+02 6.273907e-01
1.100000e+03 2.747366e+02 6.270970e-01
1.100000e+03 2.741961e+02 6.156545e-01
1.100000e+03 2.738297e+02 6.144952e-01
1.100000e+03 2.741091e+02 6.501035e-01
1.100000e+03 2.734320e+02 6.333857e-01
1.100000e+03 2.737656e+02 6.218599e-01
1.150000e+03 2.577925e+02 6.033394e-01
1.150000e+03 2.559308e+02 5.842418e-01
1.150000e+03 2.572200e+02 5.753385e-01
1.150000e+03 2.567639e+02 6.113219e-01
1.150000e+03 2.560433e+02 6.052116e-01
1.150000e+03 2.566115e+02 5.848654e-01
1.150000e+03 2.573671e+02 5.784436e-01
1.150000e+03 2.563828e+02 5.911225e-01
1.150000e+03 2.572579e+02 6.019312e-01
1.150000e+03 2.571709e+02 5.776574e-01
1.150000e+03 2.567810e+02 6.043832e-01
1.150000e+03 2.568772e+02 5.919862e-01
1.150000e+03 2.573880e+02 5.910196e-01
1.150000e+03 2.578921e+02 5.790782e-01
1.150000e+03 2.578077e+02 6.011233e-01
1.150000e+03 2.576897e+02 5.981452e-01
1.150000e+03 2.571853e+02 5.966857e-01
1.150000e+03 2.570594e+02 5.731338e-01
1.150000e+03 2.572839e+02 5.939921e-01
1.150000e+03 2.573331e+02 5.777857e-01
1.200000e+03 2.407874e+02 5.520963e-01
1.200000e+03 2.405989e+02 5.728763e-01
1.200000e+03 2.416515e+02 5.553046e-01
1.200000e+03 2.406636e+02 5.392832e-01
1.200000e+03 2.410958e+02 5.388876e-01
1.200000e+03 2.416364e+02 5.588068e-01
1.200000e+03 2.407036e+02 5.477171e-01
1.200000e+03 2.411455e+02 5.513775e-01
1.200000e+03 2.411628e+02 5.539628e-01
1.200000e+03 2.409809e+02 5.293586e-01
1.200000e+03 2.419367e+02 5.486600e-01
1.200000e+03 2.414156e+02 5.342513e-01
1.200000e+03 2.414503e+02 5.627752e-01
1.200000e+03 2.401924e+02 5.235736e-01
1.200000e+03 2.416031e+02 5.469161e-01
1.200000e+03 2.409153e+02 5.454024e-01
1.200000e+03 2.405609e+02 5.426536e-01
1.200000e+03 2.414210e+02 5.534771e-01
1.200000e+03 2.405650e+02 5.498338e-01
1.200000e+03 2.411437e+02 5.547913e-01
1.250000e+03 2.269191e+02 5.327915e-01
1.250000e+03 2.276946e+02 5.127354e-01
1.250000e+03 2.260224e+02 5.066002e-01
1.250000e+03 2.272857e+02 5.313131e-01
1.250000e+03 2.264828e+02 5.336696e-01
1.250000e+03 2.257720e+02 5.367280e-01
1.250000e+03 2.264301e+02 5.303802e-01
1.250000e+03 2.269329e+02 5.250519e-01
1.250000e+03 2.288263e+02 5.095123e-01
1.250000e+03 2.266281e+02 5.377745e-01
1.250000e+03 2.259785e+02 5.147414e-01
1.250000e+03 2.283226e+02 5.094793e-01
1.250000e+03 2.274907e+02 5.357089e-01
1.250000e+03 2.264139e+02 5.026657e-01
1.250000e+03 2.267996e+02 5.154507e-01
1.250000e+03 2.272644e+02 5.212963e-01
1.250000e+03 2.264455e+02 5.089703e-01
1.250000e+03 2.275992e+02 5.108556e-01
1.250000e+03 2.260826e+02 5.403690e-01
1.250000e+03 2.268490e+02 5.248157e-01
1.300000e+03 2.144124e+02 4.962426e-01
1.300000e+03 2.146374e+02 5.168976e-01
1.300000e+03 2.139720e+02 5.044047e-01
1.300000e+03 2.142672e+02 4.920611e-01
1.300000e+03 2.138195e+02 4.805567e-01
1.300000e+03 2.144034e+02 4.783341e-01
1.300000e+03 2.135907e+02 5.061077e-01
1.300000e+03 2.146226e+02 4.850609e-01
1.300000e+03 2.135398e+02 4.724284e-01
1.300000e+03 2.135971e+02 4.987353e-01
1.300000e+03 2.132356e+02 4.607279e-01
1.300000e+03 2.151539e+02 4.919112e-01
1.300000e+03 2.138379e+02 4.905431e-01
1.300000e+03 2.148328e+02 4.887060e-01
1.300000e+03 2.132730e+02 4.914210e-01
1.300000e+03 2.132615e+02 4.561127e-01
1.300000e+03 2.142998e+02 4.902891e-01
1.300000e+03 2.142545e+02 4.934710e-01
1.300000e+03 2.144404e+02 4.654295e-01
1.300000e+03 2.141796e+02 4.757936e-01
1.350000e+03 2.034899e+02 4.571428e-01
1.350000e+03 2.023625e+02 4.701591e-01
1.350000e+03 2.026402e+02 4.733082e-01
1.350000e+03 2.022086e+02 4.626262e-01
1.350000e+03 2.023494e+02 4.576118e-01
1.350000e+03 2.018612e+02 4.716875e-01
1.350000e+03 2.023901e+02 4.532462e-01
1.350000e+03 2.031289e+02 4.469717e-01
1.350000e+03 2.025366e+02 4.691109e-01
1.350000e+03 2.017335e+02 4.664965e-01
1.350000e+03 2.020100e+02 4.593144e-01
1.350000e+03 2.027698e+02 4.335079e-01
1.350000e+03 2.016689e+02 4.783208e-01
1.350000e+03 2.032116e+02 4.244197e-01
1.350000e+03 2.013864e+02 4.562584e-01
1.350000e+03 2.024434e+02 4.519337e-01
1.350000e+03 2.023922e+02 4.657386e-01
1.350000e+03 2.025231e+02 4.460409e-01
1.350000e+03 2.020729e+02 4.644096e-01
1.350000e+03 2.019705e+02 4.384727e-01
1.400000e+03 1.922403e+02 4.112770e-01
1.400000e+03 1.915222e+02 4.544573e-01
1.400000e+03 1.916052e+02 4.202527e-01
1.400000e+03 1.920398e+02 4.195884e-01
1.400000e+03 1.915015e+02 4.256110e-01
1.400000e+03 1.915450e+02 4.365097e-01
1.400000e+03 1.914627e+02 4.525536e-01
1.400000e+03 1.913136e+02 4.485155e-01
1.400000e+03 1.918458e+02 4.245863e-01
1.400000e+03 1.916533e+02 4.447412e-01
1.400000e+03 1.913541e+02 4.357131e-01
1.400000e+03 1.920631e+02 4.170070e-01
1.400000e+03 1.917231e+02 4.450184e-01
1.400000e+03 1.920327e+02 4.286298e-01
1.400000e+03 1.920504e+02 4.196296e-01
1.400000e+03 1.918329e+02 4.481734e-01
1.400000e+03 1.919264e+02 4.330099e-01
1.400000e+03 1.917190e+02 4.337520e-01
1.400000e+03 1.900899e+02 4.435196e-01
1.400000e+03 1.914908e+02 4.294311e-01
1.450000e+03 1.820852e+02 4.272633e-01
1.450000e+03 1.814424e+02 4.077901e-01
1.450000e+03 1.810486e+02 4.212624e-01
1.450000e+03 1.816076e+02 4.177237e-01
1.450000e+03 1.819577e+02 4.048313e-01
1.450000e+03 1.820087e+02 4.198406e-01
1.450000e+03 1.816132e+02 4.152222e-01
1.450000e+03 1.822031e+02 4.041535e-01
1.450000e+03 1.820928e+02 4.000431e-01
1.450000e+03 1.813747e+02 4.064845e-01
1.450000e+03 1.829392e+02 3.903324e-01
1.450000e+03 1.815871e+02 4.134888e-01
1.450000e+03 1.818533e+02 4.138545e-01
1.450000e+03 1.820633e+02 4.157063e-01
1.450000e+03 1.822725e+02 4.020466e-01
1.450000e+03 1.819139e+02 3.802511e-01
1.450000e+03 1.822916e+02 4.116044e-01
1.450000e+03 1.815996e+02 3.947071e-01
1.450000e+03 1.815668e+02 4.190198e-01
1.450000e+03 1.819652e+02 4.116931e-01
1.500000e+03 1.727063e+02 3.942610e-01
1.500000e+03 1.727063e+02 3.942610e-01
1.500000e+03 1.733916e+02 3.732286e-01
1.500000e+03 1.727574e+02 4.049457e-01
1.500000e+03 1.727574e+02 4.049457e-01
1.500000e+03 1.733025e+02 3.779595e-01
1.500000e+03 1.730112e+02 3.878433e-01
1.500000e+03 1.733521e+02 3.730355e-01
1.500000e+03 1.733521e+02 3.730355e-01
1.500000e+03 1.730876e+02 3.822657e-01
1.500000e+03 1.730876e+02 3.822657e-01
1.500000e+03 1.728033e+02 4.008865e-01
1.500000e+03 1.728033e+02 4.008865e-01
1.500000e+03 1.727682e+02 3.766522e-01
1.500000e+03 1.727682e+02 3.766522e-01
1.500000e+03 1.722322e+02 3.924734e-01
1.500000e+03 1.722322e+02 3.924734e-01
1.500000e+03 1.725443e+02 3.954100e-01
1.500000e+03 1.725443e+02 3.954100e-01
1.500000e+03 1.727215e+02 3.852314e-01
1.500000e+03 1.722454e+02 4.019936e-01
1.500000e+03 1.722454e+02 4.019936e-01
1.500000e+03 1.723454e+02 3.933817e-01
1.500000e+03 1.723454e+02 3.933817e-01
1.500000e+03 1.730708e+02 3.879543e-01
1.500000e+03 1.724185e+02 3.875587e-01
1.500000e+03 1.724185e+02 3.875587e-01
1.500000e+03 1.729833e+02 3.819372e-01
1.500000e+03 1.729833e+02 3.819372e-01
1.500000e+03 1.728169e+02 3.848665e-01
1.500000e+03 1.728169e+02 3.848665e-01
1.500000e+03 1.729597e+02 3.779443e-01
1.500000e+03 1.729597e+02 3.779443e-01
1.500000e+03 1.726478e+02 3.699689e-01
1.550000e+03 1.645574e+02 3.849815e-01
1.550000e+03 1.644072e+02 3.690375e-01
1.550000e+03 1.649404e+02 3.555513e-01
1.550000e+03 1.649731e+02 3.730167e-01
1.550000e+03 1.649621e+02 3.753927e-01
1.550000e+03 1.650127e+02 3.671579e-01
1.550000e+03 1.647124e+02 3.577662e-01
1.550000e+03 1.650257e+02 3.661970e-01
1.550000e+03 1.646838e+02 3.692731e-01
1.550000e+03 1.651750e+02 3.544463e-01
1.550000e+03 1.650540e+02 3.436214e-01
1.550000e+03 1.648790e+02 3.474739e-01
1.550000e+03 1.646300e+02 3.676159e-01
1.550000e+03 1.652065e+02 3.729293e-01
1.550000e+03 1.648206e+02 3.638105e-01
1.550000e+03 1.653674e+02 3.666873e-01
1.550000e+03 1.646077e+02 3.616572e-01
1.550000e+03 1.653623e+02 3.623029e-01
1.550000e+03 1.649415e+02 3.569536e-01
1.550000e+03 1.647217e+02 3.686920e-01
1.800000e+03 1.314911e+02 2.792698e-01
1.800000e+03 1.320501e+02 2.882547e-01
1.800000e+03 1.318477e+02 3.032433e-01
1.800000e+03 1.322904e+02 2.733957e-01
1.800000e+03 1.323730e+02 2.766588e-01
1.800000e+03 1.321285e+02 2.906312e-01
1.800000e+03 1.319789e+02 2.809145e-01
1.800000e+03 1.325303e+02 2.950475e-01
1.800000e+03 1.321189e+02 2.770351e-01
1.800000e+03 1.318470e+02 2.794368e-01
1.800000e+03 1.319364e+02 2.905698e-01
1.800000e+03 1.321751e+02 2.777689e-01
1.800000e+03 1.323408e+02 2.822733e-01
1.800000e+03 1.318680e+02 2.822894e-01
1.800000e+03 1.322507e+02 2.835334e-01
1.800000e+03 1.319433e+02 2.899019e-01
1.800000e+03 1.319558e+02 2.883024e-01
1.800000e+03 1.322852e+02 2.885502e-01
1.800000e+03 1.320316e+02 2.870788e-01
1.800000e+03 1.323735e+02 2.758997e-01
2.100000e+03 1.048966e+02 2.229693e-01
2.100000e+03 1.048581e+02 2.069992e-01
2.100000e+03 1.050222e+02 2.174163e-01
2.100000e+03 1.048278e+02 2.148925e-01
2.100000e+03 1.050205e+02 2.159864e-01
2.100000e+03 1.051354e+02 2.231512e-01
2.100000e+03 1.051856e+02 2.105835e-01
2.100000e+03 1.049946e+02 2.171166e-01
2.100000e+03 1.053254e+02 2.088120e-01
2.100000e+03 1.049765e+02 2.146569e-01
2.100000e+03 1.048016e+02 2.244874e-01
2.100000e+03 1.050483e+02 2.140222e-01
2.100000e+03 1.043892e+02 2.247451e-01
2.100000e+03 1.053332e+02 2.091874e-01
2.100000e+03 1.055773e+02 2.121783e-01
2.100000e+03 1.051409e+02 2.194770e-01
2.100000e+03 1.049551e+02 2.174579e-01
2.100000e+03 1.047133e+02 2.155501e-01
2.100000e+03 1.053122e+02 2.133762e-01
2.100000e+03 1.048424e+02 2.226605e-01
2.400000e+03 8.626686e+01 1.766922e-01
2.400000e+03 8.637633e+01 1.701304e-01
2.400000e+03 8.647389e+01 1.736701e-01
2.400000e+03 8.641677e+01 1.790625e-01
2.400000e+03 8.625215e+01 1.754757e-01
2.400000e+03 8.640233e+01 1.775920e-01
2.400000e+03 8.632645e+01 1.667674e-01
2.400000e+03 8.613042e+01 1.733166e-01
2.400000e+03 8.628414e+01 1.738281e-01
2.400000e+03 8.646020e+01 1.739837e-01
2.400000e+03 8.658525e+01 1.731760e-01
2.400000e+03 8.629606e+01 1.731275e-01
2.400000e+03 8.635676e+01 1.648990e-01
2.400000e+03 8.611418e+01 1.728946e-01
2.400000e+03 8.639906e+01 1.756903e-01
2.400000e+03 8.642331e+01 1.795375e-01
2.400000e+03 8.623902e+01 1.781512e-01
2.400000e+03 8.616606e+01 1.809238e-01
2.400000e+03 8.656362e+01 1.776574e-01
2.400000e+03 8.650577e+01 1.768450e-01
2.700000e+03 7.273773e+01 1.487239e-01
2.700000e+03 7.263118e+01 1.401514e-01
2.700000e+03 7.257002e+01 1.442235e-01
2.700000e+03 7.286077e+01 1.404729e-01
2.700000e+03 7.277459e+01 1.435241e-01
2.700000e+03 7.283808e+01 1.403354e-01
2.700000e+03 7.249987e+01 1.438412e-01
2.700000e+03 7.243015e+01 1.505452e-01
2.700000e+03 7.262843e+01 1.441131e-01
2.700000e+03 7.262565e+01 1.409124e-01
2.700000e+03 7.287547e+01 1.414353e-01
2.700000e+03 7.255649e+01 1.426639e-01
2.700000e+03 7.260744e+01 1.430283e-01
2.700000e+03 7.266989e+01 1.465787e-01
2.700000e+03 7.263937e+01 1.428522e-01
2.700000e+03 7.239311e+01 1.459389e-01
2.700000e+03 7.259103e+01 1.441425e-01
2.700000e+03 7.251153e+01 1.452109e-01
2.700000e+03 7.280093e+01 1.419806e-01
2.700000e+03 7.263954e+01 1.460768e-01
3.000000e+03 6.210510e+01 1.258069e-01
3.000000e+03 6.232235e+01 1.217881e-01
3.000000e+03 6.217360e+01 1.243563e-01
3.000000e+03 6.228443e+01 1.239780e-01
3.000000e+03 6.234971e+01 1.212741e-01
3.000000e+03 6.208692e+01 1.228007e-01
3.000000e+03 6.230785e+01 1.217307e-01
3.000000e+03 6.203541e+01 1.210296e-01
3.000000e+03 6.210028e+01 1.239980e-01
3.000000e+03 6.228193e+01 1.194493e-01
3.000000e+03 6.247300e+01 1.249096e-01
3.000000e+03 6.218194e+01 1.237872e-01
3.000000e+03 6.248400e+01 1.178241e-01
3.000000e+03 6.233822e+01 1.232951e-01
3.000000e+03 6.214983e+01 1.234559e-01
3.000000e+03 6.231077e+01 1.197097e-01
3.000000e+03 6.215444e+01 1.220477e-01
3.000000e+03 6.232516e+01 1.229279e-01
3.000000e+03 6.253662e+01 1.208852e-01
3.000000e+03 6.227380e+01 1.175145e-01
3.000000e+02 3.057715e+00 5.067513e-03
3.000000e+02 3.057861e+00 5.084792e-03
3.000000e+02 3.058775e+00 5.056487e-03
3.000000e+02 3.060217e+00 5.076803e-03
3.000000e+02 3.056776e+00 5.066898e-03
3.000000e+02 3.057805e+00 5.141085e-03
3.000000e+02 3.048697e+00 5.105800e-03
3.000000e+02 3.048301e+00 5.052875e-03
3.000000e+02 3.045171e+00 5.130412e-03
3.000000e+02 3.064065e+00 5.048591e-03
3.000000e+02 3.057980e+00 5.150434e-03
3.000000e+02 3.059140e+00 5.074648e-03
3.000000e+02 3.058742e+00 5.094492e-03
3.000000e+02 3.057963e+00 5.105823e-03
3.000000e+02 3.049875e+00 5.085144e-03
3.000000e+02 3.050201e+00 5.136885e-03
3.000000e+02 3.049085e+00 5.149005e-03
3.000000e+02 3.054515e+00 5.067534e-03
3.000000e+02 3.056125e+00 5.121716e-03
3.000000e+02 3.043101e+00 5.086896e-03
3.050000e+02 4.056294e+00 6.753189e-03
3.050000e+02 4.060521e+00 6.779013e-03
3.050000e+02 4.065008e+00 6.833729e-03
3.050000e+02 4.068463e+00 6.748549e-03
3.050000e+02 4.055664e+00 6.846141e-03
3.050000e+02 4.047546e+00 6.751128e-03
3.050000e+02 4.048588e+00 6.781712e-03
3.050000e+02 4.074469e+00 6.790079e-03
3.050000e+02 4.053470e+00 6.791454e-03
3.050000e+02 4.053388e+00 6.776546e-03
3.050000e+02 4.062391e+00 6.835407e-03
3.050000e+02 4.065695e+00 6.878568e-03
3.050000e+02 4.060999e+00 6.799700e-03
3.050000e+02 4.054983e+00 6.858518e-03
3.050000e+02 4.069759e+00 6.817435e-03
3.050000e+02 4.055998e+00 6.797911e-03
3.050000e+02 4.063852e+00 6.869486e-03
3.050000e+02 4.057524e+00 6.784787e-03
3.050000e+02 4.055445e+00 6.867956e-03
3.050000e+02 4.046501e+00 6.751111e-03
3.100000e+02 5.295904e+00 8.937586e-03
3.100000e+02 5.301360e+00 8.922145e-03
3.100000e+02 5.271144e+00 8.978697e-03
3.100000e+02 5.276663e+00 8.876485e-03
3.100000e+02 5.294162e+00 8.993412e-03
3.100000e+02 5.271619e+00 8.862375e-03
3.100000e+02 5.280650e+00 8.944968e-03
3.100000e+02 5.279838e+00 8.895005e-03
3.100000e+02 5.266890e+00 8.870077e-03
3.100000e+02 5.271144e+00 8.908639e-03
3.100000e+02 5.283707e+00 8.879845e-03
3.100000e+02 5.266522e+00 8.878870e-03
3.100000e+02 5.270549e+00 8.913175e-03
3.100000e+02 5.296600e+00 8.906400e-03
3.100000e+02 5.279056e+00 8.975450e-03
3.100000e+02 5.292139e+00 8.944171e-03
3.100000e+02 5.282705e+00 8.892738e-03
3.100000e+02 5.285663e+00 8.893215e-03
3.100000e+02 5.276661e+00 8.992090e-03
3.100000e+02 5.294275e+00 8.964921e-03
3.150000e+02 6.813632e+00 1.156101e-02
3.150000e+02 6.777281e+00 1.149995e-02
3.150000e+02 6.803334e+00 1.153671e-02
3.150000e+02 6.789782e+00 1.161233e-02
3.150000e+02 6.781082e+00 1.154765e-02
3.150000e+02 6.800978e+00 1.153332e-02
3.150000e+02 6.778620e+00 1.155855e-02
3.150000e+02 6.779580e+00 1.155596e-02
3.150000e+02 6.781056e+00 1.153797e-02
3.150000e+02 6.791235e+00 1.147848e-02
3.150000e+02 6.781671e+00 1.159445e-02
3.150000e+02 6.809133e+00 1.156504e-02
3.150000e+02 6.803774e+00 1.152916e-02
3.150000e+02 6.796024e+00 1.173793e-02
3.150000e+02 6.786550e+00 1.152231e-02
3.150000e+02 6.794328e+00 1.148002e-02
3.150000e+02 6.785420e+00 1.156044e-02
3.150000e+02 6.801925e+00 1.152995e-02
3.150000e+02 6.787456e+00 1.154651e-02
3.150000e+02 6.812897e+00 1.160959e-02
3.200000e+02 8.741447e+00 1.515000e-02
3.200000e+02 8.724773e+00 1.490629e-02
3.200000e+02 8.722550e+00 1.510663e-02
3.200000e+02 8.720671e+00 1.516997e-02
3.200000e+02 8.736006e+00 1.501398e-02
3.200000e+02 8.711653e+00 1.516536e-02
3.200000e+02 8.738264e+00 1.500785e-02
3.200000e+02 8.742372e+00 1.517716e-02
3.200000e+02 8.737321e+00 1.507721e-02
3.200000e+02 8.734032e+00 1.497842e-02
3.200000e+02 8.717466e+00 1.501848e-02
3.200000e+02 8.732278e+00 1.506586e-02
3.200000e+02 8.742914e+00 1.507415e-02
3.200000e+02 8.722858e+00 1.502908e-02
3.200000e+02 8.740724e+00 1.493489e-02
3.200000e+02 8.733071e+00 1.521119e-02
3.200000e+02 8.770391e+00 1.513015e-02
3.200000e+02 8.724121e+00 1.504646e-02
3.200000e+02 8.709074e+00 1.512402e-02
3.200000e+02 8.727314e+00 1.488402e-02
3.250000e+02 1.135241e+01 1.997330e-02
3.250000e+02 1.135280e+01 2.017595e-02
3.250000e+02 1.138486e+01 2.016271e-02
3.250000e+02 1.138839e+01 2.018756e-02
3.250000e+02 1.137737e+01 2.013097e-02
3.250000e+02 1.137728e+01 2.010104e-02
3.250000e+02 1.137318e+01 1.977329e-02
3.250000e+02 1.138331e+01 2.003169e-02
3.250000e+02 1.138509e+01 2.025400e-02
3.250000e+02 1.140758e+01 2.010911e-02
3.250000e+02 1.141188e+01 2.012822e-02
3.250000e+02 1.136174e+01 1.993972e-02
3.250000e+02 1.141968e+01 1.996058e-02
3.250000e+02 1.136956e+01 1.991708e-02
3.250000e+02 1.138172e+01 1.995271e-02
3.250000e+02 1.139659e+01 1.984320e-02
3.250000e+02 1.137903e+01 1.989159e-02
3.250000e+02 1.142374e+01 1.987884e-02
3.250000e+02 1.138204e+01 1.993946e-02
3.250000e+02 1.139259e+01 1.993276e-02
3.300000e+02 1.536498e+01 2.745759e-02
3.300000e+02 1.536557e+01 2.749532e-02
3.300000e+02 1.537950e+01 2.762916e-02
3.300000e+02 1.538987e+01 2.784000e-02
3.300000e+02 1.537248e+01 2.758263e-02
3.300000e+02 1.537665e+01 2.775167e-02
3.300000e+02 1.541227e+01 2.759023e-02
3.300000e+02 1.540519e+01 2.773344e-02
3.300000e+02 1.540124e+01 2.774508e-02
3.300000e+02 1.543193e+01 2.754985e-02
3.300000e+02 1.540590e+01 2.785193e-02
3.300000e+02 1.538962e+01 2.772699e-02
3.300000e+02 1.541480e+01 2.767209e-02
3.300000e+02 1.543850e+01 2.778860e-02
3.300000e+02 1.537039e+01 2.780219e-02
3.300000e+02 1.538657e+01 2.778480e-02
3.300000e+02 1.537678e+01 2.738676e-02
3.300000e+02 1.543968e+01 2.789762e-02
3.300000e+02 1.540812e+01 2.773213e-02
3.300000e+02 1.538686e+01 2.760538e-02
3.350000e+02 2.253574e+01 4.177272e-02
3.350000e+02 2.262848e+01 4.247089e-02
3.350000e+02 2.255225e+01 4.231562e-02
3.350000e+02 2.255367e+01 4.206028e-02
3.350000e+02 2.254522e+01 4.217739e-02
3.350000e+02 2.255369e+01 4.230398e-02
3.350000e+02 2.256249e+01 4.203479e-02
3.350000e+02 2.256546e+01 4.204360e-02
3.350000e+02 2.260748e+01 4.204535e-02
3.350000e+02 2.266463e+01 4.201975e-02
3.350000e+02 2.260387e+01 4.182111e-02
3.350000e+02 2.262476e+01 4.270840e-02
3.350000e+02 2.270738e+01 4.236262e-02
3.350000e+02 2.267130e+01 4.132984e-02
3.350000e+02 2.262694e+01 4.141681e-02
3.350000e+02 2.257987e+01 4.153777e-02
3.350000e+02 2.263710e+01 4.253369e-02
3.350000e+02 2.263439e+01 4.205756e-02
3.350000e+02 2.259785e+01 4.190525e-02
3.350000e+02 2.260584e+01 4.222766e-02
3.400000e+02 4.050510e+01 7.829035e-02
3.400000e+02 4.055468e+01 7.947800e-02
3.400000e+02 4.030460e+01 7.874071e-02
3.400000e+02 4.054360e+01 7.768849e-02
3.400000e+02 4.034801e+01 7.816378e-02
3.400000e+02 4.059457e+01 8.130732e-02
3.400000e+02 4.056548e+01 8.026768e-02
3.400000e+02 4.033527e+01 7.798990e-02
3.400000e+02 4.051714e+01 7.855795e-02
3.400000e+02 4.050860e+01 7.780943e-02
3.400000e+02 4.055755e+01 7.918114e-02
3.400000e+02 4.039846e+01 7.931178e-02
3.400000e+02 4.045079e+01 7.937683e-02
3.400000e+02 4.038283e+01 7.878844e-02
3.400000e+02 4.027188e+01 7.937066e-02
3.400000e+02 4.044014e+01 7.956232e-02
3.400000e+02 4.045811e+01 8.168997e-02
3.400000e+02 4.052892e+01 7.809404e-02
3.400000e+02 4.042547e+01 7.811324e-02
3.400000e+02 4.062581e+01 7.873339e-02
3.450000e+02 1.492011e+02 3.019738e-01
3.450000e+02 1.485954e+02 3.011713e-01
3.450000e+02 1.488284e+02 3.117087e-01
3.450000e+02 1.487747e+02 3.064947e-01
3.450000e+02 1.487730e+02 3.085270e-01
3.450000e+02 1.480953e+02 3.013670e-01
3.450000e+02 1.486735e+02 3.108800e-01
3.450000e+02 1.485018e+02 3.125485e-01
3.450000e+02 1.479284e+02 3.022164e-01
3.450000e+02 1.488956e+02 2.960042e-01
3.450000e+02 1.487996e+02 3.004061e-01
3.450000e+02 1.482532e+02 3.080904e-01
3.450000e+02 1.482551e+02 3.292901e-01
3.450000e+02 1.482340e+02 3.296793e-01
3.450000e+02 1.486635e+02 3.044637e-01
3.450000e+02 1.489851e+02 3.019908e-01
3.450000e+02 1.489210e+02 3.125620e-01
3.450000e+02 1.486912e+02 3.041397e-01
3.450000e+02 1.486260e+02 3.005462e-01
3.450000e+02 1.486368e+02 2.979046e-01
3.500000e+02 5.990801e+02 1.217424e+00
3.500000e+02 5.972839e+02 1.191624e+00
3.500000e+02 6.004603e+02 1.217310e+00
3.500000e+02 5.994895e+02 1.236009e+00
3.500000e+02 6.022886e+02 1.223713e+00
3.500000e+02 5.976423e+02 1.213439e+00
3.500000e+02 5.977149e+02 1.223305e+00
3.500000e+02 6.001969e+02 1.218400e+00
3.500000e+02 6.002036e+02 1.193674e+00
3.500000e+02 5.971675e+02 1.206819e+00
3.500000e+02 5.992880e+02 1.207031e+00
3.500000e+02 5.983227e+02 1.199361e+00
3.500000e+02 5.969019e+02 1.207492e+00
3.500000e+02 5.983836e+02 1.223158e+00
3.500000e+02 5.983223e+02 1.197919e+00
3.500000e+02 5.982704e+02 1.227363e+00
3.500000e+02 6.005161e+02 1.220938e+00
3.500000e+02 5.992100e+02 1.190258e+00
3.500000e+02 6.000822e+02 1.239383e+00
3.500000e+02 5.981334e+02 1.217400e+00
3.550000e+02 7.155237e+02 1.583049e+00
3.550000e+02 7.145360e+02 1.582796e+00
3.550000e+02 7.131974e+02 1.571096e+00
3.550000e+02 7.135855e+02 1.581387e+00
3.550000e+02 7.115065e+02 1.560505e+00
3.550000e+02 7.144520e+02 1.516684e+00
3.550000e+02 7.162396e+02 1.577259e+00
3.550000e+02 7.139293e+02 1.536989e+00
3.550000e+02 7.149566e+02 1.516463e+00
3.550000e+02 7.152785e+02 1.543080e+00
3.550000e+02 7.119935e+02 1.540606e+00
3.550000e+02 7.160645e+02 1.558022e+00
3.550000e+02 7.130711e+02 1.584010e+00
3.550000e+02 7.145548e+02 1.552169e+00
3.550000e+02 7.126256e+02 1.539714e+00
3.550000e+02 7.137472e+02 1.574014e+00
3.550000e+02 7.123813e+02 1.555132e+00
3.550000e+02 7.142046e+02 1.600882e+00
3.550000e+02 7.131565e+02 1.564970e+00
3.550000e+02 7.108456e+02 1.583085e+00
3.600000e+02 7.769050e+02 1.787575e+00
3.600000e+02 7.728996e+02 1.812191e+00
3.600000e+02 7.748092e+02 1.776600e+00
3.600000e+02 7.777496e+02 1.791761e+00
3.600000e+02 7.725305e+02 1.776841e+00
3.600000e+02 7.760389e+02 1.786877e+00
3.600000e+02 7.769705e+02 1.769959e+00
3.600000e+02 7.771664e+02 1.796111e+00
3.600000e+02 7.775194e+02 1.814582e+00
3.600000e+02 7.753413e+02 1.728953e+00
3.600000e+02 7.784135e+02 1.721743e+00
3.600000e+02 7.767863e+02 1.762434e+00
3.600000e+02 7.756228e+02 1.773371e+00
3.600000e+02 7.751791e+02 1.794553e+00
3.600000e+02 7.784778e+02 1.786394e+00
3.600000e+02 7.745278e+02 1.767531e+00
3.600000e+02 7.763917e+02 1.745471e+00
3.600000e+02 7.732363e+02 1.757849e+00
3.600000e+02 7.718093e+02 1.774350e+00
3.600000e+02 7.741271e+02 1.744445e+00
3.650000e+02 8.182652e+02 1.883862e+00
3.650000e+02 8.203494e+02 1.934211e+00
3.650000e+02 8.208051e+02 1.957526e+00
3.650000e+02 8.206274e+02 1.905301e+00
3.650000e+02 8.163803e+02 1.900950e+00
3.650000e+02 8.175384e+02 1.926230e+00
3.650000e+02 8.172346e+02 1.960870e+00
3.650000e+02 8.165989e+02 1.927247e+00
3.650000e+02 8.215231e+02 1.926494e+00
3.650000e+02 8.189347e+02 1.860002e+00
3.650000e+02 8.200924e+02 1.881844e+00
3.650000e+02 8.146814e+02 1.908834e+00
3.650000e+02 8.191483e+02 1.906203e+00
3.650000e+02 8.161025e+02 1.960565e+00
3.650000e+02 8.196851e+02 1.903719e+00
3.650000e+02 8.193106e+02 1.924863e+00
3.650000e+02 8.206293e+02 1.846497e+00
3.650000e+02 8.192973e+02 1.888445e+00
3.650000e+02 8.189232e+02 1.935703e+00
3.650000e+02 8.171900e+02 1.872157e+00
3.700000e+02 8.434855e+02 1.975748e+00
3.700000e+02 8.499627e+02 2.003975e+00
3.700000e+02 8.508659e+02 2.060174e+00
3.700000e+02 8.473848e+02 2.059487e+00
3.700000e+02 8.510109e+02 2.049266e+00
3.700000e+02 8.447591e+02 1.983497e+00
3.700000e+02 8.443151e+02 2.021672e+00
3.700000e+02 8.492187e+02 1.971273e+00
3.700000e+02 8.515640e+02 1.990445e+00
3.700000e+02 8.474144e+02 2.021960e+00
3.700000e+02 8.494966e+02 1.988971e+00
3.700000e+02 8.452127e+02 2.034278e+00
3.700000e+02 8.478090e+02 2.036948e+00
3.700000e+02 8.510738e+02 2.062596e+00
3.700000e+02 8.488277e+02 2.014961e+00
3.700000e+02 8.506770e+02 2.038896e+00
3.700000e+02 8.459424e+02 1.970712e+00
3.700000e+02 8.492691e+02 2.009392e+00
3.700000e+02 8.514728e+02 2.031039e+00
3.700000e+02 8.509921e+02 2.024019e+00
3.750000e+02 8.694098e+02 2.172324e+00
3.750000e+02 8.696293e+02 2.036711e+00
3.750000e+02 8.726204e+02 2.129024e+00
3.750000e+02 8.689725e+02 2.114891e+00
3.750000e+02 8.725859e+02 2.185940e+00
3.750000e+02 8.709358e+02 2.088790e+00
3.750000e+02 8.764934e+02 2.075768e+00
3.750000e+02 8.716369e+02 2.154121e+00
3.750000e+02 8.709727e+02 2.142015e+00
3.750000e+02 8.721352e+02 2.172344e+00
3.750000e+02 8.709145e+02 2.120743e+00
3.750000e+02 8.719483e+02 2.156076e+00
3.750000e+02 8.714030e+02 2.154120e+00
3.750000e+02 8.721276e+02 2.132885e+00
3.750000e+02 8.695427e+02 2.197693e+00
3.750000e+02 8.706966e+02 2.118409e+00
3.750000e+02 8.678459e+02 2.165087e+00
3.750000e+02 8.705501e+02 2.267450e+00
3.750000e+02 8.743401e+02 2.157478e+00
3.750000e+02 8.718462e+02 2.173362e+00
3.800000e+02 8.853744e+02 2.205505e+00
3.800000e+02 8.826311e+02 2.230427e+00
3.800000e+02 8.875753e+02 2.212842e+00
3.800000e+02 8.868339e+02 2.265514e+00
3.800000e+02 8.887023e+02 2.169446e+00
3.800000e+02 8.883786e+02 2.226660e+00
3.800000e+02 8.867412e+02 2.298295e+00
3.800000e+02 8.845934e+02 2.231335e+00
3.800000e+02 8.919445e+02 2.205130e+00
3.800000e+02 8.892725e+02 2.278025e+00
3.800000e+02 8.878484e+02 2.263709e+00
3.800000e+02 8.860613e+02 2.234241e+00
3.800000e+02 8.877465e+02 2.206393e+00
3.800000e+02 8.858106e+02 2.252487e+00
3.800000e+02 8.885459e+02 2.247158e+00
3.800000e+02 8.920727e+02 2.252086e+00
3.800000e+02 8.904612e+02 2.263286e+00
3.800000e+02 8.873547e+02 2.258023e+00
3.800000e+02 8.911205e+02 2.264217e+00
3.800000e+02 8.871413e+02 2.211310e+00
3.850000e+02 9.004377e+02 2.362539e+00
3.850000e+02 9.007922e+02 2.344676e+00
3.850000e+02 8.992260e+02 2.350986e+00
3.850000e+02 9.023341e+02 2.335816e+00
3.850000e+02 9.020098e+02 2.315024e+00
3.850000e+02 9.027554e+02 2.350454e+00
3.850000e+02 9.008960e+02 2.325490e+00
3.850000e+02 9.042837e+02 2.309119e+00
3.850000e+02 8.972031e+02 2.280806e+00
3.850000e+02 9.049201e+02 2.319029e+00
3.850000e+02 8.988360e+02 2.275718e+00
3.850000e+02 9.058920e+02 2.284400e+00
3.850000e+02 9.012028e+02 2.280003e+00
3.850000e+02 8.986708e+02 2.300075e+00
3.850000e+02 9.028215e+02 2.288500e+00
3.850000e+02 9.047392e+02 2.285241e+00
3.850000e+02 9.050920e+02 2.310584e+00
3.850000e+02 9.028858e+02 2.250923e+00
3.850000e+02 9.049449e+02 2.287635e+00
3.850000e+02 9.002242e+02 2.346991e+00
3.900000e+02 9.103445e+02 2.357946e+00
3.900000e+02 9.137040e+02 2.423049e+00
3.900000e+02 9.088201e+02 2.387342e+00
3.900000e+02 9.129634e+02 2.290696e+00
3.900000e+02 9.073341e+02 2.327784e+00
3.900000e+02 9.104842e+02 2.281663e+00
3.900000e+02 9.101026e+02 2.309743e+00
3.900000e+02 9.111066e+02 2.348028e+00
3.900000e+02 9.150458e+02 2.370631e+00
3.900000e+02 9.109894e+02 2.424113e+00
3.900000e+02 9.110490e+02 2.265477e+00
3.900000e+02 9.113065e+02 2.359763e+00
3.900000e+02 9.084713e+02 2.280009e+00
3.900000e+02 9.123940e+02 2.339834e+00
3.900000e+02 9.086357e+02 2.320147e+00
3.900000e+02 9.102002e+02 2.375715e+00
3.900000e+02 9.066868e+02 2.334415e+00
3.900000e+02 9.112731e+02 2.367976e+00
3.900000e+02 9.130935e+02 2.345045e+00
3.900000e+02 9.128171e+02 2.409956e+00
3.950000e+02 9.126511e+02 2.336711e+00
3.950000e+02 9.180558e+02 2.375894e+00
3.950000e+02 9.134300e+02 2.337505e+00
3.950000e+02 9.202272e+02 2.379495e+00
3.950000e+02 9.141016e+02 2.408015e+00
3.950000e+02 9.166646e+02 2.420787e+00
3.950000e+02 9.183536e+02 2.287402e+00
3.950000e+02 9.172038e+02 2.410575e+00
3.950000e+02 9.121156e+02 2.321115e+00
3.950000e+02 9.185005e+02 2.345049e+00
3.950000e+02 9.159334e+02 2.383661e+00
3.950000e+02 9.181564e+02 2.380328e+00
3.950000e+02 9.159249e+02 2.464026e+00
3.950000e+02 9.177290e+02 2.390421e+00
3.950000e+02 9.200588e+02 2.357257e+00
3.950000e+02 9.145643e+02 2.339296e+00
3.950000e+02 9.166998e+02 2.356986e+00
3.950000e+02 9.140454e+02 2.362795e+00
3.950000e+02 9.157718e+02 2.371704e+00
3.950000e+02 9.195957e+02 2.368883e+00
4.000000e+02 9.215265e+02 2.351537e+00
4.000000e+02 9.208933e+02 2.378040e+00
4.000000e+02 9.227981e+02 2.373033e+00
4.000000e+02 9.241177e+02 2.472658e+00
4.000000e+02 9.184997e+02 2.480892e+00
4.000000e+02 9.170855e+02 2.454553e+00
4.000000e+02 9.163468e+02 2.376592e+00
4.000000e+02 9.213819e+02 2.332129e+00
4.000000e+02 9.242232e+02 2.368452e+00
4.000000e+02 9.205558e+02 2.383811e+00
4.000000e+02 9.205008e+02 2.410376e+00
4.000000e+02 9.213914e+02 2.359233e+00
4.000000e+02 9.210209e+02 2.391567e+00
4.000000e+02 9.212333e+02 2.393696e+00
4.000000e+02 9.192947e+02 2.397115e+00
4.000000e+02 9.196733e+02 2.413803e+00
4.000000e+02 9.231527e+02 2.407893e+00
4.000000e+02 9.243101e+02 2.367433e+00
4.000000e+02 9.219677e+02 2.375074e+00
4.000000e+02 9.219119e+02 2.383526e+00
4.100000e+02 9.247855e+02 2.461934e+00
4.100000e+02 9.251933e+02 2.477088e+00
4.100000e+02 9.265552e+02 2.394429e+00
4.100000e+02 9.239990e+02 2.460387e+00
4.100000e+02 9.263582e+02 2.362756e+00
4.100000e+02 9.243907e+02 2.400184e+00
4.100000e+02 9.198358e+02 2.405855e+00
4.100000e+02 9.252595e+02 2.440515e+00
4.100000e+02 9.234571e+02 2.453420e+00
4.100000e+02 9.201919e+02 2.418253e+00
4.100000e+02 9.202421e+02 2.407805e+00
4.100000e+02 9.257156e+02 2.350398e+00
4.100000e+02 9.252511e+02 2.432930e+00
4.100000e+02 9.229541e+02 2.403686e+00
4.100000e+02 9.258794e+02 2.475878e+00
4.100000e+02 9.222371e+02 2.394669e+00
4.100000e+02 9.262537e+02 2.392357e+00
4.100000e+02 9.263391e+02 2.363638e+00
4.100000e+02 9.236514e+02 2.430748e+00
4.100000e+02 9.238172e+02 2.370017e+00
4.200000e+02 9.222361e+02 2.441258e+00
4.200000e+02 9.217609e+02 2.363889e+00
4.200000e+02 9.194820e+02 2.340822e+00
4.200000e+02 9.166597e+02 2.421721e+00
4.200000e+02 9.240487e+02 2.413832e+00
4.200000e+02 9.178108e+02 2.369992e+00
4.200000e+02 9.163368e+02 2.368067e+00
4.200000e+02 9.167228e+02 2.396513e+00
4.200000e+02 9.211969e+02 2.397434e+00
4.200000e+02 9.237599e+02 2.437518e+00
4.200000e+02 9.214370e+02 2.324371e+00
4.200000e+02 9.242954e+02 2.391334e+00
4.200000e+02 9.242132e+02 2.437790e+00
4.200000e+02 9.172436e+02 2.472689e+00
4.200000e+02 9.198052e+02 2.441285e+00
4.200000e+02 9.226110e+02 2.425091e+00
4.200000e+02 9.238037e+02 2.410074e+00
4.200000e+02 9.242397e+02 2.407936e+00
4.200000e+02 9.187160e+02 2.423005e+00
4.200000e+02 9.229072e+02 2.400807e+00
4.300000e+02 9.107522e+02 2.404758e+00
4.300000e+02 9.101543e+02 2.317338e+00
4.300000e+02 9.152833e+02 2.347821e+00
4.300000e+02 9.077486e+02 2.446647e+00
4.300000e+02 9.126117e+02 2.371409e+00
4.300000e+02 9.105779e+02 2.342191e+00
4.300000e+02 9.141496e+02 2.349917e+00
4.300000e+02 9.158433e+02 2.423679e+00
4.300000e+02 9.126370e+02 2.366056e+00
4.300000e+02 9.123580e+02 2.480037e+00
4.300000e+02 9.147738e+02 2.423315e+00
4.300000e+02 9.158412e+02 2.363925e+00
4.300000e+02 9.131590e+02 2.414908e+00
4.300000e+02 9.155669e+02 2.405140e+00
4.300000e+02 9.132485e+02 2.372358e+00
4.300000e+02 9.143053e+02 2.349029e+00
4.300000e+02 9.113329e+02 2.354300e+00
4.300000e+02 9.146622e+02 2.358318e+00
4.300000e+02 9.163225e+02 2.448078e+00
4.300000e+02 9.135333e+02 2.375663e+00
4.400000e+02 9.053193e+02 2.230229e+00
4.400000e+02 9.002723e+02 2.335260e+00
4.400000e+02 9.020836e+02 2.358934e+00
4.400000e+02 9.020026e+02 2.330017e+00
4.400000e+02 9.057734e+02 2.356932e+00
4.400000e+02 9.027414e+02 2.289504e+00
4.400000e+02 9.059038e+02 2.398945e+00
4.400000e+02 9.066481e+02 2.327357e+00
4.400000e+02 9.061488e+02 2.327400e+00
4.400000e+02 8.985163e+02 2.392283e+00
4.400000e+02 9.009781e+02 2.395519e+00
4.400000e+02 9.042374e+02 2.323245e+00
4.400000e+02 9.025845e+02 2.331881e+00
4.400000e+02 9.081468e+02 2.390007e+00
4.400000e+02 9.035679e+02 2.277847e+00
4.400000e+02 9.030042e+02 2.353269e+00
4.400000e+02 9.020893e+02 2.376935e+00
4.400000e+02 9.062898e+02 2.327697e+00
4.400000e+02 9.066730e+02 2.340558e+00
4.400000e+02 9.017149e+02 2.322147e+00
4.500000e+02 8.907721e+02 2.317079e+00
4.500000e+02 8.921239e+02 2.310458e+00
4.500000e+02 8.905464e+02 2.267999e+00
4.500000e+02 8.879564e+02 2.248146e+00
4.500000e+02 8.891071e+02 2.281557e+00
4.500000e+02 8.901566e+02 2.311475e+00
4.500000e+02 8.854562e+02 2.321479e+00
4.500000e+02 8.920426e+02 2.400691e+00
4.500000e+02 8.883508e+02 2.300844e+00
4.500000e+02 8.921175e+02 2.305576e+00
4.500000e+02 8.937043e+02 2.312800e+00
4.500000e+02 8.956753e+02 2.313670e+00
4.500000e+02 8.878510e+02 2.271909e+00
4.500000e+02 8.918474e+02 2.263939e+00
4.500000e+02 8.901779e+02 2.332521e+00
4.500000e+02 8.915536e+02 2.261668e+00
4.500000e+02 8.892720e+02 2.288227e+00
4.500000e+02 8.880215e+02 2.313599e+00
4.500000e+02 8.949219e+02 2.257760e+00
4.500000e+02 8.905975e+02 2.253598e+00
4.600000e+02 8.742445e+02 2.257214e+00
4.600000e+02 8.724541e+02 2.204219e+00
4.600000e+02 8.774184e+02 2.213122e+00
4.600000e+02 8.781710e+02 2.167774e+00
4.600000e+02 8.774917e+02 2.268089e+00
4.600000e+02 8.754029e+02 2.225701e+00
4.600000e+02 8.818928e+02 2.205962e+00
4.600000e+02 8.767586e+02 2.234136e+00
4.600000e+02 8.779110e+02 2.274179e+00
4.600000e+02 8.759284e+02 2.220767e+00
4.600000e+02 8.769251e+02 2.265933e+00
4.600000e+02 8.768629e+02 2.201877e+00
4.600000e+02 8.774075e+02 2.251468e+00
4.600000e+02 8.791836e+02 2.275244e+00
4.600000e+02 8.774279e+02 2.229625e+00
4.600000e+02 8.773027e+02 2.243597e+00
4.600000e+02 8.788437e+02 2.173628e+00
4.600000e+02 8.786713e+02 2.137592e+00
4.600000e+02 8.755658e+02 2.251951e+00
4.600000e+02 8.774745e+02 2.326812e+00
4.700000e+02 8.592411e+02 2.223852e+00
4.700000e+02 8.632669e+02 2.207513e+00
4.700000e+02 8.647609e+02 2.163023e+00
4.700000e+02 8.607069e+02 2.229481e+00
4.700000e+02 8.613231e+02 2.235188e+00
4.700000e+02 8.613839e+02 2.217722e+00
4.700000e+02 8.611015e+02 2.227553e+00
4.700000e+02 8.598517e+02 2.253283e+00
4.700000e+02 8.600014e+02 2.249367e+00
4.700000e+02 8.670367e+02 2.277726e+00
4.700000e+02 8.660697e+02 2.230784e+00
4.700000e+02 8.644751e+02 2.201630e+00
4.700000e+02 8.602677e+02 2.194333e+00
4.700000e+02 8.656802e+02 2.197988e+00
4.700000e+02 8.623063e+02 2.247858e+00
4.700000e+02 8.610656e+02 2.250976e+00
4.700000e+02 8.606863e+02 2.159420e+00
4.700000e+02 8.609496e+02 2.229182e+00
4.700000e+02 8.592690e+02 2.226679e+00
4.700000e+02 8.628765e+02 2.194002e+00
4.800000e+02 8.486517e+02 2.167516e+00
4.800000e+02 8.473979e+02 2.198672e+00
4.800000e+02 8.445454e+02 2.221164e+00
4.800000e+02 8.477854e+02 2.153629e+00
4.800000e+02 8.468091e+02 2.157365e+00
4.800000e+02 8.444288e+02 2.185463e+00
4.800000e+02 8.458518e+02 2.144732e+00
4.800000e+02 8.432214e+02 2.152851e+00
4.800000e+02 8.441066e+02 2.157262e+00
4.800000e+02 8.511931e+02 2.153863e+00
4.800000e+02 8.452294e+02 2.223548e+00
4.800000e+02 8.476904e+02 2.109520e+00
4.800000e+02 8.471044e+02 2.154471e+00
4.800000e+02 8.433209e+02 2.162971e+00
4.800000e+02 8.434517e+02 2.138647e+00
4.800000e+02 8.476480e+02 2.086781e+00
4.800000e+02 8.431220e+02 2.230643e+00
4.800000e+02 8.445830e+02 2.137149e+00
4.800000e+02 8.436587e+02 2.184114e+00
4.800000e+02 8.487978e+02 2.115368e+00
4.900000e+02 8.335367e+02 2.114340e+00
4.900000e+02 8.289581e+02 2.183637e+00
4.900000e+02 8.320796e+02 2.125934e+00
4.900000e+02 8.331173e+02 2.122443e+00
4.900000e+02 8.312956e+02 2.060139e+00
4.900000e+02 8.339091e+02 2.109544e+00
4.900000e+02 8.309318e+02 2.103638e+00
4.900000e+02 8.292153e+02 2.065062e+00
4.900000e+02 8.282124e+02 2.111839e+00
4.900000e+02 8.299954e+02 2.001763e+00
4.900000e+02 8.304858e+02 2.083902e+00
4.900000e+02 8.293583e+02 2.101927e+00
4.900000e+02 8.285191e+02 2.070409e+00
4.900000e+02 8.294194e+02 2.139742e+00
4.900000e+02 8.329112e+02 2.058120e+00
4.900000e+02 8.270173e+02 2.117615e+00
4.900000e+02 8.300857e+02 2.121499e+00
4.900000e+02 8.301242e+02 2.111640e+00
4.900000e+02 8.300446e+02 2.025424e+00
4.900000e+02 8.297519e+02 2.131296e+00
5.000000e+02 8.148351e+02 2.061991e+00
5.000000e+02 8.161385e+02 2.037521e+00
5.000000e+02 8.155458e+02 2.019504e+00
5.000000e+02 8.159675e+02 2.094202e+00
5.000000e+02 8.108298e+02 2.055967e+00
5.000000e+02 8.144090e+02 2.055028e+00
5.000000e+02 8.141169e+02 2.077928e+00
5.000000e+02 8.129618e+02 2.100222e+00
5.000000e+02 8.151593e+02 2.052424e+00
5.000000e+02 8.105387e+02 2.068289e+00
5.000000e+02 8.122383e+02 2.087414e+00
5.000000e+02 8.134868e+02 2.070783e+00
5.000000e+02 8.116203e+02 2.050883e+00
5.000000e+02 8.130610e+02 2.071170e+00
5.000000e+02 8.135738e+02 2.109988e+00
5.000000e+02 8.151939e+02 2.101938e+00
5.000000e+02 8.108638e+02 2.077290e+00
5.000000e+02 8.142694e+02 2.098625e+00
5.000000e+02 8.090433e+02 2.082603e+00
5.000000e+02 8.118681e+02 2.065756e+00
5.100000e+02 8.001827e+02 2.009065e+00
5.100000e+02 7.979473e+02 2.072002e+00
5.100000e+02 7.917662e+02 1.999988e+00
5.100000e+02 7.986752e+02 2.020314e+00
5.100000e+02 7.964339e+02 2.055223e+00
5.100000e+02 7.957512e+02 1.989904e+00
5.100000e+02 7.980634e+02 2.005440e+00
5.100000e+02 7.951723e+02 2.004281e+00
5.100000e+02 8.004634e+02 1.994604e+00
5.100000e+02 7.983860e+02 1.983106e+00
5.100000e+02 7.990489e+02 1.976096e+00
5.100000e+02 8.029876e+02 2.014204e+00
5.100000e+02 7.968466e+02 1.994461e+00
5.100000e+02 7.960169e+02 2.019600e+00
5.100000e+02 7.961484e+02 2.022055e+00
5.100000e+02 7.977945e+02 2.039893e+00
5.100000e+02 7.983425e+02 1.986936e+00
5.100000e+02 7.937794e+02 2.002855e+00
5.100000e+02 7.983536e+02 1.995422e+00
5.100000e+02 7.950270e+02 1.991801e+00
5.200000e+02 7.795163e+02 1.928423e+00
5.200000e+02 7.829295e+02 1.964562e+00
5.200000e+02 7.782260e+02 1.981647e+00
5.200000e+02 7.803615e+02 1.921601e+00
5.200000e+02 7.845499e+02 1.976241e+00
5.200000e+02 7.815834e+02 1.966699e+00
5.200000e+02 7.801149e+02 1.953641e+00
5.200000e+02 7.776874e+02 1.947661e+00
5.200000e+02 7.803432e+02 1.909618e+00
5.200000e+02 7.783887e+02 1.994319e+00
5.200000e+02 7.770683e+02 1.932232e+00
5.200000e+02 7.814977e+02 1.944879e+00
5.200000e+02 7.849096e+02 1.962113e+00
5.200000e+02 7.782041e+02 1.953144e+00
5.200000e+02 7.782624e+02 1.905142e+00
5.200000e+02 7.776048e+02 1.906440e+00
5.200000e+02 7.830886e+02 1.955035e+00
5.200000e+02 7.799156e+02 1.999401e+00
5.200000e+02 7.846350e+02 1.899937e+00
5.200000e+02 7.807387e+02 1.963616e+00
5.300000e+02 7.635408e+02 1.903199e+00
5.300000e+02 7.581815e+02 1.909165e+00
5.300000e+02 7.629126e+02 1.918536e+00
5.300000e+02 7.625779e+02 1.925178e+00
5.300000e+02 7.680699e+02 1.875376e+00
5.300000e+02 7.626004e+02 1.930396e+00
5.300000e+02 7.624220e+02 1.916586e+00
5.300000e+02 7.653905e+02 1.944142e+00
5.300000e+02 7.673325e+02 1.894217e+00
5.300000e+02 7.637506e+02 1.877587e+00
5.300000e+02 7.633318e+02 1.907866e+00
5.300000e+02 7.644105e+02 1.886246e+00
5.300000e+02 7.610467e+02 1.916227e+00
5.300000e+02 7.590843e+02 1.899985e+00
5.300000e+02 7.645669e+02 1.891224e+00
5.300000e+02 7.626361e+02 1.900138e+00
5.300000e+02 7.636383e+02 1.897638e+00
5.300000e+02 7.627200e+02 1.892260e+00
5.300000e+02 7.616402e+02 1.884709e+00
5.300000e+02 7.648757e+02 1.931314e+00
5.400000e+02 7.497309e+02 1.878427e+00
5.400000e+02 7.494662e+02 1.848918e+00
5.400000e+02 7.470660e+02 1.853198e+00
5.400000e+02 7.473903e+02 1.853827e+00
5.400000e+02 7.452823e+02 1.850639e+00
5.400000e+02 7.493993e+02 1.844971e+00
5.400000e+02 7.490221e+02 1.842453e+00
5.400000e+02 7.475125e+02 1.868683e+00
5.400000e+02 7.490620e+02 1.818683e+00
5.400000e+02 7.482383e+02 1.821413e+00
5.400000e+02 7.476863e+02 1.834141e+00
5.400000e+02 7.459422e+02 1.864299e+00
5.400000e+02 7.494915e+02 1.869543e+00
5.400000e+02 7.499816e+02 1.855022e+00
5.400000e+02 7.494415e+02 1.858121e+00
5.400000e+02 7.459262e+02 1.891316e+00
5.400000e+02 7.483574e+02 1.858960e+00
5.400000e+02 7.457592e+02 1.889238e+00
5.400000e+02 7.480839e+02 1.903385e+00
5.400000e+02 7.479468e+02 1.853956e+00
5.500000e+02 7.321955e+02 1.808485e+00
5.500000e+02 7.304459e+02 1.813401e+00
5.500000e+02 7.283685e+02 1.829263e+00
5.500000e+02 7.315673e+02 1.850811e+00
5.500000e+02 7.281947e+02 1.805623e+00
5.500000e+02 7.313917e+02 1.815708e+00
5.500000e+02 7.315826e+02 1.797268e+00
5.500000e+02 7.339063e+02 1.825857e+00
5.500000e+02 7.297670e+02 1.833154e+00
5.500000e+02 7.279543e+02 1.835233e+00
5.500000e+02 7.333387e+02 1.794295e+00
5.500000e+02 7.310984e+02 1.794645e+00
5.500000e+02 7.303941e+02 1.765950e+00
5.500000e+02 7.323817e+02 1.797800e+00
5.500000e+02 7.308547e+02 1.800158e+00
5.500000e+02 7.325306e+02 1.788505e+00
5.500000e+02 7.315221e+02 1.792039e+00
5.500000e+02 7.277649e+02 1.824759e+00
5.500000e+02 7.323936e+02 1.842278e+00
5.500000e+02 7.346630e+02 1.789235e+00
5.600000e+02 7.162134e+02 1.749478e+00
5.600000e+02 7.178737e+02 1.733083e+00
5.600000e+02 7.149654e+02 1.761881e+00
5.600000e+02 7.146990e+02 1.745717e+00
5.600000e+02 7.168266e+02 1.787128e+00
5.600000e+02 7.148251e+02 1.783729e+00
5.600000e+02 7.167617e+02 1.767262e+00
5.600000e+02 7.129812e+02 1.784176e+00
5.600000e+02 7.140872e+02 1.755785e+00
5.600000e+02 7.134890e+02 1.759442e+00
5.600000e+02 7.160663e+02 1.746821e+00
5.600000e+02 7.196572e+02 1.796723e+00
5.600000e+02 7.177461e+02 1.760877e+00
5.600000e+02 7.149042e+02 1.753231e+00
5.600000e+02 7.153046e+02 1.768479e+00
5.600000e+02 7.093942e+02 1.790462e+00
5.600000e+02 7.150854e+02 1.784425e+00
5.600000e+02 7.148561e+02 1.784989e+00
5.600000e+02 7.155367e+02 1.776658e+00
5.600000e+02 7.165404e+02 1.765553e+00
5.700000e+02 7.021755e+02 1.693230e+00
5.700000e+02 6.979712e+02 1.727272e+00
5.700000e+02 6.994044e+02 1.748031e+00
5.700000e+02 7.056961e+02 1.697558e+00
5.700000e+02 6.987561e+02 1.750679e+00
5.700000e+02 7.002759e+02 1.724635e+00
5.700000e+02 7.024869e+02 1.708012e+00
5.700000e+02 6.994458e+02 1.751406e+00
5.700000e+02 7.003095e+02 1.739051e+00
5.700000e+02 7.019261e+02 1.732122e+00
5.700000e+02 7.000014e+02 1.761210e+00
5.700000e+02 7.006887e+02 1.691803e+00
5.700000e+02 7.036452e+02 1.683683e+00
5.700000e+02 7.006247e+02 1.714488e+00
5.700000e+02 6.993254e+02 1.713101e+00
5.700000e+02 6.996792e+02 1.701580e+00
5.700000e+02 7.012927e+02 1.695270e+00
5.700000e+02 6.983459e+02 1.719060e+00
5.700000e+02 6.982347e+02 1.708167e+00
5.700000e+02 6.973013e+02 1.730999e+00
5.800000e+02 6.848698e+02 1.664636e+00
5.800000e+02 6.829880e+02 1.692400e+00
5.800000e+02 6.872194e+02 1.714028e+00
5.800000e+02 6.865012e+02 1.680112e+00
5.800000e+02 6.867398e+02 1.666146e+00
5.800000e+02 6.862043e+02 1.650910e+00
5.800000e+02 6.855961e+02 1.653572e+00
5.800000e+02 6.868439e+02 1.667408e+00
5.800000e+02 6.874975e+02 1.675331e+00
5.800000e+02 6.861626e+02 1.703897e+00
5.800000e+02 6.869605e+02 1.674839e+00
5.800000e+02 6.848876e+02 1.689657e+00
5.800000e+02 6.877650e+02 1.677841e+00
5.800000e+02 6.843257e+02 1.695385e+00
5.800000e+02 6.856791e+02 1.672018e+00
5.800000e+02 6.842769e+02 1.709083e+00
5.800000e+02 6.832500e+02 1.681896e+00
5.800000e+02 6.849384e+02 1.696025e+00
5.800000e+02 6.837541e+02 1.672087e+00
5.800000e+02 6.844311e+02 1.688207e+00
5.900000e+02 6.696303e+02 1.643431e+00
5.900000e+02 6.679442e+02 1.629556e+00
5.900000e+02 6.712894e+02 1.594298e+00
5.900000e+02 6.688415e+02 1.629725e+00
5.900000e+02 6.768245e+02 1.631390e+00
5.900000e+02 6.713933e+02 1.648722e+00
5.900000e+02 6.681352e+02 1.650459e+00
5.900000e+02 6.679600e+02 1.651513e+00
5.900000e+02 6.726497e+02 1.640811e+00
5.900000e+02 6.706399e+02 1.630229e+00
5.900000e+02 6.731698e+02 1.642194e+00
5.900000e+02 6.720532e+02 1.620569e+00
5.900000e+02 6.719703e+02 1.637398e+00
5.900000e+02 6.731288e+02 1.629642e+00
5.900000e+02 6.699506e+02 1.641347e+00
5.900000e+02 6.700237e+02 1.635607e+00
5.900000e+02 6.699238e+02 1.652779e+00
5.900000e+02 6.686648e+02 1.616200e+00
5.900000e+02 6.725023e+02 1.671091e+00
5.900000e+02 6.690432e+02 1.679867e+00
6.000000e+02 6.539099e+02 1.606054e+00
6.000000e+02 6.564647e+02 1.634175e+00
6.000000e+02 6.554573e+02 1.637650e+00
6.000000e+02 6.552185e+02 1.647175e+00
6.000000e+02 6.562639e+02 1.610358e+00
6.000000e+02 6.569885e+02 1.594490e+00
6.000000e+02 6.540087e+02 1.612450e+00
6.000000e+02 6.593444e+02 1.616956e+00
6.000000e+02 6.567712e+02 1.574918e+00
6.000000e+02 6.538736e+02 1.606263e+00
6.000000e+02 6.559725e+02 1.647001e+00
6.000000e+02 6.551792e+02 1.597675e+00
6.000000e+02 6.550512e+02 1.594143e+00
6.000000e+02 6.568725e+02 1.590898e+00
6.000000e+02 6.570488e+02 1.588106e+00
6.000000e+02 6.532344e+02 1.584003e+00
6.000000e+02 6.559485e+02 1.607874e+00
6.000000e+02 6.578945e+02 1.608932e+00
6.000000e+02 6.562361e+02 1.585381e+00
6.000000e+02 6.538566e+02 1.628586e+00
6.100000e+02 6.437980e+02 1.562007e+00
6.100000e+02 6.445143e+02 1.560181e+00
6.100000e+02 6.436886e+02 1.591072e+00
6.100000e+02 6.419639e+02 1.543932e+00
6.100000e+02 6.403305e+02 1.591023e+00
6.100000e+02 6.426606e+02 1.568869e+00
6.100000e+02 6.420413e+02 1.540472e+00
6.100000e+02 6.401271e+02 1.574771e+00
6.100000e+02 6.454981e+02 1.537292e+00
6.100000e+02 6.428903e+02 1.588126e+00
6.100000e+02 6.418299e+02 1.575221e+00
6.100000e+02 6.449814e+02 1.549647e+00
6.100000e+02 6.429191e+02 1.571159e+00
6.100000e+02 6.433342e+02 1.587681e+00
6.100000e+02 6.400598e+02 1.586078e+00
6.100000e+02 6.408890e+02 1.582543e+00
6.100000e+02 6.444630e+02 1.552931e+00
6.100000e+02 6.416680e+02 1.570519e+00
6.100000e+02 6.406164e+02 1.574895e+00
6.100000e+02 6.401855e+02 1.564260e+00
6.200000e+02 6.244700e+02 1.499592e+00
6.200000e+02 6.276886e+02 1.537291e+00
6.200000e+02 6.297504e+02 1.536642e+00
6.200000e+02 6.286488e+02 1.543308e+00
6.200000e+02 6.262063e+02 1.536078e+00
6.200000e+02 6.295527e+02 1.528252e+00
6.200000e+02 6.266552e+02 1.488973e+00
6.200000e+02 6.304684e+02 1.548872e+00
6.200000e+02 6.284006e+02 1.543475e+00
6.200000e+02 6.274019e+02 1.538531e+00
6.200000e+02 6.280978e+02 1.514829e+00
6.200000e+02 6.280039e+02 1.504154e+00
6.200000e+02 6.276176e+02 1.597211e+00
6.200000e+02 6.294928e+02 1.529484e+00
6.200000e+02 6.267073e+02 1.529741e+00
6.200000e+02 6.288588e+02 1.544655e+00
6.200000e+02 6.261792e+02 1.524443e+00
6.200000e+02 6.269426e+02 1.549943e+00
6.200000e+02 6.304895e+02 1.535749e+00
6.200000e+02 6.265232e+02 1.545842e+00
6.300000e+02 6.147986e+02 1.486020e+00
6.300000e+02 6.134369e+02 1.496671e+00
6.300000e+02 6.125887e+02 1.492719e+00
6.300000e+02 6.155507e+02 1.504067e+00
6.300000e+02 6.165990e+02 1.497536e+00
6.300000e+02 6.159964e+02 1.497768e+00
6.300000e+02 6.177355e+02 1.470824e+00
6.300000e+02 6.158543e+02 1.503824e+00
6.300000e+02 6.170979e+02 1.496416e+00
6.300000e+02 6.169527e+02 1.508309e+00
6.300000e+02 6.137852e+02 1.493291e+00
6.300000e+02 6.141003e+02 1.479498e+00
6.300000e+02 6.144643e+02 1.487101e+00
6.300000e+02 6.155183e+02 1.449364e+00
6.300000e+02 6.172887e+02 1.504155e+00
6.300000e+02 6.158308e+02 1.503235e+00
6.300000e+02 6.141146e+02 1.482370e+00
6.300000e+02 6.125895e+02 1.511434e+00
6.300000e+02 6.142444e+02 1.506497e+00
6.300000e+02 6.160252e+02 1.500673e+00
6.400000e+02 6.012035e+02 1.466632e+00
6.400000e+02 6.009728e+02 1.475006e+00
6.400000e+02 6.023163e+02 1.471707e+00
6.400000e+02 6.032305e+02 1.455846e+00
6.400000e+02 6.016571e+02 1.455739e+00
6.400000e+02 6.014594e+02 1.463143e+00
6.400000e+02 6.023701e+02 1.484357e+00
6.400000e+02 6.035200e+02 1.470269e+00
6.400000e+02 6.023015e+02 1.467544e+00
6.400000e+02 6.010079e+02 1.471358e+00
6.400000e+02 6.008668e+02 1.501816e+00
6.400000e+02 6.003560e+02 1.442059e+00
6.400000e+02 6.006627e+02 1.449344e+00
6.400000e+02 6.017584e+02 1.461365e+00
6.400000e+02 6.021051e+02 1.441323e+00
6.400000e+02 6.038340e+02 1.466236e+00
6.400000e+02 6.011391e+02 1.487715e+00
6.400000e+02 6.032675e+02 1.495069e+00
6.400000e+02 5.995108e+02 1.477754e+00
6.400000e+02 6.030055e+02 1.454524e+00
6.500000e+02 5.907571e+02 1.433860e+00
6.500000e+02 5.895603e+02 1.433237e+00
6.500000e+02 5.889511e+02 1.421624e+00
6.500000e+02 5.912174e+02 1.410135e+00
6.500000e+02 5.898608e+02 1.405195e+00
6.500000e+02 5.902077e+02 1.442722e+00
6.500000e+02 5.925740e+02 1.418682e+00
6.500000e+02 5.914762e+02 1.441799e+00
6.500000e+02 5.901786e+02 1.432281e+00
6.500000e+02 5.904473e+02 1.420430e+00
6.500000e+02 5.911208e+02 1.432238e+00
6.500000e+02 5.917471e+02 1.432410e+00
6.500000e+02 5.890175e+02 1.447177e+00
6.500000e+02 5.909677e+02 1.412291e+00
6.500000e+02 5.897945e+02 1.413960e+00
6.500000e+02 5.890675e+02 1.459846e+00
6.500000e+02 5.917273e+02 1.446405e+00
6.500000e+02 5.887716e+02 1.423387e+00
6.500000e+02 5.899690e+02 1.449358e+00
6.500000e+02 5.904323e+02 1.432878e+00
6.600000e+02 5.733534e+02 1.425278e+00
6.600000e+02 5.760258e+02 1.431066e+00
6.600000e+02 5.758477e+02 1.418307e+00
6.600000e+02 5.779429e+02 1.397953e+00
6.600000e+02 5.794359e+02 1.401400e+00
6.600000e+02 5.773893e+02 1.395068e+00
6.600000e+02 5.773242e+02 1.400800e+00
6.600000e+02 5.770268e+02 1.408841e+00
6.600000e+02 5.787926e+02 1.411387e+00
6.600000e+02 5.768591e+02 1.416494e+00
6.600000e+02 5.790170e+02 1.381093e+00
6.600000e+02 5.793249e+02 1.384685e+00
6.600000e+02 5.755821e+02 1.406013e+00
6.600000e+02 5.779972e+02 1.416578e+00
6.600000e+02 5.792126e+02 1.404062e+00
6.600000e+02 5.770939e+02 1.394270e+00
6.600000e+02 5.753194e+02 1.414646e+00
6.600000e+02 5.782325e+02 1.396349e+00
6.600000e+02 5.778411e+02 1.396618e+00
6.600000e+02 5.787309e+02 1.375027e+00
6.700000e+02 5.642911e+02 1.370888e+00
6.700000e+02 5.644274e+02 1.391141e+00
6.700000e+02 5.635454e+02 1.364650e+00
6.700000e+02 5.642390e+02 1.381704e+00
6.700000e+02 5.642395e+02 1.390405e+00
6.700000e+02 5.662890e+02 1.375460e+00
6.700000e+02 5.652283e+02 1.380997e+00
6.700000e+02 5.675702e+02 1.372785e+00
6.700000e+02 5.648176e+02 1.387143e+00
6.700000e+02 5.654196e+02 1.348022e+00
6.700000e+02 5.635702e+02 1.377531e+00
6.700000e+02 5.682936e+02 1.389833e+00
6.700000e+02 5.652983e+02 1.357672e+00
6.700000e+02 5.656134e+02 1.387302e+00
6.700000e+02 5.670322e+02 1.400780e+00
6.700000e+02 5.661235e+02 1.356122e+00
6.700000e+02 5.679060e+02 1.339134e+00
6.700000e+02 5.653112e+02 1.384447e+00
6.700000e+02 5.661748e+02 1.375216e+00
6.700000e+02 5.645494e+02 1.376892e+00
6.800000e+02 5.541018e+02 1.336179e+00
6.800000e+02 5.549706e+02 1.364355e+00
6.800000e+02 5.551100e+02 1.339412e+00
6.800000e+02 5.517019e+02 1.375925e+00
6.800000e+02 5.536125e+02 1.331654e+00
6.800000e+02 5.539788e+02 1.350158e+00
6.800000e+02 5.544090e+02 1.368635e+00
6.800000e+02 5.546996e+02 1.319279e+00
6.800000e+02 5.531381e+02 1.331254e+00
6.800000e+02 5.550465e+02 1.343859e+00
6.800000e+02 5.536697e+02 1.365179e+00
6.800000e+02 5.558663e+02 1.329081e+00
6.800000e+02 5.552999e+02 1.347087e+00
6.800000e+02 5.547635e+02 1.336396e+00
6.800000e+02 5.515153e+02 1.364964e+00
6.800000e+02 5.543413e+02 1.345165e+00
6.800000e+02 5.533356e+02 1.334505e+00
6.800000e+02 5.511574e+02 1.358712e+00
6.800000e+02 5.524244e+02 1.350488e+00
6.800000e+02 5.548205e+02 1.350486e+00
6.900000e+02 5.442395e+02 1.285059e+00
6.900000e+02 5.409151e+02 1.347872e+00
6.900000e+02 5.439265e+02 1.302597e+00
6.900000e+02 5.446240e+02 1.316296e+00
6.900000e+02 5.432659e+02 1.293230e+00
6.900000e+02 5.451914e+02 1.338421e+00
6.900000e+02 5.413642e+02 1.286525e+00
6.900000e+02 5.422472e+02 1.305151e+00
6.900000e+02 5.442998e+02 1.294293e+00
6.900000e+02 5.430644e+02 1.284828e+00
6.900000e+02 5.438580e+02 1.317936e+00
6.900000e+02 5.436262e+02 1.282685e+00
6.900000e+02 5.413829e+02 1.307206e+00
6.900000e+02 5.419669e+02 1.330872e+00
6.900000e+02 5.399216e+02 1.325573e+00
6.900000e+02 5.440757e+02 1.345398e+00
6.900000e+02 5.441648e+02 1.297647e+00
6.900000e+02 5.415957e+02 1.306147e+00
6.900000e+02 5.422267e+02 1.339794e+00
6.900000e+02 5.418720e+02 1.295104e+00
7.000000e+02 5.326726e+02 1.264219e+00
7.000000e+02 5.300889e+02 1.270861e+00
7.000000e+02 5.317895e+02 1.264720e+00
7.000000e+02 5.334207e+02 1.290847e+00
7.000000e+02 5.306348e+02 1.303708e+00
7.000000e+02 5.335937e+02 1.293791e+00
7.000000e+02 5.326962e+02 1.308727e+00
7.000000e+02 5.323277e+02 1.314216e+00
7.000000e+02 5.319832e+02 1.260256e+00
7.000000e+02 5.310221e+02 1.295150e+00
7.000000e+02 5.337629e+02 1.274722e+00
7.000000e+02 5.301381e+02 1.318340e+00
7.000000e+02 5.325262e+02 1.295877e+00
7.000000e+02 5.322031e+02 1.295812e+00
7.000000e+02 5.335481e+02 1.285445e+00
7.000000e+02 5.297396e+02 1.302722e+00
7.000000e+02 5.309347e+02 1.269450e+00
7.000000e+02 5.323780e+02 1.291972e+00
7.000000e+02 5.332197e+02 1.267838e+00
7.000000e+02 5.329429e+02 1.301924e+00
7.500000e+02 4.835052e+02 1.140398e+00
7.500000e+02 4.824271e+02 1.158955e+00
7.500000e+02 4.816469e+02 1.169743e+00
7.500000e+02 4.838275e+02 1.135285e+00
7.500000e+02 4.832000e+02 1.142902e+00
7.500000e+02 4.845530e+02 1.191726e+00
7.500000e+02 4.816778e+02 1.161419e+00
7.500000e+02 4.816366e+02 1.154635e+00
7.500000e+02 4.824560e+02 1.157151e+00
7.500000e+02 4.812963e+02 1.136233e+00
7.500000e+02 4.836147e+02 1.148466e+00
7.500000e+02 4.817883e+02 1.152477e+00
7.500000e+02 4.828371e+02 1.152056e+00
7.500000e+02 4.850916e+02 1.131372e+00
7.500000e+02 4.818505e+02 1.133950e+00
7.500000e+02 4.810100e+02 1.179450e+00
7.500000e+02 4.815446e+02 1.163457e+00
7.500000e+02 4.824985e+02 1.150066e+00
7.500000e+02 4.834780e+02 1.183706e+00
7.500000e+02 4.817787e+02 1.180485e+00
8.000000e+02 4.395681e+02 9.973560e-01
8.000000e+02 4.395812e+02 1.038661e+00
8.000000e+02 4.400758e+02 1.048931e+00
8.000000e+02 4.399834e+02 1.036269e+00
8.000000e+02 4.379876e+02 1.033177e+00
8.000000e+02 4.393190e+02 1.056483e+00
8.000000e+02 4.394067e+02 1.048398e+00
8.000000e+02 4.386737e+02 1.063496e+00
8.000000e+02 4.400589e+02 1.015724e+00
8.000000e+02 4.369660e+02 1.064680e+00
8.000000e+02 4.399167e+02 1.039426e+00
8.000000e+02 4.399333e+02 1.042494e+00
8.000000e+02 4.385923e+02 1.033065e+00
8.000000e+02 4.386992e+02 1.021997e+00
8.000000e+02 4.389003e+02 1.029871e+00
8.000000e+02 4.418299e+02 1.036010e+00
8.000000e+02 4.410341e+02 1.056948e+00
8.000000e+02 4.387013e+02 1.029676e+00
8.000000e+02 4.396921e+02 1.040257e+00
8.000000e+02 4.390212e+02 1.037802e+00
8.500000e+02 4.035655e+02 9.241439e-01
8.500000e+02 4.046198e+02 9.227322e-01
8.500000e+02 4.024928e+02 9.659170e-01
8.500000e+02 4.021932e+02 9.331844e-01
8.500000e+02 4.024808e+02 9.249108e-01
8.500000e+02 4.012875e+02 9.561381e-01
8.500000e+02 4.042578e+02 9.308502e-01
8.500000e+02 4.049309e+02 9.188208e-01
8.500000e+02 4.028727e+02 9.564794e-01
8.500000e+02 4.023321e+02 9.367064e-01
8.500000e+02 4.006624e+02 9.241136e-01
8.500000e+02 4.014309e+02 9.471125e-01
8.500000e+02 3.989381e+02 9.302749e-01
8.500000e+02 4.048726e+02 9.632775e-01
8.500000e+02 4.024313e+02 9.573504e-01
8.500000e+02 4.035496e+02 9.149916e-01
8.500000e+02 4.018137e+02 9.248015e-01
8.500000e+02 4.031198e+02 9.009884e-01
8.500000e+02 4.024281e+02 9.213583e-01
8.500000e+02 4.025788e+02 9.410489e-01
9.000000e+02 3.693774e+02 8.358022e-01
9.000000e+02 3.699175e+02 8.595007e-01
9.000000e+02 3.692822e+02 8.515742e-01
9.000000e+02 3.701990e+02 8.431681e-01
9.000000e+02 3.722922e+02 8.766622e-01
9.000000e+02 3.694013e+02 8.703953e-01
9.000000e+02 3.693438e+02 8.465456e-01
9.000000e+02 3.701403e+02 8.447113e-01
9.000000e+02 3.698025e+02 8.377296e-01
9.000000e+02 3.694060e+02 8.554311e-01
9.000000e+02 3.698698e+02 8.482095e-01
9.000000e+02 3.683716e+02 8.293265e-01
9.000000e+02 3.698159e+02 8.541295e-01
9.000000e+02 3.702149e+02 8.342095e-01
9.000000e+02 3.704549e+02 8.464775e-01
9.000000e+02 3.691273e+02 8.597723e-01
9.000000e+02 3.705294e+02 8.664077e-01
9.000000e+02 3.697811e+02 8.453818e-01
9.000000e+02 3.706768e+02 8.331004e-01
9.000000e+02 3.714272e+02 8.538712e-01
9.500000e+02 3.417935e+02 7.601234e-01
9.500000e+02 3.411573e+02 8.333300e-01
9.500000e+02 3.417087e+02 7.974401e-01
9.500000e+02 3.404372e+02 7.882924e-01
9.500000e+02 3.407392e+02 8.069115e-01
9.500000e+02 3.404095e+02 7.896824e-01
9.500000e+02 3.404617e+02 7.871770e-01
9.500000e+02 3.418025e+02 7.857871e-01
9.500000e+02 3.420796e+02 8.001838e-01
9.500000e+02 3.408219e+02 7.758882e-01
9.500000e+02 3.412107e+02 7.871171e-01
9.500000e+02 3.418415e+02 7.887961e-01
9.500000e+02 3.419650e+02 8.011889e-01
9.500000e+02 3.402542e+02 7.829149e-01
9.500000e+02 3.420812e+02 8.046067e-01
9.500000e+02 3.406360e+02 7.856251e-01
9.500000e+02 3.414532e+02 7.882307e-01
9.500000e+02 3.422667e+02 7.636617e-01
9.500000e+02 3.409025e+02 7.807478e-01
9.500000e+02 3.427320e+02 8.245954e-01
