1.000000e+03 2.612212e+02 6.222253e-01
1.000000e+03 2.605081e+02 5.868384e-01
1.000000e+03 2.610804e+02 6.434050e-01
1.000000e+03 2.613572e+02 5.915722e-01
1.000000e+03 2.617178e+02 6.074836e-01
1.000000e+03 2.607727e+02 5.966465e-01
1.000000e+03 2.613234e+02 5.974165e-01
1.000000e+03 2.610629e+02 5.935899e-01
1.000000e+03 2.608604e+02 5.968188e-01
1.000000e+03 2.609190e+02 5.963013e-01
1.000000e+03 2.613143e+02 5.979047e-01
1.000000e+03 2.619980e+02 5.994497e-01
1.000000e+03 2.616773e+02 5.938796e-01
1.000000e+03 2.612386e+02 5.967439e-01
1.000000e+03 2.608485e+02 5.981775e-01
1.000000e+03 2.606494e+02 5.874548e-01
1.000000e+03 2.615383e+02 5.806826e-01
1.000000e+03 2.621528e+02 5.896417e-01
1.000000e+03 2.616459e+02 5.921905e-01
1.000000e+03 2.607503e+02 5.902392e-01
1.050000e+03 2.420908e+02 5.647903e-01
1.050000e+03 2.430051e+02 5.587455e-01
1.050000e+03 2.433644e+02 5.739211e-01
1.050000e+03 2.428078e+02 5.535560e-01
1.050000e+03 2.427928e+02 5.522377e-01
1.050000e+03 2.439849e+02 5.608627e-01
1.050000e+03 2.431405e+02 5.703717e-01
1.050000e+03 2.432718e+02 5.628149e-01
1.050000e+03 2.422710e+02 5.567431e-01
1.050000e+03 2.439620e+02 5.570147e-01
1.050000e+03 2.430889e+02 5.420213e-01
1.050000e+03 2.437928e+02 5.428711e-01
1.050000e+03 2.437288e+02 5.501577e-01
1.050000e+03 2.434346e+02 5.639589e-01
1.050000e+03 2.419822e+02 5.608983e-01
1.050000e+03 2.428966e+02 5.864725e-01
1.050000e+03 2.436815e+02 5.418025e-01
1.050000e+03 2.437493e+02 5.641110e-01
1.050000e+03 2.431920e+02 5.671704e-01
1.050000e+03 2.428778e+02 5.643706e-01
1.100000e+03 2.267591e+02 5.131371e-01
1.100000e+03 2.267955e+02 5.144819e-01
1.100000e+03 2.273276e+02 5.212335e-01
1.100000e+03 2.269253e+02 5.487014e-01
1.100000e+03 2.273793e+02 5.161616e-01
1.100000e+03 2.264527e+02 5.215064e-01
1.100000e+03 2.262177e+02 5.273972e-01
1.100000e+03 2.268214e+02 5.339657e-01
1.100000e+03 2.278248e+02 5.385220e-01
1.100000e+03 2.266402e+02 5.172027e-01
1.100000e+03 2.266798e+02 5.452940e-01
1.100000e+03 2.262461e+02 5.136870e-01
1.100000e+03 2.272382e+02 5.531087e-01
1.100000e+03 2.268813e+02 5.367339e-01
1.100000e+03 2.275298e+02 5.282712e-01
1.100000e+03 2.263212e+02 5.285332e-01
1.100000e+03 2.276848e+02 5.252240e-01
1.100000e+03 2.262035e+02 5.186306e-01
1.100000e+03 2.282550e+02 5.185972e-01
1.100000e+03 2.270201e+02 5.232291e-01
1.150000e+03 2.122561e+02 5.000344e-01
1.150000e+03 2.120461e+02 4.878261e-01
1.150000e+03 2.113924e+02 4.774491e-01
1.150000e+03 2.121153e+02 4.996775e-01
1.150000e+03 2.114897e+02 4.843192e-01
1.150000e+03 2.123276e+02 4.932838e-01
1.150000e+03 2.118474e+02 5.009705e-01
1.150000e+03 2.129348e+02 4.743602e-01
1.150000e+03 2.117099e+02 4.917178e-01
1.150000e+03 2.132349e+02 4.688248e-01
1.150000e+03 2.115711e+02 5.073683e-01
1.150000e+03 2.126174e+02 4.800120e-01
1.150000e+03 2.124568e+02 4.728866e-01
1.150000e+03 2.122526e+02 4.880209e-01
1.150000e+03 2.133385e+02 4.801746e-01
1.150000e+03 2.126612e+02 4.874359e-01
1.150000e+03 2.118690e+02 4.874606e-01
1.150000e+03 2.117751e+02 4.774394e-01
1.150000e+03 2.119869e+02 4.797967e-01
1.150000e+03 2.120722e+02 5.008465e-01
1.200000e+03 1.993054e+02 4.677869e-01
1.200000e+03 1.995714e+02 4.572810e-01
1.200000e+03 1.992732e+02 4.600964e-01
1.200000e+03 1.984804e+02 4.691319e-01
1.200000e+03 2.004064e+02 4.312241e-01
1.200000e+03 1.999655e+02 4.471556e-01
1.200000e+03 1.993655e+02 4.576832e-01
1.200000e+03 1.990927e+02 4.810423e-01
1.200000e+03 1.988256e+02 4.727519e-01
1.200000e+03 1.993392e+02 4.827811e-01
1.200000e+03 1.988726e+02 4.662418e-01
1.200000e+03 1.998690e+02 4.615702e-01
1.200000e+03 1.989201e+02 4.558151e-01
1.200000e+03 1.992472e+02 4.518590e-01
1.200000e+03 1.996868e+02 4.727217e-01
1.200000e+03 1.997760e+02 4.604206e-01
1.200000e+03 1.995694e+02 4.506752e-01
1.200000e+03 1.995206e+02 4.511126e-01
1.200000e+03 1.990271e+02 4.504696e-01
1.200000e+03 1.997618e+02 4.496628e-01
1.250000e+03 1.870977e+02 4.138999e-01
1.250000e+03 1.882160e+02 4.341172e-01
1.250000e+03 1.880065e+02 4.104222e-01
1.250000e+03 1.872409e+02 4.347638e-01
1.250000e+03 1.876368e+02 4.303245e-01
1.250000e+03 1.880070e+02 4.417961e-01
1.250000e+03 1.876473e+02 4.418009e-01
1.250000e+03 1.874110e+02 4.444429e-01
1.250000e+03 1.881305e+02 4.371556e-01
1.250000e+03 1.880854e+02 4.367933e-01
1.250000e+03 1.876141e+02 4.142432e-01
1.250000e+03 1.874344e+02 4.299248e-01
1.250000e+03 1.869436e+02 4.330208e-01
1.250000e+03 1.873021e+02 4.319693e-01
1.250000e+03 1.867498e+02 4.325248e-01
1.250000e+03 1.874674e+02 4.158102e-01
1.250000e+03 1.870737e+02 4.380743e-01
1.250000e+03 1.871360e+02 4.339799e-01
1.250000e+03 1.879405e+02 4.277502e-01
1.250000e+03 1.878983e+02 4.137204e-01
1.300000e+03 1.763704e+02 4.082350e-01
1.300000e+03 1.772324e+02 3.959701e-01
1.300000e+03 1.769488e+02 3.983672e-01
1.300000e+03 1.762122e+02 3.984942e-01
1.300000e+03 1.765229e+02 4.229745e-01
1.300000e+03 1.773284e+02 4.079001e-01
1.300000e+03 1.769876e+02 3.999199e-01
1.300000e+03 1.754294e+02 4.226149e-01
1.300000e+03 1.770290e+02 4.095755e-01
1.300000e+03 1.771097e+02 3.945899e-01
1.300000e+03 1.771297e+02 3.915462e-01
1.300000e+03 1.766675e+02 4.018251e-01
1.300000e+03 1.764235e+02 3.799762e-01
1.300000e+03 1.770110e+02 4.027785e-01
1.300000e+03 1.763403e+02 3.991494e-01
1.300000e+03 1.762704e+02 4.115733e-01
1.300000e+03 1.769227e+02 3.945628e-01
1.300000e+03 1.765448e+02 4.266755e-01
1.300000e+03 1.769609e+02 4.033714e-01
1.300000e+03 1.764559e+02 4.122143e-01
1.350000e+03 1.671177e+02 3.885623e-01
1.350000e+03 1.671015e+02 3.851481e-01
1.350000e+03 1.670251e+02 3.691172e-01
1.350000e+03 1.671655e+02 3.911596e-01
1.350000e+03 1.669293e+02 3.780067e-01
1.350000e+03 1.673450e+02 3.635651e-01
1.350000e+03 1.669271e+02 3.967442e-01
1.350000e+03 1.668223e+02 3.653520e-01
1.350000e+03 1.671901e+02 3.804450e-01
1.350000e+03 1.667462e+02 3.853787e-01
1.350000e+03 1.669269e+02 3.799918e-01
1.350000e+03 1.671175e+02 3.898222e-01
1.350000e+03 1.669565e+02 3.696297e-01
1.350000e+03 1.666023e+02 3.859693e-01
1.350000e+03 1.667358e+02 3.696204e-01
1.350000e+03 1.665103e+02 3.877341e-01
1.350000e+03 1.671740e+02 3.782459e-01
1.350000e+03 1.677322e+02 3.699925e-01
1.350000e+03 1.668816e+02 3.909562e-01
1.350000e+03 1.664167e+02 3.749760e-01
1.400000e+03 1.583894e+02 3.468344e-01
1.400000e+03 1.581569e+02 3.659886e-01
1.400000e+03 1.584780e+02 3.635895e-01
1.400000e+03 1.583714e+02 3.619071e-01
1.400000e+03 1.585755e+02 3.624096e-01
1.400000e+03 1.587652e+02 3.638860e-01
1.400000e+03 1.583229e+02 3.522768e-01
1.400000e+03 1.584789e+02 3.656402e-01
1.400000e+03 1.575799e+02 3.643810e-01
1.400000e+03 1.581888e+02 3.637355e-01
1.400000e+03 1.587528e+02 3.480927e-01
1.400000e+03 1.588351e+02 3.684849e-01
1.400000e+03 1.585055e+02 3.646582e-01
1.400000e+03 1.585138e+02 3.637389e-01
1.400000e+03 1.583608e+02 3.460100e-01
1.400000e+03 1.581274e+02 3.476029e-01
1.400000e+03 1.578596e+02 3.627810e-01
1.400000e+03 1.581165e+02 3.717831e-01
1.400000e+03 1.585099e+02 3.487753e-01
1.400000e+03 1.588080e+02 3.509552e-01
1.450000e+03 1.505489e+02 3.476844e-01
1.450000e+03 1.503558e+02 3.402419e-01
1.450000e+03 1.507452e+02 3.252355e-01
1.450000e+03 1.509996e+02 3.364452e-01
1.450000e+03 1.503285e+02 3.307568e-01
1.450000e+03 1.503630e+02 3.381104e-01
1.450000e+03 1.499760e+02 3.455825e-01
1.450000e+03 1.504024e+02 3.311090e-01
1.450000e+03 1.500586e+02 3.434134e-01
1.450000e+03 1.500417e+02 3.331278e-01
1.450000e+03 1.506297e+02 3.415307e-01
1.450000e+03 1.506720e+02 3.421853e-01
1.450000e+03 1.507986e+02 3.328277e-01
1.450000e+03 1.503469e+02 3.403530e-01
1.450000e+03 1.511251e+02 3.401069e-01
1.450000e+03 1.510388e+02 3.222255e-01
1.450000e+03 1.499759e+02 3.115269e-01
1.450000e+03 1.501057e+02 3.362547e-01
1.450000e+03 1.506249e+02 3.234999e-01
1.450000e+03 1.508706e+02 3.206298e-01
1.500000e+03 1.432313e+02 3.160785e-01
1.500000e+03 1.432313e+02 3.160785e-01
1.500000e+03 1.425475e+02 3.073131e-01
1.500000e+03 1.425475e+02 3.073131e-01
1.500000e+03 1.431683e+02 3.134795e-01
1.500000e+03 1.431683e+02 3.134795e-01
1.500000e+03 1.421629e+02 3.354087e-01
1.500000e+03 1.427328e+02 3.357311e-01
1.500000e+03 1.429607e+02 3.014532e-01
1.500000e+03 1.431038e+02 3.191193e-01
1.500000e+03 1.429311e+02 3.207039e-01
1.500000e+03 1.428973e+02 2.997642e-01
1.500000e+03 1.430632e+02 3.209522e-01
1.500000e+03 1.424710e+02 3.121780e-01
1.500000e+03 1.429575e+02 3.126720e-01
1.500000e+03 1.430949e+02 3.224902e-01
1.500000e+03 1.420408e+02 3.188148e-01
1.500000e+03 1.420408e+02 3.188148e-01
1.500000e+03 1.429691e+02 3.009778e-01
1.500000e+03 1.429811e+02 3.042056e-01
1.500000e+03 1.429811e+02 3.042056e-01
1.500000e+03 1.427471e+02 3.140206e-01
1.500000e+03 1.427471e+02 3.140206e-01
1.500000e+03 1.423975e+02 3.313466e-01
1.500000e+03 1.425383e+02 3.203498e-01
1.500000e+03 1.425383e+02 3.203498e-01
1.500000e+03 1.436412e+02 3.090333e-01
1.500000e+03 1.436412e+02 3.090333e-01
1.500000e+03 1.423638e+02 3.302544e-01
1.500000e+03 1.423638e+02 3.302544e-01
1.500000e+03 1.429324e+02 3.275633e-01
1.550000e+03 1.358037e+02 3.004388e-01
1.550000e+03 1.359503e+02 3.029581e-01
1.550000e+03 1.361475e+02 3.041191e-01
1.550000e+03 1.359699e+02 2.996168e-01
1.550000e+03 1.360849e+02 3.009154e-01
1.550000e+03 1.358057e+02 3.044525e-01
1.550000e+03 1.355857e+02 3.072062e-01
1.550000e+03 1.360419e+02 3.078118e-01
1.550000e+03 1.362956e+02 2.880957e-01
1.550000e+03 1.355627e+02 3.110340e-01
1.550000e+03 1.366602e+02 3.091796e-01
1.550000e+03 1.360810e+02 2.900967e-01
1.550000e+03 1.366551e+02 3.044286e-01
1.550000e+03 1.362743e+02 3.023949e-01
1.550000e+03 1.362633e+02 2.983116e-01
1.550000e+03 1.362403e+02 3.076887e-01
1.550000e+03 1.360272e+02 3.054951e-01
1.550000e+03 1.358109e+02 3.081326e-01
1.550000e+03 1.364430e+02 2.986148e-01
1.550000e+03 1.359752e+02 2.999804e-01
3.000000e+02 2.523943e+00 4.213910e-03
3.000000e+02 2.527090e+00 4.215811e-03
3.000000e+02 2.518772e+00 4.143630e-03
3.000000e+02 2.518599e+00 4.126839e-03
3.000000e+02 2.522430e+00 4.216841e-03
3.000000e+02 2.524196e+00 4.258898e-03
3.000000e+02 2.526108e+00 4.200709e-03
3.000000e+02 2.520894e+00 4.167910e-03
3.000000e+02 2.521098e+00 4.191068e-03
3.000000e+02 2.517961e+00 4.247557e-03
3.000000e+02 2.522472e+00 4.214348e-03
3.000000e+02 2.519442e+00 4.220556e-03
3.000000e+02 2.522253e+00 4.220540e-03
3.000000e+02 2.517218e+00 4.259108e-03
3.000000e+02 2.528717e+00 4.238320e-03
3.000000e+02 2.519559e+00 4.234395e-03
3.000000e+02 2.529542e+00 4.163374e-03
3.000000e+02 2.532618e+00 4.226830e-03
3.000000e+02 2.523698e+00 4.223596e-03
3.000000e+02 2.521030e+00 4.223885e-03
3.050000e+02 3.348632e+00 5.590251e-03
3.050000e+02 3.351708e+00 5.642781e-03
3.050000e+02 3.353570e+00 5.610320e-03
3.050000e+02 3.360757e+00 5.683193e-03
3.050000e+02 3.349822e+00 5.643142e-03
3.050000e+02 3.344980e+00 5.595333e-03
3.050000e+02 3.362857e+00 5.660083e-03
3.050000e+02 3.362845e+00 5.627228e-03
3.050000e+02 3.345717e+00 5.625915e-03
3.050000e+02 3.347874e+00 5.615624e-03
3.050000e+02 3.352618e+00 5.640440e-03
3.050000e+02 3.351483e+00 5.530275e-03
3.050000e+02 3.361905e+00 5.640925e-03
3.050000e+02 3.357681e+00 5.668141e-03
3.050000e+02 3.344004e+00 5.629331e-03
3.050000e+02 3.354746e+00 5.554563e-03
3.050000e+02 3.346811e+00 5.610349e-03
3.050000e+02 3.341955e+00 5.675589e-03
3.050000e+02 3.355613e+00 5.599132e-03
3.050000e+02 3.359870e+00 5.617912e-03
3.100000e+02 4.361183e+00 7.413892e-03
3.100000e+02 4.360133e+00 7.401125e-03
3.100000e+02 4.371898e+00 7.378374e-03
3.100000e+02 4.350686e+00 7.325940e-03
3.100000e+02 4.358740e+00 7.372201e-03
3.100000e+02 4.368753e+00 7.271169e-03
3.100000e+02 4.364333e+00 7.391360e-03
3.100000e+02 4.366934e+00 7.300040e-03
3.100000e+02 4.357864e+00 7.311161e-03
3.100000e+02 4.354078e+00 7.442738e-03
3.100000e+02 4.360995e+00 7.394058e-03
3.100000e+02 4.366511e+00 7.300540e-03
3.100000e+02 4.352853e+00 7.380790e-03
3.100000e+02 4.362959e+00 7.334948e-03
3.100000e+02 4.380008e+00 7.410632e-03
3.100000e+02 4.365924e+00 7.315893e-03
3.100000e+02 4.350276e+00 7.298038e-03
3.100000e+02 4.364994e+00 7.346447e-03
3.100000e+02 4.361965e+00 7.395833e-03
3.100000e+02 4.365735e+00 7.364812e-03
3.150000e+02 5.609296e+00 9.453984e-03
3.150000e+02 5.597194e+00 9.520098e-03
3.150000e+02 5.614863e+00 9.604183e-03
3.150000e+02 5.618031e+00 9.457773e-03
3.150000e+02 5.608133e+00 9.551766e-03
3.150000e+02 5.600638e+00 9.560924e-03
3.150000e+02 5.617423e+00 9.577327e-03
3.150000e+02 5.620847e+00 9.607059e-03
3.150000e+02 5.618089e+00 9.591136e-03
3.150000e+02 5.608345e+00 9.492254e-03
3.150000e+02 5.605989e+00 9.586284e-03
3.150000e+02 5.606751e+00 9.613300e-03
3.150000e+02 5.624894e+00 9.571284e-03
3.150000e+02 5.589956e+00 9.687233e-03
3.150000e+02 5.611234e+00 9.577428e-03
3.150000e+02 5.601508e+00 9.548604e-03
3.150000e+02 5.610862e+00 9.659592e-03
3.150000e+02 5.601648e+00 9.592438e-03
3.150000e+02 5.610782e+00 9.539809e-03
3.150000e+02 5.606162e+00 9.525893e-03
3.200000e+02 7.230913e+00 1.252906e-02
3.200000e+02 7.228676e+00 1.245477e-02
3.200000e+02 7.212944e+00 1.239468e-02
3.200000e+02 7.200794e+00 1.249021e-02
3.200000e+02 7.206489e+00 1.242683e-02
3.200000e+02 7.228512e+00 1.245774e-02
3.200000e+02 7.215310e+00 1.244249e-02
3.200000e+02 7.207945e+00 1.246821e-02
3.200000e+02 7.194292e+00 1.254803e-02
3.200000e+02 7.228882e+00 1.258317e-02
3.200000e+02 7.193818e+00 1.253247e-02
3.200000e+02 7.218375e+00 1.245943e-02
3.200000e+02 7.212007e+00 1.242989e-02
3.200000e+02 7.197000e+00 1.239291e-02
3.200000e+02 7.208694e+00 1.244987e-02
3.200000e+02 7.219135e+00 1.238570e-02
3.200000e+02 7.215850e+00 1.235512e-02
3.200000e+02 7.211154e+00 1.240651e-02
3.200000e+02 7.219947e+00 1.255405e-02
3.200000e+02 7.206415e+00 1.250713e-02
3.250000e+02 9.412691e+00 1.648117e-02
3.250000e+02 9.395045e+00 1.644667e-02
3.250000e+02 9.367422e+00 1.644698e-02
3.250000e+02 9.375141e+00 1.656056e-02
3.250000e+02 9.414928e+00 1.657203e-02
3.250000e+02 9.371579e+00 1.659270e-02
3.250000e+02 9.406839e+00 1.645364e-02
3.250000e+02 9.406057e+00 1.653175e-02
3.250000e+02 9.380852e+00 1.654583e-02
3.250000e+02 9.446484e+00 1.645074e-02
3.250000e+02 9.415781e+00 1.642400e-02
3.250000e+02 9.404197e+00 1.654210e-02
3.250000e+02 9.387732e+00 1.665725e-02
3.250000e+02 9.386410e+00 1.665212e-02
3.250000e+02 9.405109e+00 1.654859e-02
3.250000e+02 9.378589e+00 1.644879e-02
3.250000e+02 9.348117e+00 1.657248e-02
3.250000e+02 9.391550e+00 1.659144e-02
3.250000e+02 9.394816e+00 1.646197e-02
3.250000e+02 9.392774e+00 1.650744e-02
3.300000e+02 1.271208e+01 2.302565e-02
3.300000e+02 1.272334e+01 2.338399e-02
3.300000e+02 1.270570e+01 2.279648e-02
3.300000e+02 1.266633e+01 2.255721e-02
3.300000e+02 1.270836e+01 2.298442e-02
3.300000e+02 1.272334e+01 2.300356e-02
3.300000e+02 1.274792e+01 2.290135e-02
3.300000e+02 1.268125e+01 2.292517e-02
3.300000e+02 1.275547e+01 2.295460e-02
3.300000e+02 1.274667e+01 2.292964e-02
3.300000e+02 1.273316e+01 2.301147e-02
3.300000e+02 1.272341e+01 2.279268e-02
3.300000e+02 1.269980e+01 2.280364e-02
3.300000e+02 1.273221e+01 2.313972e-02
3.300000e+02 1.270086e+01 2.289994e-02
3.300000e+02 1.271808e+01 2.283075e-02
3.300000e+02 1.272914e+01 2.283896e-02
3.300000e+02 1.271820e+01 2.286624e-02
3.300000e+02 1.268004e+01 2.277293e-02
3.300000e+02 1.272010e+01 2.277830e-02
3.350000e+02 1.861827e+01 3.419087e-02
3.350000e+02 1.868640e+01 3.490173e-02
3.350000e+02 1.871796e+01 3.442312e-02
3.350000e+02 1.866289e+01 3.461529e-02
3.350000e+02 1.868612e+01 3.438661e-02
3.350000e+02 1.868600e+01 3.524826e-02
3.350000e+02 1.865291e+01 3.458351e-02
3.350000e+02 1.864878e+01 3.450881e-02
3.350000e+02 1.864782e+01 3.449798e-02
3.350000e+02 1.865846e+01 3.495108e-02
3.350000e+02 1.870221e+01 3.543114e-02
3.350000e+02 1.866090e+01 3.457680e-02
3.350000e+02 1.862416e+01 3.419211e-02
3.350000e+02 1.867142e+01 3.430846e-02
3.350000e+02 1.870841e+01 3.480183e-02
3.350000e+02 1.870663e+01 3.496646e-02
3.350000e+02 1.870015e+01 3.462040e-02
3.350000e+02 1.867825e+01 3.482409e-02
3.350000e+02 1.875655e+01 3.465739e-02
3.350000e+02 1.873084e+01 3.499957e-02
3.400000e+02 3.338883e+01 6.595722e-02
3.400000e+02 3.341155e+01 6.457139e-02
3.400000e+02 3.329994e+01 6.433217e-02
3.400000e+02 3.330972e+01 6.439054e-02
3.400000e+02 3.341260e+01 6.409047e-02
3.400000e+02 3.349248e+01 6.483246e-02
3.400000e+02 3.334306e+01 6.450241e-02
3.400000e+02 3.356705e+01 6.471799e-02
3.400000e+02 3.338722e+01 6.409342e-02
3.400000e+02 3.343127e+01 6.440618e-02
3.400000e+02 3.345895e+01 6.463330e-02
3.400000e+02 3.344402e+01 6.398597e-02
3.400000e+02 3.333530e+01 6.465282e-02
3.400000e+02 3.349145e+01 6.467906e-02
3.400000e+02 3.343776e+01 6.502339e-02
3.400000e+02 3.336116e+01 6.528794e-02
3.400000e+02 3.338355e+01 6.470573e-02
3.400000e+02 3.337398e+01 6.425762e-02
3.400000e+02 3.334725e+01 6.568046e-02
3.400000e+02 3.347149e+01 6.494012e-02
3.450000e+02 1.227064e+02 2.547206e-01
3.450000e+02 1.228078e+02 2.501007e-01
3.450000e+02 1.228510e+02 2.491214e-01
3.450000e+02 1.225273e+02 2.510550e-01
3.450000e+02 1.227081e+02 2.519220e-01
3.450000e+02 1.227175e+02 2.556744e-01
3.450000e+02 1.226919e+02 2.513591e-01
3.450000e+02 1.228595e+02 2.488386e-01
3.450000e+02 1.226540e+02 2.576310e-01
3.450000e+02 1.227679e+02 2.489270e-01
3.450000e+02 1.227302e+02 2.513564e-01
3.450000e+02 1.230689e+02 2.558905e-01
3.450000e+02 1.223800e+02 2.499843e-01
3.450000e+02 1.227220e+02 2.494205e-01
3.450000e+02 1.226745e+02 2.506960e-01
3.450000e+02 1.229674e+02 2.513128e-01
3.450000e+02 1.225584e+02 2.476477e-01
3.450000e+02 1.227371e+02 2.467645e-01
3.450000e+02 1.227272e+02 2.527274e-01
3.450000e+02 1.228421e+02 2.503236e-01
3.500000e+02 4.943975e+02 1.004647e+00
3.500000e+02 4.934192e+02 9.934777e-01
3.500000e+02 4.927132e+02 9.971385e-01
3.500000e+02 4.945319e+02 1.013758e+00
3.500000e+02 4.953809e+02 1.020933e+00
3.500000e+02 4.932207e+02 1.023559e+00
3.500000e+02 4.948072e+02 9.975315e-01
3.500000e+02 4.937283e+02 1.006196e+00
3.500000e+02 4.954881e+02 1.005503e+00
3.500000e+02 4.966376e+02 1.007752e+00
3.500000e+02 4.931745e+02 1.001418e+00
3.500000e+02 4.936659e+02 9.852861e-01
3.500000e+02 4.951260e+02 9.914162e-01
3.500000e+02 4.941357e+02 9.858300e-01
3.500000e+02 4.943407e+02 1.001048e+00
3.500000e+02 4.944126e+02 1.016397e+00
3.500000e+02 4.951505e+02 1.004715e+00
3.500000e+02 4.929342e+02 1.002685e+00
3.500000e+02 4.958935e+02 9.983274e-01
3.500000e+02 4.924680e+02 1.022840e+00
3.550000e+02 5.889947e+02 1.268631e+00
3.550000e+02 5.888763e+02 1.271038e+00
3.550000e+02 5.898965e+02 1.312631e+00
3.550000e+02 5.897252e+02 1.280800e+00
3.550000e+02 5.885417e+02 1.293601e+00
3.550000e+02 5.890519e+02 1.261983e+00
3.550000e+02 5.899489e+02 1.273602e+00
3.550000e+02 5.909828e+02 1.302307e+00
3.550000e+02 5.899444e+02 1.267847e+00
3.550000e+02 5.900806e+02 1.273456e+00
3.550000e+02 5.895327e+02 1.305446e+00
3.550000e+02 5.888217e+02 1.321678e+00
3.550000e+02 5.907102e+02 1.298775e+00
3.550000e+02 5.876911e+02 1.271174e+00
3.550000e+02 5.875720e+02 1.322128e+00
3.550000e+02 5.910601e+02 1.280636e+00
3.550000e+02 5.884147e+02 1.281721e+00
3.550000e+02 5.916718e+02 1.296504e+00
3.550000e+02 5.897847e+02 1.298153e+00
3.550000e+02 5.885317e+02 1.266098e+00
3.600000e+02 6.408332e+02 1.482151e+00
3.600000e+02 6.385270e+02 1.450379e+00
3.600000e+02 6.409789e+02 1.461256e+00
3.600000e+02 6.392171e+02 1.405656e+00
3.600000e+02 6.426065e+02 1.486517e+00
3.600000e+02 6.397045e+02 1.466138e+00
3.600000e+02 6.402117e+02 1.440261e+00
3.600000e+02 6.412769e+02 1.433160e+00
3.600000e+02 6.435473e+02 1.446377e+00
3.600000e+02 6.410677e+02 1.455007e+00
3.600000e+02 6.408031e+02 1.446988e+00
3.600000e+02 6.425858e+02 1.463930e+00
3.600000e+02 6.399971e+02 1.458069e+00
3.600000e+02 6.381779e+02 1.453510e+00
3.600000e+02 6.386721e+02 1.490349e+00
3.600000e+02 6.430749e+02 1.463601e+00
3.600000e+02 6.419225e+02 1.472906e+00
3.600000e+02 6.390864e+02 1.424236e+00
3.600000e+02 6.392059e+02 1.427193e+00
3.600000e+02 6.432589e+02 1.476953e+00
3.650000e+02 6.749547e+02 1.601279e+00
3.650000e+02 6.751062e+02 1.614167e+00
3.650000e+02 6.749752e+02 1.585954e+00
3.650000e+02 6.733985e+02 1.574070e+00
3.650000e+02 6.729479e+02 1.585493e+00
3.650000e+02 6.754562e+02 1.599816e+00
3.650000e+02 6.784688e+02 1.571303e+00
3.650000e+02 6.748959e+02 1.552182e+00
3.650000e+02 6.779767e+02 1.582500e+00
3.650000e+02 6.767593e+02 1.543287e+00
3.650000e+02 6.757676e+02 1.545274e+00
3.650000e+02 6.752207e+02 1.588850e+00
3.650000e+02 6.759883e+02 1.532207e+00
3.650000e+02 6.753305e+02 1.555394e+00
3.650000e+02 6.766052e+02 1.559562e+00
3.650000e+02 6.748353e+02 1.558281e+00
3.650000e+02 6.760913e+02 1.608528e+00
3.650000e+02 6.752181e+02 1.580948e+00
3.650000e+02 6.776878e+02 1.629607e+00
3.650000e+02 6.750702e+02 1.583396e+00
3.700000e+02 6.990510e+02 1.640771e+00
3.700000e+02 7.011599e+02 1.717177e+00
3.700000e+02 7.014311e+02 1.662360e+00
3.700000e+02 7.030441e+02 1.626298e+00
3.700000e+02 6.987585e+02 1.692210e+00
3.700000e+02 6.997423e+02 1.678660e+00
3.700000e+02 7.023674e+02 1.690774e+00
3.700000e+02 6.990208e+02 1.666568e+00
3.700000e+02 7.014085e+02 1.680940e+00
3.700000e+02 6.994714e+02 1.673114e+00
3.700000e+02 6.994932e+02 1.684551e+00
3.700000e+02 7.012174e+02 1.627629e+00
3.700000e+02 7.021361e+02 1.632555e+00
3.700000e+02 7.005206e+02 1.706368e+00
3.700000e+02 6.974937e+02 1.641673e+00
3.700000e+02 6.983332e+02 1.661697e+00
3.700000e+02 7.001033e+02 1.692702e+00
3.700000e+02 7.022136e+02 1.636826e+00
3.700000e+02 7.016472e+02 1.721082e+00
3.700000e+02 7.021092e+02 1.677879e+00
3.750000e+02 7.190019e+02 1.767878e+00
3.750000e+02 7.212483e+02 1.758725e+00
3.750000e+02 7.189635e+02 1.722747e+00
3.750000e+02 7.185471e+02 1.812242e+00
3.750000e+02 7.170792e+02 1.747650e+00
3.750000e+02 7.226166e+02 1.735790e+00
3.750000e+02 7.211511e+02 1.762859e+00
3.750000e+02 7.227179e+02 1.800447e+00
3.750000e+02 7.175123e+02 1.762119e+00
3.750000e+02 7.186927e+02 1.804358e+00
3.750000e+02 7.169966e+02 1.772074e+00
3.750000e+02 7.176702e+02 1.762797e+00
3.750000e+02 7.203068e+02 1.762078e+00
3.750000e+02 7.221865e+02 1.776663e+00
3.750000e+02 7.211090e+02 1.729172e+00
3.750000e+02 7.211651e+02 1.735372e+00
3.750000e+02 7.174505e+02 1.713675e+00
3.750000e+02 7.209948e+02 1.790223e+00
3.750000e+02 7.200282e+02 1.806903e+00
3.750000e+02 7.182226e+02 1.750732e+00
3.800000e+02 7.373725e+02 1.842656e+00
3.800000e+02 7.333700e+02 1.900022e+00
3.800000e+02 7.336277e+02 1.834507e+00
3.800000e+02 7.351080e+02 1.822985e+00
3.800000e+02 7.328524e+02 1.853958e+00
3.800000e+02 7.348081e+02 1.845282e+00
3.800000e+02 7.324868e+02 1.817715e+00
3.800000e+02 7.363258e+02 1.842035e+00
3.800000e+02 7.339233e+02 1.881519e+00
3.800000e+02 7.325121e+02 1.872369e+00
3.800000e+02 7.346672e+02 1.910142e+00
3.800000e+02 7.359009e+02 1.817964e+00
3.800000e+02 7.320346e+02 1.898802e+00
3.800000e+02 7.326169e+02 1.863604e+00
3.800000e+02 7.345585e+02 1.837994e+00
3.800000e+02 7.305225e+02 1.870124e+00
3.800000e+02 7.322011e+02 1.812649e+00
3.800000e+02 7.364354e+02 1.847737e+00
3.800000e+02 7.333795e+02 1.819962e+00
3.800000e+02 7.346496e+02 1.954805e+00
3.850000e+02 7.427305e+02 1.843382e+00
3.850000e+02 7.414943e+02 1.919445e+00
3.850000e+02 7.432852e+02 1.894011e+00
3.850000e+02 7.462592e+02 1.915342e+00
3.850000e+02 7.450114e+02 1.884268e+00
3.850000e+02 7.416558e+02 1.866458e+00
3.850000e+02 7.432089e+02 1.932755e+00
3.850000e+02 7.462069e+02 1.852867e+00
3.850000e+02 7.422410e+02 1.798604e+00
3.850000e+02 7.442261e+02 1.836416e+00
3.850000e+02 7.447188e+02 1.914747e+00
3.850000e+02 7.439271e+02 1.874282e+00
3.850000e+02 7.434854e+02 1.918346e+00
3.850000e+02 7.424588e+02 1.873595e+00
3.850000e+02 7.428473e+02 1.915566e+00
3.850000e+02 7.458051e+02 1.928444e+00
3.850000e+02 7.436300e+02 1.855226e+00
3.850000e+02 7.463189e+02 1.878083e+00
3.850000e+02 7.452409e+02 1.955570e+00
3.850000e+02 7.444403e+02 1.928015e+00
3.900000e+02 7.490595e+02 1.926010e+00
3.900000e+02 7.491735e+02 1.927899e+00
3.900000e+02 7.535903e+02 1.970742e+00
3.900000e+02 7.512910e+02 1.867242e+00
3.900000e+02 7.512822e+02 1.914908e+00
3.900000e+02 7.545772e+02 1.927034e+00
3.900000e+02 7.544479e+02 1.990949e+00
3.900000e+02 7.500569e+02 1.920742e+00
3.900000e+02 7.544526e+02 1.883365e+00
3.900000e+02 7.545242e+02 1.933887e+00
3.900000e+02 7.507495e+02 1.967324e+00
3.900000e+02 7.516076e+02 1.984613e+00
3.900000e+02 7.507765e+02 1.869237e+00
3.900000e+02 7.503862e+02 1.921479e+00
3.900000e+02 7.527513e+02 1.863643e+00
3.900000e+02 7.524115e+02 1.932731e+00
3.900000e+02 7.545402e+02 1.850601e+00
3.900000e+02 7.537511e+02 1.892181e+00
3.900000e+02 7.504984e+02 1.913058e+00
3.900000e+02 7.480546e+02 1.901509e+00
3.950000e+02 7.542568e+02 1.957073e+00
3.950000e+02 7.560365e+02 1.951276e+00
3.950000e+02 7.588166e+02 1.945113e+00
3.950000e+02 7.594514e+02 2.014871e+00
3.950000e+02 7.576069e+02 1.960509e+00
3.950000e+02 7.551786e+02 1.917632e+00
3.950000e+02 7.570774e+02 1.913709e+00
3.950000e+02 7.581156e+02 1.958383e+00
3.950000e+02 7.602666e+02 1.930133e+00
3.950000e+02 7.607749e+02 1.972975e+00
3.950000e+02 7.588924e+02 1.922005e+00
3.950000e+02 7.581296e+02 1.935008e+00
3.950000e+02 7.553481e+02 1.962095e+00
3.950000e+02 7.549506e+02 1.987110e+00
3.950000e+02 7.579214e+02 1.985000e+00
3.950000e+02 7.583275e+02 1.946329e+00
3.950000e+02 7.560718e+02 1.933402e+00
3.950000e+02 7.582094e+02 1.953802e+00
3.950000e+02 7.586713e+02 2.032231e+00
3.950000e+02 7.535851e+02 1.980696e+00
4.000000e+02 7.600924e+02 1.953838e+00
4.000000e+02 7.590610e+02 2.008648e+00
4.000000e+02 7.592142e+02 1.979712e+00
4.000000e+02 7.600769e+02 1.989474e+00
4.000000e+02 7.662014e+02 1.961018e+00
4.000000e+02 7.613801e+02 2.018699e+00
4.000000e+02 7.607860e+02 1.954245e+00
4.000000e+02 7.593378e+02 1.997336e+00
4.000000e+02 7.614718e+02 1.951286e+00
4.000000e+02 7.611613e+02 2.010459e+00
4.000000e+02 7.574754e+02 1.944017e+00
4.000000e+02 7.594069e+02 2.004606e+00
4.000000e+02 7.577069e+02 1.999299e+00
4.000000e+02 7.625887e+02 1.968080e+00
4.000000e+02 7.595110e+02 1.994190e+00
4.000000e+02 7.575935e+02 1.961670e+00
4.000000e+02 7.614701e+02 2.034022e+00
4.000000e+02 7.615611e+02 1.966582e+00
4.000000e+02 7.590107e+02 2.012741e+00
4.000000e+02 7.592970e+02 2.006257e+00
4.100000e+02 7.640445e+02 1.981446e+00
4.100000e+02 7.638692e+02 1.962374e+00
4.100000e+02 7.633199e+02 1.996905e+00
4.100000e+02 7.631949e+02 1.976222e+00
4.100000e+02 7.608962e+02 1.968656e+00
4.100000e+02 7.616727e+02 1.996663e+00
4.100000e+02 7.653897e+02 1.990456e+00
4.100000e+02 7.616850e+02 1.962808e+00
4.100000e+02 7.597804e+02 1.984460e+00
4.100000e+02 7.628619e+02 2.015527e+00
4.100000e+02 7.660315e+02 1.983418e+00
4.100000e+02 7.642067e+02 1.970504e+00
4.100000e+02 7.616553e+02 1.940857e+00
4.100000e+02 7.646309e+02 1.954034e+00
4.100000e+02 7.616664e+02 1.966831e+00
4.100000e+02 7.623202e+02 1.991734e+00
4.100000e+02 7.624020e+02 1.906502e+00
4.100000e+02 7.627959e+02 1.979701e+00
4.100000e+02 7.621567e+02 1.945299e+00
4.100000e+02 7.622159e+02 1.939270e+00
4.200000e+02 7.621771e+02 1.975733e+00
4.200000e+02 7.587945e+02 1.951552e+00
4.200000e+02 7.610020e+02 2.008521e+00
4.200000e+02 7.572565e+02 1.956883e+00
4.200000e+02 7.570509e+02 1.998968e+00
4.200000e+02 7.609281e+02 1.945459e+00
4.200000e+02 7.603544e+02 1.981001e+00
4.200000e+02 7.605018e+02 1.972216e+00
4.200000e+02 7.645607e+02 2.084964e+00
4.200000e+02 7.600113e+02 1.919684e+00
4.200000e+02 7.606642e+02 2.011058e+00
4.200000e+02 7.587781e+02 2.044099e+00
4.200000e+02 7.638430e+02 1.943380e+00
4.200000e+02 7.584702e+02 1.944428e+00
4.200000e+02 7.635707e+02 1.992051e+00
4.200000e+02 7.639821e+02 1.976936e+00
4.200000e+02 7.629519e+02 1.943842e+00
4.200000e+02 7.626949e+02 1.981360e+00
4.200000e+02 7.586059e+02 1.936228e+00
4.200000e+02 7.585528e+02 1.967893e+00
4.300000e+02 7.527693e+02 1.989971e+00
4.300000e+02 7.554664e+02 1.915284e+00
4.300000e+02 7.550927e+02 1.934334e+00
4.300000e+02 7.556957e+02 1.888604e+00
4.300000e+02 7.554590e+02 1.993515e+00
4.300000e+02 7.543446e+02 1.994758e+00
4.300000e+02 7.536364e+02 1.953966e+00
4.300000e+02 7.534781e+02 2.012958e+00
4.300000e+02 7.520775e+02 1.933791e+00
4.300000e+02 7.526392e+02 1.963892e+00
4.300000e+02 7.533294e+02 2.011123e+00
4.300000e+02 7.546054e+02 1.982089e+00
4.300000e+02 7.560343e+02 1.947816e+00
4.300000e+02 7.550025e+02 1.945582e+00
4.300000e+02 7.518711e+02 1.973170e+00
4.300000e+02 7.513573e+02 1.947274e+00
4.300000e+02 7.562563e+02 1.933924e+00
4.300000e+02 7.523240e+02 2.007653e+00
4.300000e+02 7.547492e+02 1.988769e+00
4.300000e+02 7.559122e+02 2.014404e+00
4.400000e+02 7.448569e+02 1.922262e+00
4.400000e+02 7.451065e+02 1.872086e+00
4.400000e+02 7.442478e+02 1.912977e+00
4.400000e+02 7.437565e+02 1.939507e+00
4.400000e+02 7.431904e+02 1.922084e+00
4.400000e+02 7.494453e+02 1.932082e+00
4.400000e+02 7.461906e+02 1.911040e+00
4.400000e+02 7.453305e+02 1.859298e+00
4.400000e+02 7.471894e+02 1.944819e+00
4.400000e+02 7.479782e+02 1.953745e+00
4.400000e+02 7.468085e+02 1.965082e+00
4.400000e+02 7.510081e+02 1.932272e+00
4.400000e+02 7.455298e+02 1.939218e+00
4.400000e+02 7.429302e+02 1.996464e+00
4.400000e+02 7.424696e+02 1.951564e+00
4.400000e+02 7.463762e+02 1.951498e+00
4.400000e+02 7.456342e+02 1.935678e+00
4.400000e+02 7.429766e+02 1.936093e+00
4.400000e+02 7.458142e+02 1.948897e+00
4.400000e+02 7.463060e+02 1.930461e+00
4.500000e+02 7.358071e+02 1.888760e+00
4.500000e+02 7.354918e+02 1.910403e+00
4.500000e+02 7.388481e+02 1.866772e+00
4.500000e+02 7.336762e+02 1.872893e+00
4.500000e+02 7.360537e+02 1.930683e+00
4.500000e+02 7.393136e+02 1.928432e+00
4.500000e+02 7.354114e+02 1.957524e+00
4.500000e+02 7.372781e+02 1.917287e+00
4.500000e+02 7.348386e+02 1.825685e+00
4.500000e+02 7.373267e+02 1.900709e+00
4.500000e+02 7.365987e+02 1.920811e+00
4.500000e+02 7.348638e+02 1.938714e+00
4.500000e+02 7.333733e+02 1.873993e+00
4.500000e+02 7.376758e+02 1.911345e+00
4.500000e+02 7.364124e+02 1.900241e+00
4.500000e+02 7.329775e+02 1.900551e+00
4.500000e+02 7.358524e+02 1.956674e+00
4.500000e+02 7.358906e+02 1.884743e+00
4.500000e+02 7.343307e+02 1.905515e+00
4.500000e+02 7.354801e+02 1.828565e+00
4.600000e+02 7.216079e+02 1.902331e+00
4.600000e+02 7.183267e+02 1.880896e+00
4.600000e+02 7.256650e+02 1.858831e+00
4.600000e+02 7.266304e+02 1.885027e+00
4.600000e+02 7.229822e+02 1.826988e+00
4.600000e+02 7.228412e+02 1.879072e+00
4.600000e+02 7.237224e+02 1.815622e+00
4.600000e+02 7.219251e+02 1.835625e+00
4.600000e+02 7.239552e+02 1.843298e+00
4.600000e+02 7.241905e+02 1.831482e+00
4.600000e+02 7.237293e+02 1.844862e+00
4.600000e+02 7.227358e+02 1.848277e+00
4.600000e+02 7.237464e+02 1.831973e+00
4.600000e+02 7.231017e+02 1.808145e+00
4.600000e+02 7.216472e+02 1.795674e+00
4.600000e+02 7.237381e+02 1.858413e+00
4.600000e+02 7.252964e+02 1.874848e+00
4.600000e+02 7.238599e+02 1.828265e+00
4.600000e+02 7.252276e+02 1.836859e+00
4.600000e+02 7.239115e+02 1.883473e+00
4.700000e+02 7.121599e+02 1.840854e+00
4.700000e+02 7.095248e+02 1.864241e+00
4.700000e+02 7.090633e+02 1.813756e+00
4.700000e+02 7.118144e+02 1.791780e+00
4.700000e+02 7.101935e+02 1.795270e+00
4.700000e+02 7.094771e+02 1.834642e+00
4.700000e+02 7.107955e+02 1.849561e+00
4.700000e+02 7.106416e+02 1.797763e+00
4.700000e+02 7.068872e+02 1.767105e+00
4.700000e+02 7.101312e+02 1.819355e+00
4.700000e+02 7.105214e+02 1.832726e+00
4.700000e+02 7.107438e+02 1.826988e+00
4.700000e+02 7.119524e+02 1.853406e+00
4.700000e+02 7.113046e+02 1.797780e+00
4.700000e+02 7.128843e+02 1.787410e+00
4.700000e+02 7.131315e+02 1.796337e+00
4.700000e+02 7.133896e+02 1.807740e+00
4.700000e+02 7.098250e+02 1.820212e+00
4.700000e+02 7.114851e+02 1.825993e+00
4.700000e+02 7.127562e+02 1.769244e+00
4.800000e+02 6.999274e+02 1.747820e+00
4.800000e+02 6.995851e+02 1.830726e+00
4.800000e+02 6.993936e+02 1.760576e+00
4.800000e+02 7.004297e+02 1.788480e+00
4.800000e+02 6.994109e+02 1.718297e+00
4.800000e+02 6.970883e+02 1.737464e+00
4.800000e+02 6.982968e+02 1.773700e+00
4.800000e+02 6.981360e+02 1.760267e+00
4.800000e+02 7.032169e+02 1.801403e+00
4.800000e+02 7.012640e+02 1.817258e+00
4.800000e+02 6.978568e+02 1.787426e+00
4.800000e+02 6.971684e+02 1.802954e+00
4.800000e+02 6.996263e+02 1.765770e+00
4.800000e+02 6.955956e+02 1.733682e+00
4.800000e+02 6.970647e+02 1.756526e+00
4.800000e+02 6.994077e+02 1.739309e+00
4.800000e+02 6.964921e+02 1.809642e+00
4.800000e+02 7.000639e+02 1.760972e+00
4.800000e+02 7.038202e+02 1.766468e+00
4.800000e+02 6.966117e+02 1.788401e+00
4.900000e+02 6.863380e+02 1.696874e+00
4.900000e+02 6.876186e+02 1.749484e+00
4.900000e+02 6.852843e+02 1.772993e+00
4.900000e+02 6.848232e+02 1.735912e+00
4.900000e+02 6.868749e+02 1.720790e+00
4.900000e+02 6.847133e+02 1.741220e+00
4.900000e+02 6.840984e+02 1.731419e+00
4.900000e+02 6.836127e+02 1.737315e+00
4.900000e+02 6.835383e+02 1.756995e+00
4.900000e+02 6.858234e+02 1.772472e+00
4.900000e+02 6.901667e+02 1.733920e+00
4.900000e+02 6.876832e+02 1.750029e+00
4.900000e+02 6.870681e+02 1.750394e+00
4.900000e+02 6.872530e+02 1.797638e+00
4.900000e+02 6.852971e+02 1.753593e+00
4.900000e+02 6.881887e+02 1.712631e+00
4.900000e+02 6.834752e+02 1.727254e+00
4.900000e+02 6.854065e+02 1.752326e+00
4.900000e+02 6.867744e+02 1.727520e+00
4.900000e+02 6.871275e+02 1.727673e+00
5.000000e+02 6.724779e+02 1.709658e+00
5.000000e+02 6.690063e+02 1.719775e+00
5.000000e+02 6.698524e+02 1.721871e+00
5.000000e+02 6.739637e+02 1.643419e+00
5.000000e+02 6.715965e+02 1.738290e+00
5.000000e+02 6.705646e+02 1.780750e+00
5.000000e+02 6.721009e+02 1.684100e+00
5.000000e+02 6.693336e+02 1.712494e+00
5.000000e+02 6.703891e+02 1.650814e+00
5.000000e+02 6.684614e+02 1.716893e+00
5.000000e+02 6.740870e+02 1.693492e+00
5.000000e+02 6.721949e+02 1.691699e+00
5.000000e+02 6.738166e+02 1.731208e+00
5.000000e+02 6.721214e+02 1.692256e+00
5.000000e+02 6.732527e+02 1.668879e+00
5.000000e+02 6.720134e+02 1.693802e+00
5.000000e+02 6.694744e+02 1.710004e+00
5.000000e+02 6.724197e+02 1.686239e+00
5.000000e+02 6.714522e+02 1.679886e+00
5.000000e+02 6.715867e+02 1.690344e+00
5.100000e+02 6.578333e+02 1.685844e+00
5.100000e+02 6.579447e+02 1.630855e+00
5.100000e+02 6.584614e+02 1.702403e+00
5.100000e+02 6.577712e+02 1.681405e+00
5.100000e+02 6.547415e+02 1.636463e+00
5.100000e+02 6.577721e+02 1.650350e+00
5.100000e+02 6.610732e+02 1.629208e+00
5.100000e+02 6.574346e+02 1.646998e+00
5.100000e+02 6.589153e+02 1.643275e+00
5.100000e+02 6.574651e+02 1.664585e+00
5.100000e+02 6.603139e+02 1.628889e+00
5.100000e+02 6.549324e+02 1.620828e+00
5.100000e+02 6.587414e+02 1.651123e+00
5.100000e+02 6.559342e+02 1.698705e+00
5.100000e+02 6.574034e+02 1.675228e+00
5.100000e+02 6.602619e+02 1.647057e+00
5.100000e+02 6.556882e+02 1.638329e+00
5.100000e+02 6.592544e+02 1.641348e+00
5.100000e+02 6.578427e+02 1.617849e+00
5.100000e+02 6.555793e+02 1.673529e+00
5.200000e+02 6.464902e+02 1.668531e+00
5.200000e+02 6.435668e+02 1.606874e+00
5.200000e+02 6.459150e+02 1.618190e+00
5.200000e+02 6.431683e+02 1.612330e+00
5.200000e+02 6.435008e+02 1.644558e+00
5.200000e+02 6.451328e+02 1.623410e+00
5.200000e+02 6.477685e+02 1.610646e+00
5.200000e+02 6.432996e+02 1.591305e+00
5.200000e+02 6.462860e+02 1.587525e+00
5.200000e+02 6.439226e+02 1.610436e+00
5.200000e+02 6.436740e+02 1.585148e+00
5.200000e+02 6.459934e+02 1.624291e+00
5.200000e+02 6.432928e+02 1.638672e+00
5.200000e+02 6.454833e+02 1.583071e+00
5.200000e+02 6.449930e+02 1.619559e+00
5.200000e+02 6.449946e+02 1.623163e+00
5.200000e+02 6.443739e+02 1.596194e+00
5.200000e+02 6.441112e+02 1.611602e+00
5.200000e+02 6.470775e+02 1.615459e+00
5.200000e+02 6.452968e+02 1.635447e+00
5.300000e+02 6.313895e+02 1.548165e+00
5.300000e+02 6.305397e+02 1.560121e+00
5.300000e+02 6.293539e+02 1.582712e+00
5.300000e+02 6.293023e+02 1.581254e+00
5.300000e+02 6.325235e+02 1.569843e+00
5.300000e+02 6.314772e+02 1.611323e+00
5.300000e+02 6.284715e+02 1.594903e+00
5.300000e+02 6.313012e+02 1.550307e+00
5.300000e+02 6.302821e+02 1.581996e+00
5.300000e+02 6.346102e+02 1.583351e+00
5.300000e+02 6.294085e+02 1.568749e+00
5.300000e+02 6.305107e+02 1.597361e+00
5.300000e+02 6.300883e+02 1.586878e+00
5.300000e+02 6.276036e+02 1.556513e+00
5.300000e+02 6.292417e+02 1.566497e+00
5.300000e+02 6.319874e+02 1.580855e+00
5.300000e+02 6.278588e+02 1.582705e+00
5.300000e+02 6.317419e+02 1.540853e+00
5.300000e+02 6.299541e+02 1.561885e+00
5.300000e+02 6.293856e+02 1.571155e+00
5.400000e+02 6.180940e+02 1.552518e+00
5.400000e+02 6.177160e+02 1.540804e+00
5.400000e+02 6.177140e+02 1.524920e+00
5.400000e+02 6.199002e+02 1.520757e+00
5.400000e+02 6.164764e+02 1.524923e+00
5.400000e+02 6.186464e+02 1.540859e+00
5.400000e+02 6.169889e+02 1.536965e+00
5.400000e+02 6.191653e+02 1.518840e+00
5.400000e+02 6.167892e+02 1.537085e+00
5.400000e+02 6.186069e+02 1.526071e+00
5.400000e+02 6.159926e+02 1.530523e+00
5.400000e+02 6.159277e+02 1.521352e+00
5.400000e+02 6.162068e+02 1.514839e+00
5.400000e+02 6.177697e+02 1.540005e+00
5.400000e+02 6.161768e+02 1.510275e+00
5.400000e+02 6.168519e+02 1.547164e+00
5.400000e+02 6.192178e+02 1.544817e+00
5.400000e+02 6.169511e+02 1.521480e+00
5.400000e+02 6.159397e+02 1.546813e+00
5.400000e+02 6.149419e+02 1.542284e+00
5.500000e+02 6.038161e+02 1.519055e+00
5.500000e+02 6.012632e+02 1.470162e+00
5.500000e+02 6.059473e+02 1.489212e+00
5.500000e+02 6.050333e+02 1.502826e+00
5.500000e+02 6.054817e+02 1.512796e+00
5.500000e+02 6.019078e+02 1.493781e+00
5.500000e+02 6.038487e+02 1.515133e+00
5.500000e+02 6.038706e+02 1.507233e+00
5.500000e+02 6.057189e+02 1.514731e+00
5.500000e+02 6.048156e+02 1.538888e+00
5.500000e+02 6.037202e+02 1.506351e+00
5.500000e+02 6.028650e+02 1.499743e+00
5.500000e+02 6.051160e+02 1.506635e+00
5.500000e+02 6.066147e+02 1.477204e+00
5.500000e+02 6.047595e+02 1.477078e+00
5.500000e+02 6.038036e+02 1.512430e+00
5.500000e+02 6.057384e+02 1.483034e+00
5.500000e+02 6.045891e+02 1.518117e+00
5.500000e+02 6.038048e+02 1.475319e+00
5.500000e+02 6.065299e+02 1.514600e+00
5.600000e+02 5.895791e+02 1.469848e+00
5.600000e+02 5.918647e+02 1.441613e+00
5.600000e+02 5.938414e+02 1.458988e+00
5.600000e+02 5.905587e+02 1.460108e+00
5.600000e+02 5.920786e+02 1.426177e+00
5.600000e+02 5.927761e+02 1.447561e+00
5.600000e+02 5.919874e+02 1.494062e+00
5.600000e+02 5.908574e+02 1.481550e+00
5.600000e+02 5.920780e+02 1.440730e+00
5.600000e+02 5.878829e+02 1.459852e+00
5.600000e+02 5.891858e+02 1.441687e+00
5.600000e+02 5.925342e+02 1.436907e+00
5.600000e+02 5.927789e+02 1.461439e+00
5.600000e+02 5.901076e+02 1.441967e+00
5.600000e+02 5.926288e+02 1.457371e+00
5.600000e+02 5.902348e+02 1.455225e+00
5.600000e+02 5.920022e+02 1.442541e+00
5.600000e+02 5.915513e+02 1.450551e+00
5.600000e+02 5.894825e+02 1.457521e+00
5.600000e+02 5.937046e+02 1.458976e+00
5.700000e+02 5.782706e+02 1.429675e+00
5.700000e+02 5.759751e+02 1.474936e+00
5.700000e+02 5.790136e+02 1.392253e+00
5.700000e+02 5.812413e+02 1.409186e+00
5.700000e+02 5.762549e+02 1.441256e+00
5.700000e+02 5.778604e+02 1.414306e+00
5.700000e+02 5.763023e+02 1.417130e+00
5.700000e+02 5.801905e+02 1.426638e+00
5.700000e+02 5.799555e+02 1.398836e+00
5.700000e+02 5.762678e+02 1.401872e+00
5.700000e+02 5.786539e+02 1.417576e+00
5.700000e+02 5.759313e+02 1.442521e+00
5.700000e+02 5.772459e+02 1.410642e+00
5.700000e+02 5.805973e+02 1.408726e+00
5.700000e+02 5.792724e+02 1.436280e+00
5.700000e+02 5.788666e+02 1.428143e+00
5.700000e+02 5.775831e+02 1.426858e+00
5.700000e+02 5.787662e+02 1.411271e+00
5.700000e+02 5.772994e+02 1.439327e+00
5.700000e+02 5.822371e+02 1.408980e+00
5.800000e+02 5.652601e+02 1.379505e+00
5.800000e+02 5.640089e+02 1.397499e+00
5.800000e+02 5.647390e+02 1.386545e+00
5.800000e+02 5.649323e+02 1.397094e+00
5.800000e+02 5.656416e+02 1.398126e+00
5.800000e+02 5.693982e+02 1.390678e+00
5.800000e+02 5.666894e+02 1.371861e+00
5.800000e+02 5.656255e+02 1.384741e+00
5.800000e+02 5.661561e+02 1.396252e+00
5.800000e+02 5.664827e+02 1.369590e+00
5.800000e+02 5.677755e+02 1.384869e+00
5.800000e+02 5.666041e+02 1.402322e+00
5.800000e+02 5.628465e+02 1.394448e+00
5.800000e+02 5.667261e+02 1.370527e+00
5.800000e+02 5.651743e+02 1.369158e+00
5.800000e+02 5.649856e+02 1.371804e+00
5.800000e+02 5.668300e+02 1.386189e+00
5.800000e+02 5.690446e+02 1.379158e+00
5.800000e+02 5.686771e+02 1.388076e+00
5.800000e+02 5.658491e+02 1.395107e+00
5.900000e+02 5.550245e+02 1.389656e+00
5.900000e+02 5.513573e+02 1.355393e+00
5.900000e+02 5.529339e+02 1.350957e+00
5.900000e+02 5.566543e+02 1.348364e+00
5.900000e+02 5.530210e+02 1.367990e+00
5.900000e+02 5.518305e+02 1.406018e+00
5.900000e+02 5.530065e+02 1.333340e+00
5.900000e+02 5.521683e+02 1.340658e+00
5.900000e+02 5.533066e+02 1.345259e+00
5.900000e+02 5.558132e+02 1.357354e+00
5.900000e+02 5.531816e+02 1.372049e+00
5.900000e+02 5.538104e+02 1.357823e+00
5.900000e+02 5.533891e+02 1.370944e+00
5.900000e+02 5.550312e+02 1.362575e+00
5.900000e+02 5.547537e+02 1.361977e+00
5.900000e+02 5.557069e+02 1.360889e+00
5.900000e+02 5.546842e+02 1.353158e+00
5.900000e+02 5.551298e+02 1.370213e+00
5.900000e+02 5.544297e+02 1.367238e+00
5.900000e+02 5.535691e+02 1.364094e+00
6.000000e+02 5.425179e+02 1.332673e+00
6.000000e+02 5.415181e+02 1.381063e+00
6.000000e+02 5.416466e+02 1.309761e+00
6.000000e+02 5.435235e+02 1.354167e+00
6.000000e+02 5.401281e+02 1.354419e+00
6.000000e+02 5.423143e+02 1.326478e+00
6.000000e+02 5.409450e+02 1.333192e+00
6.000000e+02 5.438982e+02 1.314209e+00
6.000000e+02 5.420509e+02 1.283762e+00
6.000000e+02 5.414569e+02 1.308379e+00
6.000000e+02 5.404074e+02 1.373159e+00
6.000000e+02 5.408224e+02 1.309799e+00
6.000000e+02 5.406891e+02 1.333256e+00
6.000000e+02 5.435298e+02 1.324987e+00
6.000000e+02 5.430285e+02 1.338663e+00
6.000000e+02 5.429696e+02 1.314285e+00
6.000000e+02 5.433297e+02 1.336443e+00
6.000000e+02 5.408568e+02 1.343772e+00
6.000000e+02 5.385196e+02 1.338442e+00
6.000000e+02 5.434112e+02 1.316515e+00
6.100000e+02 5.293498e+02 1.306356e+00
6.100000e+02 5.301067e+02 1.300493e+00
6.100000e+02 5.301261e+02 1.320910e+00
6.100000e+02 5.295997e+02 1.328591e+00
6.100000e+02 5.304666e+02 1.276268e+00
6.100000e+02 5.286693e+02 1.328665e+00
6.100000e+02 5.320185e+02 1.299133e+00
6.100000e+02 5.303153e+02 1.286959e+00
6.100000e+02 5.290080e+02 1.247686e+00
6.100000e+02 5.305696e+02 1.296268e+00
6.100000e+02 5.318147e+02 1.269450e+00
6.100000e+02 5.308293e+02 1.291173e+00
6.100000e+02 5.284515e+02 1.301813e+00
6.100000e+02 5.294894e+02 1.316128e+00
6.100000e+02 5.327161e+02 1.281976e+00
6.100000e+02 5.327650e+02 1.286026e+00
6.100000e+02 5.296122e+02 1.295667e+00
6.100000e+02 5.291884e+02 1.281156e+00
6.100000e+02 5.297528e+02 1.294795e+00
6.100000e+02 5.300012e+02 1.277843e+00
6.200000e+02 5.189549e+02 1.289193e+00
6.200000e+02 5.186744e+02 1.261736e+00
6.200000e+02 5.188209e+02 1.255709e+00
6.200000e+02 5.182779e+02 1.295303e+00
6.200000e+02 5.194310e+02 1.288923e+00
6.200000e+02 5.186232e+02 1.276154e+00
6.200000e+02 5.194450e+02 1.268444e+00
6.200000e+02 5.201919e+02 1.291206e+00
6.200000e+02 5.199916e+02 1.246841e+00
6.200000e+02 5.207751e+02 1.266051e+00
6.200000e+02 5.193039e+02 1.275767e+00
6.200000e+02 5.174088e+02 1.264272e+00
6.200000e+02 5.195795e+02 1.265236e+00
6.200000e+02 5.200220e+02 1.252981e+00
6.200000e+02 5.171980e+02 1.295177e+00
6.200000e+02 5.195035e+02 1.253844e+00
6.200000e+02 5.193108e+02 1.280786e+00
6.200000e+02 5.194420e+02 1.276232e+00
6.200000e+02 5.197662e+02 1.304719e+00
6.200000e+02 5.198769e+02 1.274944e+00
6.300000e+02 5.080339e+02 1.252783e+00
6.300000e+02 5.096466e+02 1.292170e+00
6.300000e+02 5.053170e+02 1.245022e+00
6.300000e+02 5.067028e+02 1.262688e+00
6.300000e+02 5.066942e+02 1.254495e+00
6.300000e+02 5.074616e+02 1.280254e+00
6.300000e+02 5.079593e+02 1.237222e+00
6.300000e+02 5.082130e+02 1.272209e+00
6.300000e+02 5.081092e+02 1.192825e+00
6.300000e+02 5.073963e+02 1.238984e+00
6.300000e+02 5.081485e+02 1.241579e+00
6.300000e+02 5.080813e+02 1.230929e+00
6.300000e+02 5.090844e+02 1.231283e+00
6.300000e+02 5.060365e+02 1.239168e+00
6.300000e+02 5.080949e+02 1.227412e+00
6.300000e+02 5.050244e+02 1.262877e+00
6.300000e+02 5.073512e+02 1.273141e+00
6.300000e+02 5.098562e+02 1.239978e+00
6.300000e+02 5.065279e+02 1.250815e+00
6.300000e+02 5.087435e+02 1.221509e+00
6.400000e+02 4.978793e+02 1.199655e+00
6.400000e+02 4.981717e+02 1.215073e+00
6.400000e+02 4.965562e+02 1.223144e+00
6.400000e+02 4.965598e+02 1.222853e+00
6.400000e+02 4.984599e+02 1.228369e+00
6.400000e+02 4.969590e+02 1.229394e+00
6.400000e+02 4.981763e+02 1.211235e+00
6.400000e+02 4.981986e+02 1.207468e+00
6.400000e+02 4.984714e+02 1.171138e+00
6.400000e+02 4.967655e+02 1.201363e+00
6.400000e+02 4.979668e+02 1.203329e+00
6.400000e+02 4.952977e+02 1.217106e+00
6.400000e+02 4.989759e+02 1.224822e+00
6.400000e+02 4.969910e+02 1.229682e+00
6.400000e+02 4.960938e+02 1.199763e+00
6.400000e+02 4.977119e+02 1.210001e+00
6.400000e+02 4.971609e+02 1.277215e+00
6.400000e+02 4.989886e+02 1.201640e+00
6.400000e+02 4.975024e+02 1.204914e+00
6.400000e+02 4.979298e+02 1.229464e+00
6.500000e+02 4.885363e+02 1.168747e+00
6.500000e+02 4.854338e+02 1.190751e+00
6.500000e+02 4.889481e+02 1.191029e+00
6.500000e+02 4.861751e+02 1.206698e+00
6.500000e+02 4.852725e+02 1.203752e+00
6.500000e+02 4.853799e+02 1.217623e+00
6.500000e+02 4.888683e+02 1.181006e+00
6.500000e+02 4.857542e+02 1.175313e+00
6.500000e+02 4.870691e+02 1.171901e+00
6.500000e+02 4.859634e+02 1.172240e+00
6.500000e+02 4.885925e+02 1.162187e+00
6.500000e+02 4.881767e+02 1.201808e+00
6.500000e+02 4.863790e+02 1.198548e+00
6.500000e+02 4.901422e+02 1.163981e+00
6.500000e+02 4.859957e+02 1.170495e+00
6.500000e+02 4.881265e+02 1.166010e+00
6.500000e+02 4.857500e+02 1.183595e+00
6.500000e+02 4.881558e+02 1.180134e+00
6.500000e+02 4.876790e+02 1.212427e+00
6.500000e+02 4.882567e+02 1.186788e+00
6.600000e+02 4.758726e+02 1.163059e+00
6.600000e+02 4.781170e+02 1.205663e+00
6.600000e+02 4.765580e+02 1.185999e+00
6.600000e+02 4.772570e+02 1.174999e+00
6.600000e+02 4.776440e+02 1.161687e+00
6.600000e+02 4.759964e+02 1.171741e+00
6.600000e+02 4.757048e+02 1.163646e+00
6.600000e+02 4.759738e+02 1.144931e+00
6.600000e+02 4.760117e+02 1.147594e+00
6.600000e+02 4.777370e+02 1.158479e+00
6.600000e+02 4.784567e+02 1.133322e+00
6.600000e+02 4.776363e+02 1.164092e+00
6.600000e+02 4.765949e+02 1.138445e+00
6.600000e+02 4.791971e+02 1.177049e+00
6.600000e+02 4.787570e+02 1.148452e+00
6.600000e+02 4.764415e+02 1.158632e+00
6.600000e+02 4.763923e+02 1.134086e+00
6.600000e+02 4.769569e+02 1.136490e+00
6.600000e+02 4.763636e+02 1.163387e+00
6.600000e+02 4.767621e+02 1.179629e+00
6.700000e+02 4.692572e+02 1.102997e+00
6.700000e+02 4.676805e+02 1.117919e+00
6.700000e+02 4.666224e+02 1.131704e+00
6.700000e+02 4.673187e+02 1.174245e+00
6.700000e+02 4.690347e+02 1.141861e+00
6.700000e+02 4.664513e+02 1.156238e+00
6.700000e+02 4.664350e+02 1.136227e+00
6.700000e+02 4.671418e+02 1.106262e+00
6.700000e+02 4.676203e+02 1.121627e+00
6.700000e+02 4.662184e+02 1.179518e+00
6.700000e+02 4.670794e+02 1.131239e+00
6.700000e+02 4.666750e+02 1.151366e+00
6.700000e+02 4.658057e+02 1.129394e+00
6.700000e+02 4.679613e+02 1.134502e+00
6.700000e+02 4.664766e+02 1.126481e+00
6.700000e+02 4.695403e+02 1.120056e+00
6.700000e+02 4.683661e+02 1.128479e+00
6.700000e+02 4.667917e+02 1.146905e+00
6.700000e+02 4.678506e+02 1.120567e+00
6.700000e+02 4.682270e+02 1.124254e+00
6.800000e+02 4.594210e+02 1.103152e+00
6.800000e+02 4.567491e+02 1.113691e+00
6.800000e+02 4.565590e+02 1.118301e+00
6.800000e+02 4.601221e+02 1.102394e+00
6.800000e+02 4.590217e+02 1.090080e+00
6.800000e+02 4.574231e+02 1.131421e+00
6.800000e+02 4.582546e+02 1.097508e+00
6.800000e+02 4.585879e+02 1.095201e+00
6.800000e+02 4.578139e+02 1.114291e+00
6.800000e+02 4.578899e+02 1.123165e+00
6.800000e+02 4.579111e+02 1.084282e+00
6.800000e+02 4.582896e+02 1.100090e+00
6.800000e+02 4.573765e+02 1.100931e+00
6.800000e+02 4.553611e+02 1.123868e+00
6.800000e+02 4.597933e+02 1.100663e+00
6.800000e+02 4.578528e+02 1.120864e+00
6.800000e+02 4.587829e+02 1.104101e+00
6.800000e+02 4.593910e+02 1.138808e+00
6.800000e+02 4.569912e+02 1.118356e+00
6.800000e+02 4.580540e+02 1.140255e+00
6.900000e+02 4.498952e+02 1.072891e+00
6.900000e+02 4.500121e+02 1.120735e+00
6.900000e+02 4.490877e+02 1.070964e+00
6.900000e+02 4.498206e+02 1.085045e+00
6.900000e+02 4.483831e+02 1.094733e+00
6.900000e+02 4.474144e+02 1.071946e+00
6.900000e+02 4.473270e+02 1.075913e+00
6.900000e+02 4.496817e+02 1.109744e+00
6.900000e+02 4.482016e+02 1.046675e+00
6.900000e+02 4.479473e+02 1.114800e+00
6.900000e+02 4.485353e+02 1.057433e+00
6.900000e+02 4.509250e+02 1.092248e+00
6.900000e+02 4.482930e+02 1.074683e+00
6.900000e+02 4.485187e+02 1.090912e+00
6.900000e+02 4.502829e+02 1.068752e+00
6.900000e+02 4.495636e+02 1.070614e+00
6.900000e+02 4.462127e+02 1.108485e+00
6.900000e+02 4.494428e+02 1.084041e+00
6.900000e+02 4.454124e+02 1.066433e+00
6.900000e+02 4.473874e+02 1.091144e+00
7.000000e+02 4.401605e+02 1.041813e+00
7.000000e+02 4.391324e+02 1.077335e+00
7.000000e+02 4.407282e+02 1.082948e+00
7.000000e+02 4.386825e+02 1.072237e+00
7.000000e+02 4.400945e+02 1.068165e+00
7.000000e+02 4.377925e+02 1.066287e+00
7.000000e+02 4.394243e+02 1.045711e+00
7.000000e+02 4.390964e+02 1.054098e+00
7.000000e+02 4.388367e+02 1.062618e+00
7.000000e+02 4.387964e+02 1.071019e+00
7.000000e+02 4.407975e+02 1.046065e+00
7.000000e+02 4.401037e+02 1.051196e+00
7.000000e+02 4.382336e+02 1.068580e+00
7.000000e+02 4.388825e+02 1.052417e+00
7.000000e+02 4.405827e+02 1.071408e+00
7.000000e+02 4.393040e+02 1.066641e+00
7.000000e+02 4.393439e+02 1.062414e+00
7.000000e+02 4.399113e+02 1.034657e+00
7.000000e+02 4.394313e+02 1.066890e+00
7.000000e+02 4.401356e+02 1.054221e+00
7.500000e+02 3.984150e+02 9.419173e-01
7.500000e+02 3.990544e+02 9.570228e-01
7.500000e+02 3.982160e+02 9.480141e-01
7.500000e+02 3.982217e+02 9.419231e-01
7.500000e+02 3.984359e+02 9.438656e-01
7.500000e+02 4.000379e+02 9.467609e-01
7.500000e+02 3.968390e+02 9.619859e-01
7.500000e+02 3.993320e+02 9.381902e-01
7.500000e+02 3.974016e+02 9.470165e-01
7.500000e+02 3.985662e+02 9.313978e-01
7.500000e+02 3.965234e+02 9.571751e-01
7.500000e+02 3.985942e+02 9.380182e-01
7.500000e+02 3.990037e+02 9.486582e-01
7.500000e+02 3.982023e+02 9.380825e-01
7.500000e+02 3.974522e+02 9.645650e-01
7.500000e+02 3.976589e+02 9.575458e-01
7.500000e+02 3.976481e+02 9.515651e-01
7.500000e+02 3.978564e+02 9.354845e-01
7.500000e+02 3.977038e+02 9.595956e-01
7.500000e+02 3.989165e+02 9.409701e-01
8.000000e+02 3.636303e+02 8.392280e-01
8.000000e+02 3.627134e+02 8.868886e-01
8.000000e+02 3.618247e+02 8.441937e-01
8.000000e+02 3.639527e+02 8.400929e-01
8.000000e+02 3.616234e+02 8.360096e-01
8.000000e+02 3.607890e+02 8.372804e-01
8.000000e+02 3.618584e+02 8.706582e-01
8.000000e+02 3.637730e+02 8.616711e-01
8.000000e+02 3.625099e+02 8.487385e-01
8.000000e+02 3.620553e+02 8.565607e-01
8.000000e+02 3.634892e+02 8.535263e-01
8.000000e+02 3.636952e+02 8.595946e-01
8.000000e+02 3.635211e+02 8.472987e-01
8.000000e+02 3.658977e+02 8.367344e-01
8.000000e+02 3.621921e+02 8.780581e-01
8.000000e+02 3.641786e+02 8.516926e-01
8.000000e+02 3.627033e+02 8.716082e-01
8.000000e+02 3.639561e+02 8.622908e-01
8.000000e+02 3.627650e+02 8.480931e-01
8.000000e+02 3.626881e+02 8.741730e-01
8.500000e+02 3.332164e+02 8.032949e-01
8.500000e+02 3.324907e+02 7.682328e-01
8.500000e+02 3.311043e+02 8.060608e-01
8.500000e+02 3.326258e+02 7.696350e-01
8.500000e+02 3.324910e+02 7.614364e-01
8.500000e+02 3.317682e+02 7.707721e-01
8.500000e+02 3.326008e+02 7.860146e-01
8.500000e+02 3.339346e+02 8.052267e-01
8.500000e+02 3.337015e+02 7.678830e-01
8.500000e+02 3.318995e+02 7.735330e-01
8.500000e+02 3.331423e+02 7.701793e-01
8.500000e+02 3.332855e+02 7.587938e-01
8.500000e+02 3.322606e+02 7.609893e-01
8.500000e+02 3.309135e+02 7.691462e-01
8.500000e+02 3.321073e+02 7.611867e-01
8.500000e+02 3.326238e+02 7.785187e-01
8.500000e+02 3.318535e+02 7.588821e-01
8.500000e+02 3.317928e+02 7.757280e-01
8.500000e+02 3.320073e+02 7.680761e-01
8.500000e+02 3.322279e+02 7.674228e-01
9.000000e+02 3.065424e+02 6.962707e-01
9.000000e+02 3.047321e+02 7.265550e-01
9.000000e+02 3.058706e+02 7.415012e-01
9.000000e+02 3.053531e+02 7.029064e-01
9.000000e+02 3.052347e+02 7.087974e-01
9.000000e+02 3.055761e+02 7.037138e-01
9.000000e+02 3.055668e+02 6.955123e-01
9.000000e+02 3.066364e+02 6.906739e-01
9.000000e+02 3.059272e+02 6.967090e-01
9.000000e+02 3.044078e+02 7.198952e-01
9.000000e+02 3.056528e+02 6.850531e-01
9.000000e+02 3.052245e+02 6.867589e-01
9.000000e+02 3.057273e+02 7.376092e-01
9.000000e+02 3.060861e+02 7.414756e-01
9.000000e+02 3.053742e+02 7.194443e-01
9.000000e+02 3.053174e+02 7.283765e-01
9.000000e+02 3.048914e+02 6.896109e-01
9.000000e+02 3.043903e+02 7.096255e-01
9.000000e+02 3.052384e+02 7.000231e-01
9.000000e+02 3.050563e+02 7.129443e-01
9.500000e+02 2.815016e+02 6.436383e-01
9.500000e+02 2.813203e+02 6.775156e-01
9.500000e+02 2.813447e+02 6.554155e-01
9.500000e+02 2.825878e+02 6.231908e-01
9.500000e+02 2.821042e+02 6.459592e-01
9.500000e+02 2.829510e+02 6.291007e-01
9.500000e+02 2.816721e+02 6.408644e-01
9.500000e+02 2.827920e+02 6.485949e-01
9.500000e+02 2.824842e+02 6.474825e-01
9.500000e+02 2.827662e+02 6.261794e-01
9.500000e+02 2.829112e+02 6.440621e-01
9.500000e+02 2.812276e+02 6.400053e-01
9.500000e+02 2.814979e+02 6.316014e-01
9.500000e+02 2.825240e+02 6.632418e-01
9.500000e+02 2.823632e+02 6.574407e-01
9.500000e+02 2.813079e+02 6.524723e-01
9.500000e+02 2.819830e+02 6.478818e-01
9.500000e+02 2.816032e+02 6.741395e-01
9.500000e+02 2.816644e+02 6.570366e-01
9.500000e+02 2.812363e+02 6.730536e-01
