1.000000e+03 -3.140445e+02 1.624612e+00
1.000000e+03 -3.143673e+02 1.831651e+00
1.000000e+03 -3.126808e+02 1.959028e+00
1.000000e+03 -3.135418e+02 1.835393e+00
1.000000e+03 -3.102684e+02 2.013223e+00
1.000000e+03 -3.131380e+02 1.667086e+00
1.000000e+03 -3.087749e+02 1.911307e+00
1.000000e+03 -3.108610e+02 1.805719e+00
1.000000e+03 -3.121418e+02 1.842887e+00
1.000000e+03 -3.140330e+02 1.743607e+00
1.000000e+03 -3.142764e+02 1.882225e+00
1.000000e+03 -3.119926e+02 1.837595e+00
1.000000e+03 -3.131388e+02 1.923223e+00
1.000000e+03 -3.112096e+02 1.847080e+00
1.000000e+03 -3.123005e+02 1.935471e+00
1.000000e+03 -3.113004e+02 2.105975e+00
1.000000e+03 -3.102795e+02 1.935533e+00
1.000000e+03 -3.110895e+02 1.784702e+00
1.000000e+03 -3.122712e+02 1.734395e+00
1.000000e+03 -3.123327e+02 1.908830e+00
1.050000e+03 -2.902282e+02 1.753867e+00
1.050000e+03 -2.908541e+02 1.661280e+00
1.050000e+03 -2.905570e+02 1.703158e+00
1.050000e+03 -2.910740e+02 1.675981e+00
1.050000e+03 -2.881329e+02 1.976344e+00
1.050000e+03 -2.878819e+02 1.787565e+00
1.050000e+03 -2.876951e+02 2.112691e+00
1.050000e+03 -2.915255e+02 2.007962e+00
1.050000e+03 -2.906567e+02 1.789165e+00
1.050000e+03 -2.893947e+02 2.194736e+00
1.050000e+03 -2.891865e+02 1.772508e+00
1.050000e+03 -2.872820e+02 1.818441e+00
1.050000e+03 -2.882192e+02 1.912184e+00
1.050000e+03 -2.855709e+02 2.371466e+00
1.050000e+03 -2.906125e+02 1.938040e+00
1.050000e+03 -2.902309e+02 1.620163e+00
1.050000e+03 -2.885330e+02 1.924258e+00
1.050000e+03 -2.914793e+02 1.812411e+00
1.050000e+03 -2.907921e+02 2.031064e+00
1.050000e+03 -2.907366e+02 1.976473e+00
1.100000e+03 -2.704913e+02 1.862650e+00
1.100000e+03 -2.711458e+02 1.653960e+00
1.100000e+03 -2.677102e+02 2.147480e+00
1.100000e+03 -2.706846e+02 1.700110e+00
1.100000e+03 -2.716026e+02 1.871206e+00
1.100000e+03 -2.692700e+02 1.819163e+00
1.100000e+03 -2.694557e+02 2.530684e+00
1.100000e+03 -2.726905e+02 1.692177e+00
1.100000e+03 -2.720702e+02 1.605628e+00
1.100000e+03 -2.693218e+02 1.672886e+00
1.100000e+03 -2.714923e+02 1.780821e+00
1.100000e+03 -2.712776e+02 1.562160e+00
1.100000e+03 -2.709310e+02 1.866486e+00
1.100000e+03 -2.680689e+02 1.928181e+00
1.100000e+03 -2.703315e+02 1.660909e+00
1.100000e+03 -2.718426e+02 1.573703e+00
1.100000e+03 -2.696553e+02 1.672590e+00
1.100000e+03 -2.712680e+02 1.745294e+00
1.100000e+03 -2.720636e+02 1.779218e+00
1.100000e+03 -2.667583e+02 1.932989e+00
1.150000e+03 -2.568691e+02 1.414492e+00
1.150000e+03 -2.539459e+02 1.579468e+00
1.150000e+03 -2.545432e+02 1.676376e+00
1.150000e+03 -2.550850e+02 1.592312e+00
1.150000e+03 -2.509145e+02 1.668383e+00
1.150000e+03 -2.523347e+02 1.515128e+00
1.150000e+03 -2.542443e+02 1.582242e+00
1.150000e+03 -2.546613e+02 1.530381e+00
1.150000e+03 -2.535019e+02 2.057654e+00
1.150000e+03 -2.549295e+02 1.714745e+00
1.150000e+03 -2.539187e+02 1.654303e+00
1.150000e+03 -2.539594e+02 1.590616e+00
1.150000e+03 -2.523742e+02 1.730164e+00
1.150000e+03 -2.529917e+02 1.696993e+00
1.150000e+03 -2.530037e+02 1.506609e+00
1.150000e+03 -2.561975e+02 1.469448e+00
1.150000e+03 -2.535290e+02 1.666228e+00
1.150000e+03 -2.529260e+02 1.888556e+00
1.150000e+03 -2.518269e+02 1.771797e+00
1.150000e+03 -2.554415e+02 1.628008e+00
1.200000e+03 -2.433279e+02 1.434863e+00
1.200000e+03 -2.386565e+02 1.587595e+00
1.200000e+03 -2.376058e+02 1.430929e+00
1.200000e+03 -2.353810e+02 1.685409e+00
1.200000e+03 -2.373063e+02 1.763647e+00
1.200000e+03 -2.379514e+02 1.658812e+00
1.200000e+03 -2.339201e+02 1.746319e+00
1.200000e+03 -2.376284e+02 1.555127e+00
1.200000e+03 -2.402042e+02 1.618835e+00
1.200000e+03 -2.401801e+02 2.086441e+00
1.200000e+03 -2.387056e+02 1.504590e+00
1.200000e+03 -2.374512e+02 1.801254e+00
1.200000e+03 -2.379046e+02 1.390570e+00
1.200000e+03 -2.361296e+02 1.588126e+00
1.200000e+03 -2.351246e+02 1.899520e+00
1.200000e+03 -2.383953e+02 1.688470e+00
1.200000e+03 -2.359223e+02 1.873849e+00
1.200000e+03 -2.362580e+02 1.668065e+00
1.200000e+03 -2.376405e+02 1.589180e+00
1.200000e+03 -2.383146e+02 1.680044e+00
1.250000e+03 -2.223615e+02 1.548027e+00
1.250000e+03 -2.229045e+02 1.476431e+00
1.250000e+03 -2.264590e+02 2.581788e+00
1.250000e+03 -2.227235e+02 1.707879e+00
1.250000e+03 -2.216463e+02 1.563472e+00
1.250000e+03 -2.242428e+02 1.574627e+00
1.250000e+03 -2.235110e+02 1.490784e+00
1.250000e+03 -2.258339e+02 1.538217e+00
1.250000e+03 -2.224924e+02 1.578885e+00
1.250000e+03 -2.247631e+02 1.419740e+00
1.250000e+03 -2.217161e+02 1.551651e+00
1.250000e+03 -2.260537e+02 1.385241e+00
1.250000e+03 -2.233655e+02 1.569072e+00
1.250000e+03 -2.244596e+02 1.584309e+00
1.250000e+03 -2.239381e+02 1.612797e+00
1.250000e+03 -2.223448e+02 1.549565e+00
1.250000e+03 -2.217432e+02 1.966357e+00
1.250000e+03 -2.254668e+02 1.469865e+00
1.250000e+03 -2.233212e+02 1.481942e+00
1.250000e+03 -2.223093e+02 1.678845e+00
1.300000e+03 -2.097276e+02 1.608852e+00
1.300000e+03 -2.099622e+02 1.444278e+00
1.300000e+03 -2.120934e+02 1.378957e+00
1.300000e+03 -2.102739e+02 1.479363e+00
1.300000e+03 -2.098510e+02 1.446088e+00
1.300000e+03 -2.086981e+02 1.466135e+00
1.300000e+03 -2.097846e+02 1.769281e+00
1.300000e+03 -2.124965e+02 1.275051e+00
1.300000e+03 -2.105211e+02 1.399466e+00
1.300000e+03 -2.087795e+02 1.413387e+00
1.300000e+03 -2.093478e+02 1.526116e+00
1.300000e+03 -2.131511e+02 1.351806e+00
1.300000e+03 -2.135982e+02 1.444862e+00
1.300000e+03 0.000000e+00 0.000000e+00
1.300000e+03 -2.114280e+02 1.622531e+00
1.300000e+03 -2.114763e+02 1.388847e+00
1.300000e+03 -2.121180e+02 1.473464e+00
1.300000e+03 -2.114174e+02 1.725011e+00
1.300000e+03 -2.111169e+02 1.485718e+00
1.300000e+03 -2.097570e+02 1.832564e+00
1.350000e+03 -1.962515e+02 1.837408e+00
1.350000e+03 -2.004074e+02 1.405132e+00
1.350000e+03 -2.011790e+02 1.369027e+00
1.350000e+03 -1.983571e+02 1.416265e+00
1.350000e+03 -1.994972e+02 1.297485e+00
1.350000e+03 -1.992790e+02 1.762743e+00
1.350000e+03 -2.007415e+02 1.421795e+00
1.350000e+03 -2.005284e+02 1.285777e+00
1.350000e+03 -2.005742e+02 1.415604e+00
1.350000e+03 -1.968065e+02 1.598313e+00
1.350000e+03 -1.992852e+02 1.292037e+00
1.350000e+03 -1.984221e+02 1.365587e+00
1.350000e+03 -1.985410e+02 1.437700e+00
1.350000e+03 -1.972760e+02 1.717290e+00
1.350000e+03 -1.997821e+02 1.484696e+00
1.350000e+03 -1.995448e+02 1.415653e+00
1.350000e+03 -1.991884e+02 1.376210e+00
1.350000e+03 -1.978016e+02 1.647054e+00
1.350000e+03 -1.922641e+02 1.614432e+00
1.350000e+03 -2.000865e+02 1.321336e+00
1.400000e+03 -1.868664e+02 1.518702e+00
1.400000e+03 -1.890874e+02 1.339292e+00
1.400000e+03 -1.885236e+02 1.434349e+00
1.400000e+03 -1.892286e+02 1.336489e+00
1.400000e+03 -1.862036e+02 1.281526e+00
1.400000e+03 -1.876400e+02 1.432814e+00
1.400000e+03 -1.891785e+02 1.381881e+00
1.400000e+03 -1.895633e+02 1.461848e+00
1.400000e+03 -1.889364e+02 1.400825e+00
1.400000e+03 -1.891057e+02 1.326414e+00
1.400000e+03 -1.887394e+02 1.496820e+00
1.400000e+03 -1.885286e+02 1.811394e+00
1.400000e+03 -1.876797e+02 1.490540e+00
1.400000e+03 -1.882474e+02 1.293817e+00
1.400000e+03 -1.868452e+02 1.724034e+00
1.400000e+03 -1.899389e+02 1.363700e+00
1.400000e+03 -1.903471e+02 1.332601e+00
1.400000e+03 -1.870613e+02 1.408408e+00
1.400000e+03 -1.882849e+02 1.597197e+00
1.400000e+03 -1.882611e+02 1.332599e+00
1.450000e+03 -1.795053e+02 1.284647e+00
1.450000e+03 -1.790389e+02 1.316897e+00
1.450000e+03 -1.767634e+02 1.351698e+00
1.450000e+03 -1.798069e+02 1.440380e+00
1.450000e+03 -1.774823e+02 1.319319e+00
1.450000e+03 -1.765886e+02 1.440861e+00
1.450000e+03 -1.788679e+02 1.358206e+00
1.450000e+03 -1.795485e+02 1.340094e+00
1.450000e+03 -1.811643e+02 1.451788e+00
1.450000e+03 -1.766643e+02 1.789214e+00
1.450000e+03 -1.758523e+02 1.705684e+00
1.450000e+03 -1.783232e+02 1.318557e+00
1.450000e+03 -1.779226e+02 1.376679e+00
1.450000e+03 -1.784677e+02 1.344943e+00
1.450000e+03 -1.779348e+02 1.342417e+00
1.450000e+03 -1.789039e+02 1.293510e+00
1.450000e+03 -1.799156e+02 1.482269e+00
1.450000e+03 -1.812018e+02 1.411385e+00
1.450000e+03 -1.814763e+02 1.259132e+00
1.450000e+03 -1.785194e+02 1.324260e+00
1.500000e+03 -1.707518e+02 1.241095e+00
1.500000e+03 -1.692279e+02 1.264039e+00
1.500000e+03 -1.703501e+02 1.264476e+00
1.500000e+03 -1.711320e+02 1.803616e+00
1.500000e+03 -1.700094e+02 1.266860e+00
1.500000e+03 -1.709535e+02 1.309276e+00
1.500000e+03 -1.677222e+02 1.357625e+00
1.500000e+03 -1.698038e+02 1.173801e+00
1.500000e+03 -1.677599e+02 1.600770e+00
1.500000e+03 -1.703631e+02 1.254903e+00
1.500000e+03 -1.680962e+02 1.329023e+00
1.500000e+03 -1.681648e+02 1.746041e+00
1.500000e+03 -1.696111e+02 1.368119e+00
1.500000e+03 -1.695429e+02 1.258906e+00
1.500000e+03 -1.682841e+02 1.339544e+00
1.500000e+03 -1.701065e+02 1.175205e+00
1.500000e+03 -1.688464e+02 1.315624e+00
1.500000e+03 -1.683632e+02 1.234119e+00
1.500000e+03 -1.702397e+02 1.260357e+00
1.500000e+03 -1.687915e+02 1.276347e+00
1.550000e+03 -1.596117e+02 1.418331e+00
1.550000e+03 -1.624580e+02 1.209982e+00
1.550000e+03 -1.653510e+02 1.142898e+00
1.550000e+03 -1.612662e+02 1.253905e+00
1.550000e+03 -1.619488e+02 1.315581e+00
1.550000e+03 -1.599409e+02 1.354494e+00
1.550000e+03 -1.620196e+02 1.632847e+00
1.550000e+03 -1.621699e+02 1.313760e+00
1.550000e+03 -1.626754e+02 1.213252e+00
1.550000e+03 -1.639167e+02 1.228695e+00
1.550000e+03 -1.603400e+02 1.235020e+00
1.550000e+03 -1.624994e+02 1.412880e+00
1.550000e+03 -1.621624e+02 1.189517e+00
1.550000e+03 -1.597908e+02 1.402801e+00
1.550000e+03 -1.632551e+02 1.174400e+00
1.550000e+03 -1.588675e+02 1.411998e+00
1.550000e+03 -1.632135e+02 1.311378e+00
1.550000e+03 -1.622130e+02 1.282895e+00
1.550000e+03 -1.623953e+02 1.196835e+00
1.550000e+03 -1.621133e+02 1.199329e+00
1.800000e+03 -1.310232e+02 1.148387e+00
1.800000e+03 -1.306243e+02 1.149764e+00
1.800000e+03 -1.294111e+02 1.147889e+00
1.800000e+03 -1.294297e+02 1.078206e+00
1.800000e+03 -1.306505e+02 9.928488e-01
1.800000e+03 -1.278483e+02 1.245818e+00
1.800000e+03 -1.292876e+02 1.117248e+00
1.800000e+03 -1.291581e+02 1.077813e+00
1.800000e+03 -1.303095e+02 1.229905e+00
1.800000e+03 -1.287792e+02 1.163718e+00
1.800000e+03 -1.275560e+02 1.131543e+00
1.800000e+03 -1.285998e+02 1.254203e+00
1.800000e+03 -1.296399e+02 1.156836e+00
1.800000e+03 -1.284697e+02 1.263627e+00
1.800000e+03 -1.286768e+02 1.089608e+00
1.800000e+03 -1.299478e+02 1.069072e+00
1.800000e+03 -1.310158e+02 1.030442e+00
1.800000e+03 -1.279022e+02 1.397403e+00
1.800000e+03 -1.275954e+02 1.129004e+00
1.800000e+03 -1.279870e+02 1.047895e+00
2.100000e+03 -1.021505e+02 9.802927e-01
2.100000e+03 -1.023274e+02 1.064294e+00
2.100000e+03 -1.015156e+02 9.672067e-01
2.100000e+03 -1.009589e+02 1.187172e+00
2.100000e+03 -1.023110e+02 1.051173e+00
2.100000e+03 -1.024716e+02 9.894370e-01
2.100000e+03 -1.026134e+02 9.506741e-01
2.100000e+03 -1.040768e+02 1.046993e+00
2.100000e+03 -1.035089e+02 1.024231e+00
2.100000e+03 -1.041186e+02 9.753761e-01
2.100000e+03 -1.032224e+02 9.254223e-01
2.100000e+03 -1.015160e+02 9.278019e-01
2.100000e+03 -1.032428e+02 1.000123e+00
2.100000e+03 -1.039355e+02 1.005225e+00
2.100000e+03 -1.027681e+02 8.823555e-01
2.100000e+03 -1.043493e+02 9.215062e-01
2.100000e+03 -1.040007e+02 9.779015e-01
2.100000e+03 -1.027144e+02 9.349902e-01
2.100000e+03 -1.033737e+02 1.133159e+00
2.100000e+03 -1.032039e+02 9.786077e-01
2.400000e+03 -8.143380e+01 1.080175e+00
2.400000e+03 -8.498385e+01 8.476318e-01
2.400000e+03 -8.437162e+01 9.223516e-01
2.400000e+03 -8.361968e+01 8.789232e-01
2.400000e+03 -8.584424e+01 9.644757e-01
2.400000e+03 -8.481940e+01 8.394209e-01
2.400000e+03 -8.285739e+01 9.174591e-01
2.400000e+03 -8.452838e+01 1.038010e+00
2.400000e+03 -8.417428e+01 9.419943e-01
2.400000e+03 -8.376210e+01 1.029645e+00
2.400000e+03 -8.511152e+01 8.980304e-01
2.400000e+03 -8.446807e+01 8.710472e-01
2.400000e+03 -8.321169e+01 1.037135e+00
2.400000e+03 -8.390839e+01 1.030002e+00
2.400000e+03 -8.296973e+01 1.064814e+00
2.400000e+03 -8.508823e+01 9.479749e-01
2.400000e+03 -8.482011e+01 9.262794e-01
2.400000e+03 -8.519572e+01 9.333166e-01
2.400000e+03 -8.511778e+01 8.508414e-01
2.700000e+03 -7.131542e+01 8.587161e-01
2.700000e+03 -6.996673e+01 7.816340e-01
2.700000e+03 -6.995363e+01 8.800320e-01
2.700000e+03 -7.082977e+01 8.573512e-01
2.700000e+03 -7.011048e+01 9.148418e-01
2.700000e+03 -7.124870e+01 7.520209e-01
2.700000e+03 -7.081034e+01 9.756678e-01
2.700000e+03 -7.082567e+01 8.500219e-01
2.700000e+03 -6.919799e+01 8.316724e-01
2.700000e+03 -7.221652e+01 8.359729e-01
2.700000e+03 -7.183884e+01 7.961086e-01
2.700000e+03 -7.107130e+01 7.532095e-01
2.700000e+03 -7.087264e+01 8.272582e-01
2.700000e+03 -6.908208e+01 9.886010e-01
2.700000e+03 -7.170839e+01 8.160805e-01
2.700000e+03 -7.110715e+01 8.862021e-01
2.700000e+03 -7.021944e+01 9.539659e-01
2.700000e+03 -7.021588e+01 9.434967e-01
2.700000e+03 -7.125768e+01 9.157386e-01
2.700000e+03 -7.090340e+01 9.751176e-01
3.000000e+03 -5.801435e+01 1.593236e+00
3.000000e+03 -6.083563e+01 8.685272e-01
3.000000e+03 -6.201311e+01 6.681019e-01
3.000000e+03 -6.117261e+01 7.231255e-01
3.000000e+03 -6.091021e+01 7.933172e-01
3.000000e+03 -6.086768e+01 8.179715e-01
3.000000e+03 -5.973406e+01 8.531427e-01
3.000000e+03 -5.811998e+01 1.115533e+00
3.000000e+03 -6.164268e+01 7.615325e-01
3.000000e+03 -6.262660e+01 9.866611e-01
3.000000e+03 -6.029519e+01 7.881945e-01
3.000000e+03 -5.959968e+01 9.729437e-01
3.000000e+03 -6.082922e+01 8.436636e-01
3.000000e+03 -6.104696e+01 9.291757e-01
3.000000e+03 -6.001175e+01 8.287398e-01
3.000000e+03 -5.985481e+01 8.458114e-01
3.000000e+03 -5.995741e+01 7.579730e-01
3.000000e+03 -6.200624e+01 9.564382e-01
3.000000e+03 -5.993716e+01 9.453920e-01
3.000000e+03 -6.148308e+01 7.262042e-01
3.000000e+02 -2.396216e+00 7.717709e-03
3.000000e+02 -2.393983e+00 9.208463e-03
3.000000e+02 -2.376435e+00 9.185862e-03
3.000000e+02 -2.382012e+00 9.063317e-03
3.000000e+02 -2.369542e+00 1.076372e-02
3.000000e+02 -2.374686e+00 9.251276e-03
3.000000e+02 -2.383449e+00 8.400535e-03
3.000000e+02 -2.374836e+00 8.745265e-03
3.000000e+02 -2.359703e+00 1.264342e-02
3.000000e+02 -2.380267e+00 9.246769e-03
3.000000e+02 -2.374776e+00 9.347094e-03
3.000000e+02 -2.367553e+00 9.490421e-03
3.000000e+02 -2.380213e+00 8.812556e-03
3.000000e+02 -2.385192e+00 8.626386e-03
3.000000e+02 -2.376839e+00 9.125097e-03
3.000000e+02 -2.375306e+00 9.464147e-03
3.000000e+02 -2.376517e+00 8.847019e-03
3.000000e+02 -2.394075e+00 8.147912e-03
3.000000e+02 -2.367163e+00 1.117841e-02
3.000000e+02 -2.388204e+00 9.551899e-03
3.050000e+02 -3.202760e+00 1.514293e-02
3.050000e+02 -3.210231e+00 1.499155e-02
3.050000e+02 -3.185154e+00 1.686743e-02
3.050000e+02 -3.184091e+00 1.709355e-02
3.050000e+02 -3.220396e+00 1.612455e-02
3.050000e+02 -3.192462e+00 1.616329e-02
3.050000e+02 -3.210297e+00 1.663487e-02
3.050000e+02 -3.182597e+00 1.892996e-02
3.050000e+02 -3.211218e+00 1.649708e-02
3.050000e+02 -3.183996e+00 1.526213e-02
3.050000e+02 -3.188978e+00 1.629841e-02
3.050000e+02 -3.191610e+00 1.550978e-02
3.050000e+02 -3.190245e+00 1.706818e-02
3.050000e+02 -3.216416e+00 1.532289e-02
3.050000e+02 -3.201634e+00 1.510213e-02
3.050000e+02 -3.190509e+00 1.458985e-02
3.050000e+02 -3.188726e+00 1.560378e-02
3.050000e+02 -3.193473e+00 1.858881e-02
3.050000e+02 -3.191790e+00 1.703696e-02
3.050000e+02 -3.210141e+00 1.472045e-02
3.100000e+02 -4.168023e+00 2.617187e-02
3.100000e+02 -4.194626e+00 2.246145e-02
3.100000e+02 -4.197657e+00 2.275364e-02
3.100000e+02 -4.175022e+00 2.528315e-02
3.100000e+02 -4.198833e+00 2.164657e-02
3.100000e+02 -4.165633e+00 2.334680e-02
3.100000e+02 -4.205893e+00 2.203530e-02
3.100000e+02 -4.224288e+00 2.375878e-02
3.100000e+02 -4.185743e+00 2.207695e-02
3.100000e+02 -4.166468e+00 2.125013e-02
3.100000e+02 -4.143946e+00 2.802034e-02
3.100000e+02 -4.178702e+00 2.430709e-02
3.100000e+02 -4.206002e+00 2.346215e-02
3.100000e+02 -4.173039e+00 2.401023e-02
3.100000e+02 -4.193072e+00 2.672445e-02
3.100000e+02 -4.196908e+00 2.009160e-02
3.100000e+02 -4.192329e+00 2.206245e-02
3.100000e+02 -4.187522e+00 2.405533e-02
3.100000e+02 -4.136814e+00 2.604386e-02
3.100000e+02 -4.158630e+00 2.505874e-02
3.150000e+02 -5.311071e+00 3.043962e-02
3.150000e+02 -5.322949e+00 4.012042e-02
3.150000e+02 -5.368340e+00 3.629751e-02
3.150000e+02 -5.292320e+00 3.432168e-02
3.150000e+02 0.000000e+00 0.000000e+00
3.150000e+02 0.000000e+00 0.000000e+00
3.150000e+02 -5.345774e+00 2.866473e-02
3.150000e+02 -5.344250e+00 3.221714e-02
3.150000e+02 -5.291417e+00 3.784838e-02
3.150000e+02 -5.285156e+00 3.445890e-02
3.150000e+02 -5.353973e+00 3.808002e-02
3.150000e+02 -5.355580e+00 4.117752e-02
3.150000e+02 -5.341138e+00 3.539214e-02
3.150000e+02 -5.333246e+00 3.283159e-02
3.150000e+02 -5.421006e+00 3.107526e-02
3.150000e+02 -5.308694e+00 3.551540e-02
3.150000e+02 -5.362069e+00 3.191928e-02
3.150000e+02 -5.374539e+00 2.999891e-02
3.150000e+02 -5.366208e+00 2.863527e-02
3.150000e+02 -5.331794e+00 3.479852e-02
3.200000e+02 -6.707681e+00 4.315656e-02
3.200000e+02 -6.746009e+00 3.975697e-02
3.200000e+02 -6.737730e+00 4.183928e-02
3.200000e+02 -6.777335e+00 4.116325e-02
3.200000e+02 -6.780443e+00 4.219889e-02
3.200000e+02 -6.747588e+00 3.973572e-02
3.200000e+02 -6.800300e+00 4.363716e-02
3.200000e+02 -6.692352e+00 4.150400e-02
3.200000e+02 -6.811707e+00 4.212885e-02
3.200000e+02 -6.783608e+00 4.236518e-02
3.200000e+02 -6.857449e+00 3.284937e-02
3.200000e+02 -6.802584e+00 3.942352e-02
3.200000e+02 -6.747705e+00 4.561677e-02
3.200000e+02 -6.778788e+00 4.140561e-02
3.200000e+02 -6.786682e+00 4.019887e-02
3.200000e+02 -6.785580e+00 4.090542e-02
3.200000e+02 -6.725596e+00 3.966531e-02
3.200000e+02 -6.781777e+00 3.940939e-02
3.200000e+02 -6.767650e+00 4.340829e-02
3.200000e+02 -6.812832e+00 3.817885e-02
3.250000e+02 -8.517497e+00 5.642126e-02
3.250000e+02 -8.508828e+00 5.510329e-02
3.250000e+02 -8.568955e+00 4.858595e-02
3.250000e+02 -8.510019e+00 5.335711e-02
3.250000e+02 -8.627829e+00 4.848134e-02
3.250000e+02 -8.413702e+00 6.351984e-02
3.250000e+02 -8.569868e+00 5.315944e-02
3.250000e+02 -8.489456e+00 5.639778e-02
3.250000e+02 -8.502339e+00 6.212847e-02
3.250000e+02 -8.549933e+00 4.997632e-02
3.250000e+02 -8.579959e+00 4.418079e-02
3.250000e+02 -8.495612e+00 5.396783e-02
3.250000e+02 -8.525825e+00 5.649625e-02
3.250000e+02 -8.541527e+00 5.409165e-02
3.250000e+02 -8.522905e+00 4.692566e-02
3.250000e+02 -8.456148e+00 5.554335e-02
3.250000e+02 -8.568090e+00 4.950296e-02
3.250000e+02 -8.540951e+00 5.323649e-02
3.250000e+02 -8.458151e+00 5.739646e-02
3.250000e+02 -8.568530e+00 4.811758e-02
3.300000e+02 -1.081180e+01 6.886980e-02
3.300000e+02 -1.087151e+01 6.994683e-02
3.300000e+02 -1.082893e+01 6.691578e-02
3.300000e+02 -1.086252e+01 7.709810e-02
3.300000e+02 -1.100574e+01 6.028638e-02
3.300000e+02 -1.096516e+01 5.809061e-02
3.300000e+02 -1.090012e+01 6.336351e-02
3.300000e+02 -1.078848e+01 1.009530e-01
3.300000e+02 -1.090674e+01 6.416589e-02
3.300000e+02 -1.093197e+01 6.947051e-02
3.300000e+02 -1.092923e+01 6.305955e-02
3.300000e+02 -1.092460e+01 5.880983e-02
3.300000e+02 -1.096494e+01 6.369210e-02
3.300000e+02 0.000000e+00 0.000000e+00
3.300000e+02 -1.093230e+01 6.287335e-02
3.300000e+02 -1.083377e+01 7.750872e-02
3.300000e+02 -1.083440e+01 7.401844e-02
3.300000e+02 -1.107481e+01 6.832992e-02
3.300000e+02 -1.102280e+01 6.884868e-02
3.300000e+02 -1.097659e+01 7.745441e-02
3.350000e+02 -1.476669e+01 6.902875e-02
3.350000e+02 -1.468112e+01 8.366214e-02
3.350000e+02 -1.461807e+01 8.511928e-02
3.350000e+02 -1.451219e+01 9.713373e-02
3.350000e+02 -1.467968e+01 8.218797e-02
3.350000e+02 -1.463040e+01 7.801746e-02
3.350000e+02 -1.472638e+01 7.743303e-02
3.350000e+02 -1.464208e+01 8.198025e-02
3.350000e+02 -1.471096e+01 8.231347e-02
3.350000e+02 -1.467456e+01 8.166223e-02
3.350000e+02 -1.465303e+01 7.566261e-02
3.350000e+02 -1.467219e+01 8.107200e-02
3.350000e+02 -1.473536e+01 7.644837e-02
3.350000e+02 -1.456760e+01 7.709769e-02
3.350000e+02 -1.477945e+01 7.048726e-02
3.350000e+02 -1.468976e+01 8.957697e-02
3.350000e+02 -1.459957e+01 8.248573e-02
3.350000e+02 -1.463697e+01 7.468866e-02
3.350000e+02 -1.461823e+01 8.578103e-02
3.350000e+02 -1.463285e+01 7.675956e-02
3.400000e+02 -2.230577e+01 1.009201e-01
3.400000e+02 -2.222246e+01 9.539856e-02
3.400000e+02 -2.217845e+01 9.296443e-02
3.400000e+02 -2.240624e+01 9.017547e-02
3.400000e+02 -2.205885e+01 1.049452e-01
3.400000e+02 -2.240746e+01 1.003653e-01
3.400000e+02 -2.233285e+01 1.024729e-01
3.400000e+02 -2.218584e+01 8.960081e-02
3.400000e+02 -2.220260e+01 9.904172e-02
3.400000e+02 -2.211471e+01 1.079091e-01
3.400000e+02 -2.239001e+01 8.521960e-02
3.400000e+02 -2.221107e+01 1.003381e-01
3.400000e+02 -2.214244e+01 1.149844e-01
3.400000e+02 -2.245817e+01 9.267276e-02
3.400000e+02 -2.224275e+01 9.996698e-02
3.400000e+02 -2.216324e+01 8.826980e-02
3.400000e+02 -2.233922e+01 8.974319e-02
3.400000e+02 -2.211255e+01 1.014081e-01
3.400000e+02 -2.218085e+01 9.266669e-02
3.400000e+02 -2.235239e+01 9.026057e-02
3.450000e+02 -5.413300e+01 1.339195e-01
3.450000e+02 -5.424983e+01 1.438021e-01
3.450000e+02 -5.446160e+01 1.460186e-01
3.450000e+02 -5.417501e+01 1.546811e-01
3.450000e+02 -5.416816e+01 1.584419e-01
3.450000e+02 -5.402080e+01 1.525347e-01
3.450000e+02 -5.457180e+01 1.416667e-01
3.450000e+02 -5.417533e+01 1.445466e-01
3.450000e+02 -5.461030e+01 1.371839e-01
3.450000e+02 -5.400443e+01 1.433838e-01
3.450000e+02 -5.442797e+01 1.529360e-01
3.450000e+02 -5.408716e+01 1.378797e-01
3.450000e+02 -5.424999e+01 1.483749e-01
3.450000e+02 -5.423138e+01 1.461711e-01
3.450000e+02 -5.399355e+01 1.613908e-01
3.450000e+02 -5.415614e+01 1.615835e-01
3.450000e+02 -5.439177e+01 1.562221e-01
3.450000e+02 -5.398837e+01 1.660231e-01
3.450000e+02 -5.441332e+01 1.479544e-01
3.450000e+02 -5.395937e+01 1.575213e-01
3.500000e+02 -2.385623e+02 7.023208e-01
3.500000e+02 -2.389518e+02 6.360855e-01
3.500000e+02 -2.394251e+02 6.484678e-01
3.500000e+02 -2.399916e+02 6.442516e-01
3.500000e+02 -2.406935e+02 6.493844e-01
3.500000e+02 -2.380797e+02 6.749072e-01
3.500000e+02 -2.402902e+02 6.061960e-01
3.500000e+02 -2.401401e+02 6.135899e-01
3.500000e+02 -2.393723e+02 6.331314e-01
3.500000e+02 -2.399507e+02 7.012081e-01
3.500000e+02 -2.405951e+02 6.130348e-01
3.500000e+02 -2.396647e+02 6.902134e-01
3.500000e+02 -2.409936e+02 6.096953e-01
3.500000e+02 -2.392625e+02 6.557346e-01
3.500000e+02 -2.400198e+02 6.323563e-01
3.500000e+02 -2.403401e+02 7.011194e-01
3.500000e+02 -2.396267e+02 6.479453e-01
3.500000e+02 -2.390362e+02 7.214511e-01
3.500000e+02 -2.395679e+02 7.163395e-01
3.500000e+02 -2.408281e+02 6.711087e-01
3.550000e+02 -3.692478e+02 1.017379e+00
3.550000e+02 -3.680580e+02 1.079509e+00
3.550000e+02 -3.667657e+02 1.177627e+00
3.550000e+02 -3.666942e+02 1.032054e+00
3.550000e+02 -3.647084e+02 1.166295e+00
3.550000e+02 -3.680801e+02 1.169088e+00
3.550000e+02 -3.676580e+02 1.153165e+00
3.550000e+02 -3.670378e+02 1.106894e+00
3.550000e+02 -3.678548e+02 1.042661e+00
3.550000e+02 -3.688499e+02 1.029284e+00
3.550000e+02 -3.679577e+02 1.050716e+00
3.550000e+02 -3.660449e+02 1.068388e+00
3.550000e+02 -3.675291e+02 1.074789e+00
3.550000e+02 -3.677109e+02 1.159011e+00
3.550000e+02 -3.691574e+02 1.066426e+00
3.550000e+02 -3.686095e+02 1.100650e+00
3.550000e+02 -3.685829e+02 1.075481e+00
3.550000e+02 -3.680429e+02 1.102646e+00
3.550000e+02 -3.654129e+02 1.095100e+00
3.550000e+02 -3.656710e+02 1.055751e+00
3.600000e+02 -4.583264e+02 1.520515e+00
3.600000e+02 -4.560700e+02 1.448301e+00
3.600000e+02 -4.582192e+02 1.384462e+00
3.600000e+02 -4.545417e+02 1.431972e+00
3.600000e+02 -4.586489e+02 1.387342e+00
3.600000e+02 -4.581854e+02 1.356273e+00
3.600000e+02 -4.553885e+02 1.460126e+00
3.600000e+02 -4.534257e+02 1.455717e+00
3.600000e+02 -4.567616e+02 1.369715e+00
3.600000e+02 -4.539536e+02 1.593778e+00
3.600000e+02 -4.558709e+02 1.458157e+00
3.600000e+02 -4.560348e+02 1.350831e+00
3.600000e+02 -4.559178e+02 1.434705e+00
3.600000e+02 -4.555466e+02 1.427663e+00
3.600000e+02 -4.540534e+02 1.502084e+00
3.600000e+02 -4.608510e+02 1.298197e+00
3.600000e+02 -4.542639e+02 1.561821e+00
3.600000e+02 -4.550859e+02 1.517137e+00
3.600000e+02 -4.539290e+02 1.488390e+00
3.600000e+02 -4.531064e+02 1.403149e+00
3.650000e+02 -5.241134e+02 1.657171e+00
3.650000e+02 -5.230976e+02 1.798854e+00
3.650000e+02 -5.224485e+02 1.737973e+00
3.650000e+02 -5.226484e+02 1.886552e+00
3.650000e+02 -5.226870e+02 1.723154e+00
3.650000e+02 -5.202902e+02 1.840351e+00
3.650000e+02 -5.266562e+02 1.597162e+00
3.650000e+02 -5.218101e+02 1.757658e+00
3.650000e+02 -5.219690e+02 1.694695e+00
3.650000e+02 -5.215441e+02 1.730645e+00
3.650000e+02 -5.213509e+02 1.735765e+00
3.650000e+02 -5.212974e+02 1.820937e+00
3.650000e+02 -5.243617e+02 1.658556e+00
3.650000e+02 -5.210742e+02 1.809239e+00
3.650000e+02 -5.197051e+02 1.861717e+00
3.650000e+02 -5.262171e+02 1.659054e+00
3.650000e+02 -5.233847e+02 1.708782e+00
3.650000e+02 -5.256878e+02 1.592343e+00
3.650000e+02 -5.194650e+02 1.896367e+00
3.650000e+02 -5.212601e+02 1.807229e+00
3.700000e+02 -5.756420e+02 2.000315e+00
3.700000e+02 -5.740102e+02 2.063536e+00
3.700000e+02 -5.761834e+02 2.059345e+00
3.700000e+02 -5.761175e+02 2.032511e+00
3.700000e+02 -5.757586e+02 1.890485e+00
3.700000e+02 -5.712021e+02 2.105099e+00
3.700000e+02 -5.771864e+02 1.913489e+00
3.700000e+02 -5.761554e+02 2.040711e+00
3.700000e+02 -5.761588e+02 1.970351e+00
3.700000e+02 -5.775721e+02 1.994716e+00
3.700000e+02 -5.712085e+02 2.032937e+00
3.700000e+02 -5.720545e+02 1.971201e+00
3.700000e+02 -5.744356e+02 1.902761e+00
3.700000e+02 -5.747865e+02 2.204316e+00
3.700000e+02 -5.758008e+02 1.945180e+00
3.700000e+02 -5.726801e+02 2.287721e+00
3.700000e+02 -5.767447e+02 1.897074e+00
3.700000e+02 -5.724538e+02 2.177388e+00
3.700000e+02 -5.753838e+02 1.950671e+00
3.700000e+02 -5.775025e+02 2.035780e+00
3.750000e+02 -6.195762e+02 2.000674e+00
3.750000e+02 -6.186276e+02 2.428545e+00
3.750000e+02 -6.212816e+02 2.067925e+00
3.750000e+02 -6.235158e+02 2.286525e+00
3.750000e+02 -6.180444e+02 2.228322e+00
3.750000e+02 -6.163218e+02 2.475649e+00
3.750000e+02 -6.156566e+02 2.202389e+00
3.750000e+02 -6.137504e+02 2.480974e+00
3.750000e+02 -6.202660e+02 2.163869e+00
3.750000e+02 -6.183660e+02 2.214569e+00
3.750000e+02 -6.218038e+02 2.205614e+00
3.750000e+02 -6.147555e+02 2.286439e+00
3.750000e+02 -6.155842e+02 2.567049e+00
3.750000e+02 -6.176594e+02 2.391128e+00
3.750000e+02 -6.218698e+02 2.511998e+00
3.750000e+02 -6.184817e+02 2.170754e+00
3.750000e+02 -6.141002e+02 2.423423e+00
3.750000e+02 -6.179870e+02 2.405819e+00
3.750000e+02 -6.186717e+02 2.371328e+00
3.750000e+02 -6.179533e+02 2.294826e+00
3.800000e+02 -6.543463e+02 2.469106e+00
3.800000e+02 -6.537009e+02 2.629840e+00
3.800000e+02 0.000000e+00 0.000000e+00
3.800000e+02 -6.542642e+02 2.516856e+00
3.800000e+02 -6.565038e+02 2.392000e+00
3.800000e+02 -6.548206e+02 2.892890e+00
3.800000e+02 -6.528154e+02 2.261310e+00
3.800000e+02 -6.561671e+02 2.688009e+00
3.800000e+02 -6.552367e+02 2.459409e+00
3.800000e+02 -6.528337e+02 2.522878e+00
3.800000e+02 -6.556603e+02 2.724587e+00
3.800000e+02 -6.540287e+02 2.273486e+00
3.800000e+02 -6.538257e+02 2.572495e+00
3.800000e+02 -6.522458e+02 2.645177e+00
3.800000e+02 -6.572692e+02 2.410047e+00
3.800000e+02 -6.508471e+02 2.421190e+00
3.800000e+02 -6.507333e+02 2.747556e+00
3.800000e+02 -6.516998e+02 2.482176e+00
3.800000e+02 -6.540480e+02 2.590052e+00
3.800000e+02 -6.514603e+02 2.840106e+00
3.850000e+02 -6.806636e+02 2.860388e+00
3.850000e+02 -6.816310e+02 2.557886e+00
3.850000e+02 -6.839887e+02 2.397587e+00
3.850000e+02 -6.793073e+02 2.808014e+00
3.850000e+02 -6.809106e+02 2.703889e+00
3.850000e+02 -6.821238e+02 2.946178e+00
3.850000e+02 -6.807340e+02 2.741904e+00
3.850000e+02 -6.829751e+02 2.592493e+00
3.850000e+02 -6.830889e+02 2.885976e+00
3.850000e+02 -6.789923e+02 3.003934e+00
3.850000e+02 -6.827077e+02 2.705521e+00
3.850000e+02 -6.776168e+02 2.827900e+00
3.850000e+02 -6.804546e+02 2.604857e+00
3.850000e+02 -6.831076e+02 2.893289e+00
3.850000e+02 -6.814441e+02 2.807169e+00
3.850000e+02 -6.715600e+02 4.074580e+00
3.850000e+02 -6.822690e+02 2.514357e+00
3.850000e+02 -6.825563e+02 2.656269e+00
3.850000e+02 -6.829226e+02 2.642362e+00
3.850000e+02 -6.816024e+02 3.116858e+00
3.900000e+02 -7.080293e+02 2.645534e+00
3.900000e+02 -7.100722e+02 2.658038e+00
3.900000e+02 -7.015129e+02 3.156345e+00
3.900000e+02 -7.045864e+02 2.946050e+00
3.900000e+02 -7.059956e+02 3.048793e+00
3.900000e+02 -7.093204e+02 2.857306e+00
3.900000e+02 -7.037715e+02 2.783944e+00
3.900000e+02 -7.092408e+02 2.978141e+00
3.900000e+02 -7.077682e+02 2.799372e+00
3.900000e+02 -7.080655e+02 3.006475e+00
3.900000e+02 -6.995620e+02 3.298179e+00
3.900000e+02 -7.061220e+02 2.697850e+00
3.900000e+02 -7.035809e+02 2.827858e+00
3.900000e+02 -7.076382e+02 2.677546e+00
3.900000e+02 -7.097292e+02 2.897871e+00
3.900000e+02 -7.080806e+02 2.638652e+00
3.900000e+02 -7.080019e+02 2.668140e+00
3.900000e+02 -7.072198e+02 2.913000e+00
3.900000e+02 -7.102947e+02 2.569739e+00
3.900000e+02 -7.102391e+02 2.850550e+00
3.950000e+02 -7.296818e+02 3.453006e+00
3.950000e+02 -7.264276e+02 3.080654e+00
3.950000e+02 -7.304655e+02 2.916635e+00
3.950000e+02 -7.252301e+02 2.809998e+00
3.950000e+02 -7.221893e+02 2.861797e+00
3.950000e+02 -7.239408e+02 3.318674e+00
3.950000e+02 -7.301372e+02 2.780603e+00
3.950000e+02 -7.260182e+02 2.957344e+00
3.950000e+02 -7.244109e+02 2.864451e+00
3.950000e+02 -7.245875e+02 3.223786e+00
3.950000e+02 -7.303857e+02 3.110007e+00
3.950000e+02 -7.225226e+02 3.375445e+00
3.950000e+02 -7.266719e+02 2.846090e+00
3.950000e+02 -7.224348e+02 2.828098e+00
3.950000e+02 -7.249694e+02 2.889649e+00
3.950000e+02 -7.288543e+02 2.799979e+00
3.950000e+02 -7.286858e+02 2.735551e+00
3.950000e+02 -7.238261e+02 3.492625e+00
3.950000e+02 -7.281701e+02 2.810559e+00
3.950000e+02 -7.278947e+02 2.829185e+00
4.000000e+02 -7.427238e+02 3.118466e+00
4.000000e+02 -7.518429e+02 2.892521e+00
4.000000e+02 -7.442322e+02 3.256362e+00
4.000000e+02 -7.417020e+02 2.892870e+00
4.000000e+02 -7.419043e+02 3.063354e+00
4.000000e+02 -7.466882e+02 2.789323e+00
4.000000e+02 -7.439164e+02 2.900125e+00
4.000000e+02 -7.410029e+02 3.075726e+00
4.000000e+02 -7.403191e+02 3.260504e+00
4.000000e+02 -7.430193e+02 2.920417e+00
4.000000e+02 -7.429307e+02 2.809415e+00
4.000000e+02 -7.428139e+02 3.336779e+00
4.000000e+02 -7.439787e+02 2.906423e+00
4.000000e+02 -7.391030e+02 2.870145e+00
4.000000e+02 -7.420615e+02 3.077589e+00
4.000000e+02 -7.467291e+02 2.954680e+00
4.000000e+02 -7.398085e+02 3.420433e+00
4.000000e+02 -7.409010e+02 3.205800e+00
4.000000e+02 -7.403508e+02 3.247735e+00
4.000000e+02 -7.396076e+02 3.404488e+00
4.100000e+02 -7.619584e+02 3.829551e+00
4.100000e+02 -7.641475e+02 3.260158e+00
4.100000e+02 -7.632444e+02 3.595298e+00
4.100000e+02 -7.666729e+02 3.319387e+00
4.100000e+02 -7.660787e+02 3.213197e+00
4.100000e+02 -7.718071e+02 3.280225e+00
4.100000e+02 -7.669524e+02 3.556059e+00
4.100000e+02 -7.672679e+02 3.249436e+00
4.100000e+02 -7.727277e+02 3.118524e+00
4.100000e+02 -7.686003e+02 3.639707e+00
4.100000e+02 -7.637132e+02 3.644424e+00
4.100000e+02 -7.686827e+02 2.996100e+00
4.100000e+02 -7.724455e+02 3.074137e+00
4.100000e+02 -7.646585e+02 3.458869e+00
4.100000e+02 -7.686911e+02 3.062264e+00
4.100000e+02 -7.667074e+02 2.897614e+00
4.100000e+02 -7.675034e+02 3.116898e+00
4.100000e+02 -7.580697e+02 3.461709e+00
4.100000e+02 -7.729907e+02 3.009979e+00
4.100000e+02 -7.657560e+02 3.004618e+00
4.200000e+02 -7.783110e+02 3.774565e+00
4.200000e+02 -7.802657e+02 3.187760e+00
4.200000e+02 -7.804705e+02 3.731439e+00
4.200000e+02 -7.793503e+02 3.905748e+00
4.200000e+02 -7.805328e+02 3.441597e+00
4.200000e+02 -7.814919e+02 3.837525e+00
4.200000e+02 -7.790587e+02 3.303354e+00
4.200000e+02 -7.847054e+02 3.401009e+00
4.200000e+02 -7.802430e+02 4.147824e+00
4.200000e+02 -7.782425e+02 3.266301e+00
4.200000e+02 -7.789119e+02 4.120208e+00
4.200000e+02 -7.799069e+02 3.468855e+00
4.200000e+02 0.000000e+00 0.000000e+00
4.200000e+02 -7.813719e+02 3.096941e+00
4.200000e+02 -7.863095e+02 3.338032e+00
4.200000e+02 -7.864553e+02 3.134255e+00
4.200000e+02 -7.839290e+02 3.307018e+00
4.200000e+02 -7.802882e+02 3.416067e+00
4.200000e+02 -7.822645e+02 4.104774e+00
4.200000e+02 -7.824241e+02 3.382129e+00
4.300000e+02 -7.894147e+02 3.382390e+00
4.300000e+02 -7.963340e+02 3.041674e+00
4.300000e+02 -7.892730e+02 3.927189e+00
4.300000e+02 -7.920397e+02 3.297806e+00
4.300000e+02 -7.966340e+02 3.235126e+00
4.300000e+02 -7.952036e+02 3.268751e+00
4.300000e+02 -7.860525e+02 4.085128e+00
4.300000e+02 -7.908631e+02 3.505395e+00
4.300000e+02 -7.927177e+02 3.670843e+00
4.300000e+02 -7.858644e+02 3.141583e+00
4.300000e+02 -7.884390e+02 3.461408e+00
4.300000e+02 -7.922626e+02 3.430960e+00
4.300000e+02 -7.917162e+02 3.252350e+00
4.300000e+02 -7.875301e+02 3.516124e+00
4.300000e+02 -7.925300e+02 3.111123e+00
4.300000e+02 -7.890969e+02 3.163472e+00
4.300000e+02 -7.875637e+02 3.950737e+00
4.300000e+02 -7.907177e+02 3.460406e+00
4.300000e+02 -7.930615e+02 3.505271e+00
4.300000e+02 -7.874692e+02 3.331286e+00
4.400000e+02 -7.953868e+02 3.555732e+00
4.400000e+02 -7.932347e+02 3.454406e+00
4.400000e+02 -7.920501e+02 3.646005e+00
4.400000e+02 -7.887429e+02 3.965079e+00
4.400000e+02 -7.824650e+02 4.631122e+00
4.400000e+02 -7.912504e+02 4.145808e+00
4.400000e+02 -7.892447e+02 3.655482e+00
4.400000e+02 -7.986547e+02 3.316137e+00
4.400000e+02 -7.887797e+02 3.876068e+00
4.400000e+02 -7.988303e+02 3.286010e+00
4.400000e+02 -7.972072e+02 3.427037e+00
4.400000e+02 -7.949167e+02 3.235660e+00
4.400000e+02 -7.949687e+02 3.446474e+00
4.400000e+02 -7.941437e+02 3.318172e+00
4.400000e+02 -7.907675e+02 3.419415e+00
4.400000e+02 -7.845831e+02 3.822875e+00
4.400000e+02 -7.937032e+02 3.388249e+00
4.400000e+02 -7.890405e+02 3.878548e+00
4.400000e+02 -7.902825e+02 4.185546e+00
4.400000e+02 -7.933363e+02 3.309645e+00
4.500000e+02 -7.924145e+02 3.251897e+00
4.500000e+02 -7.969216e+02 3.443944e+00
4.500000e+02 -7.941755e+02 3.099206e+00
4.500000e+02 -7.935457e+02 3.856680e+00
4.500000e+02 -7.938082e+02 3.221521e+00
4.500000e+02 -7.934025e+02 3.796747e+00
4.500000e+02 -7.890997e+02 3.878593e+00
4.500000e+02 -7.916075e+02 3.687042e+00
4.500000e+02 -7.971943e+02 3.214729e+00
4.500000e+02 -7.932876e+02 3.684744e+00
4.500000e+02 -7.909793e+02 4.061400e+00
4.500000e+02 -7.883021e+02 3.847159e+00
4.500000e+02 -7.987970e+02 3.831859e+00
4.500000e+02 -7.916226e+02 3.616175e+00
4.500000e+02 -7.863611e+02 4.231921e+00
4.500000e+02 -7.941908e+02 3.371073e+00
4.500000e+02 -7.961278e+02 3.664922e+00
4.500000e+02 -7.830626e+02 4.227648e+00
4.500000e+02 -7.949916e+02 3.945068e+00
4.500000e+02 -7.936341e+02 3.076344e+00
4.600000e+02 -7.822486e+02 3.846276e+00
4.600000e+02 -7.884760e+02 3.605357e+00
4.600000e+02 -7.914993e+02 3.691258e+00
4.600000e+02 -7.922912e+02 3.334971e+00
4.600000e+02 -7.852949e+02 3.506942e+00
4.600000e+02 -7.959475e+02 3.144601e+00
4.600000e+02 -7.918815e+02 3.298996e+00
4.600000e+02 -7.905188e+02 3.481125e+00
4.600000e+02 -7.856202e+02 3.621619e+00
4.600000e+02 -7.854964e+02 3.792391e+00
4.600000e+02 -7.913458e+02 3.497198e+00
4.600000e+02 -7.879610e+02 4.122002e+00
4.600000e+02 -7.904877e+02 3.357140e+00
4.600000e+02 -7.930128e+02 3.587961e+00
4.600000e+02 -7.884721e+02 4.747749e+00
4.600000e+02 -7.909140e+02 3.153819e+00
4.600000e+02 -7.915874e+02 2.966041e+00
4.600000e+02 -7.919534e+02 3.862592e+00
4.600000e+02 -7.858531e+02 3.336815e+00
4.600000e+02 -7.837444e+02 3.796225e+00
4.700000e+02 -7.824996e+02 3.921387e+00
4.700000e+02 -7.750252e+02 4.076840e+00
4.700000e+02 -7.869562e+02 3.208365e+00
4.700000e+02 -7.801309e+02 3.880332e+00
4.700000e+02 -7.775165e+02 4.253208e+00
4.700000e+02 -7.800344e+02 4.038713e+00
4.700000e+02 -7.798755e+02 3.587484e+00
4.700000e+02 -7.874652e+02 3.196489e+00
4.700000e+02 -7.869537e+02 3.404865e+00
4.700000e+02 -7.836953e+02 4.487897e+00
4.700000e+02 -7.862672e+02 3.875803e+00
4.700000e+02 -7.827485e+02 4.027935e+00
4.700000e+02 -7.873167e+02 3.714155e+00
4.700000e+02 -7.776698e+02 4.115396e+00
4.700000e+02 -7.859254e+02 3.128768e+00
4.700000e+02 -7.828252e+02 3.489194e+00
4.700000e+02 -7.813960e+02 3.854902e+00
4.700000e+02 -7.845700e+02 3.421786e+00
4.700000e+02 -7.719750e+02 5.004423e+00
4.700000e+02 -7.856752e+02 3.155675e+00
4.800000e+02 -7.805929e+02 3.656450e+00
4.800000e+02 -7.743368e+02 3.449575e+00
4.800000e+02 -7.745711e+02 3.858174e+00
4.800000e+02 -7.790958e+02 3.358250e+00
4.800000e+02 -7.724745e+02 3.680951e+00
4.800000e+02 -7.768760e+02 3.779333e+00
4.800000e+02 -7.784068e+02 3.486070e+00
4.800000e+02 -7.793669e+02 3.282346e+00
4.800000e+02 -7.704414e+02 4.209845e+00
4.800000e+02 -7.789764e+02 4.159660e+00
4.800000e+02 -7.758275e+02 3.302959e+00
4.800000e+02 -7.751841e+02 3.651618e+00
4.800000e+02 -7.691489e+02 3.673381e+00
4.800000e+02 -7.796386e+02 3.008074e+00
4.800000e+02 -7.684598e+02 4.402527e+00
4.800000e+02 -7.731870e+02 3.489758e+00
4.800000e+02 -7.702830e+02 3.918809e+00
4.800000e+02 -7.774923e+02 3.555956e+00
4.800000e+02 -7.771087e+02 3.481771e+00
4.800000e+02 -7.811366e+02 3.097770e+00
4.900000e+02 -7.629522e+02 3.696492e+00
4.900000e+02 -7.626825e+02 4.007616e+00
4.900000e+02 -7.632407e+02 3.898596e+00
4.900000e+02 -7.649999e+02 3.667799e+00
4.900000e+02 -7.688172e+02 3.368694e+00
4.900000e+02 -7.687598e+02 3.386439e+00
4.900000e+02 -7.669989e+02 3.569422e+00
4.900000e+02 -7.665462e+02 3.371941e+00
4.900000e+02 -7.623517e+02 3.732139e+00
4.900000e+02 -7.590054e+02 6.153646e+00
4.900000e+02 -7.606298e+02 3.386514e+00
4.900000e+02 -7.650002e+02 3.389119e+00
4.900000e+02 -7.660206e+02 3.449439e+00
4.900000e+02 -7.659698e+02 3.605952e+00
4.900000e+02 -7.653187e+02 3.542976e+00
4.900000e+02 -7.571976e+02 3.995673e+00
4.900000e+02 -7.645022e+02 3.256219e+00
4.900000e+02 -7.645615e+02 3.531410e+00
4.900000e+02 -7.571447e+02 4.259026e+00
4.900000e+02 -7.655690e+02 3.216389e+00
5.000000e+02 -7.550132e+02 3.678211e+00
5.000000e+02 -7.461284e+02 3.778298e+00
5.000000e+02 -7.587453e+02 4.191379e+00
5.000000e+02 -7.507789e+02 3.339851e+00
5.000000e+02 -7.519769e+02 3.547223e+00
5.000000e+02 -7.565135e+02 3.518151e+00
5.000000e+02 -7.496023e+02 4.323569e+00
5.000000e+02 -7.549917e+02 4.144349e+00
5.000000e+02 -7.477095e+02 4.243617e+00
5.000000e+02 -7.477983e+02 4.140508e+00
5.000000e+02 -7.537409e+02 3.724263e+00
5.000000e+02 -7.483389e+02 4.305310e+00
5.000000e+02 -7.615796e+02 3.183417e+00
5.000000e+02 -7.513465e+02 4.230106e+00
5.000000e+02 -7.516322e+02 3.628999e+00
5.000000e+02 -7.544887e+02 4.341672e+00
5.000000e+02 -7.512149e+02 3.528377e+00
5.000000e+02 -7.539076e+02 3.804302e+00
5.000000e+02 -7.558044e+02 3.873474e+00
5.000000e+02 -7.562198e+02 3.351914e+00
5.100000e+02 -7.462933e+02 3.066766e+00
5.100000e+02 -7.466700e+02 3.716173e+00
5.100000e+02 -7.490859e+02 3.435273e+00
5.100000e+02 -7.391295e+02 3.923938e+00
5.100000e+02 -7.438590e+02 3.479674e+00
5.100000e+02 -7.434953e+02 3.699637e+00
5.100000e+02 -7.455206e+02 3.788574e+00
5.100000e+02 -7.429870e+02 3.180101e+00
5.100000e+02 -7.404743e+02 3.993869e+00
5.100000e+02 -7.444845e+02 3.484593e+00
5.100000e+02 -7.450293e+02 3.302554e+00
5.100000e+02 -7.393573e+02 3.748741e+00
5.100000e+02 -7.451290e+02 3.370431e+00
5.100000e+02 -7.494029e+02 3.180151e+00
5.100000e+02 -7.443707e+02 3.796730e+00
5.100000e+02 -7.399003e+02 3.745277e+00
5.100000e+02 -7.391087e+02 3.817605e+00
5.100000e+02 -7.393902e+02 3.856853e+00
5.100000e+02 -7.465948e+02 3.158732e+00
5.100000e+02 -7.399020e+02 3.806254e+00
5.200000e+02 -7.284899e+02 3.682039e+00
5.200000e+02 -7.325260e+02 4.500437e+00
5.200000e+02 -7.367781e+02 3.127523e+00
5.200000e+02 -7.277555e+02 4.024567e+00
5.200000e+02 -7.299675e+02 3.404803e+00
5.200000e+02 -7.407462e+02 2.871235e+00
5.200000e+02 -7.327019e+02 3.907883e+00
5.200000e+02 -7.244418e+02 3.827127e+00
5.200000e+02 -7.267013e+02 3.748082e+00
5.200000e+02 -7.316876e+02 3.012503e+00
5.200000e+02 -7.386544e+02 3.284053e+00
5.200000e+02 -7.276306e+02 3.922661e+00
5.200000e+02 -7.267070e+02 3.707929e+00
5.200000e+02 -7.297487e+02 3.228329e+00
5.200000e+02 -7.277330e+02 3.435008e+00
5.200000e+02 -7.339087e+02 3.002164e+00
5.200000e+02 -7.319449e+02 3.852686e+00
5.200000e+02 -7.255952e+02 4.657348e+00
5.200000e+02 -7.347312e+02 3.776192e+00
5.200000e+02 -7.368556e+02 3.360686e+00
5.300000e+02 -7.215085e+02 3.625211e+00
5.300000e+02 -7.206098e+02 3.710205e+00
5.300000e+02 -7.114157e+02 4.262065e+00
5.300000e+02 -7.191876e+02 3.321477e+00
5.300000e+02 -7.175315e+02 4.358269e+00
5.300000e+02 -7.188340e+02 3.679970e+00
5.300000e+02 -7.205803e+02 3.228489e+00
5.300000e+02 -7.200388e+02 3.444327e+00
5.300000e+02 -7.183207e+02 3.167888e+00
5.300000e+02 -7.133331e+02 4.495578e+00
5.300000e+02 -7.194018e+02 4.083203e+00
5.300000e+02 -7.196339e+02 3.611668e+00
5.300000e+02 -7.140776e+02 3.953346e+00
5.300000e+02 -7.133406e+02 4.329835e+00
5.300000e+02 -7.168760e+02 3.646741e+00
5.300000e+02 -7.189743e+02 3.221749e+00
5.300000e+02 -7.199672e+02 3.208466e+00
5.300000e+02 -7.233364e+02 3.255294e+00
5.300000e+02 -7.169166e+02 3.931311e+00
5.300000e+02 -7.134695e+02 3.598016e+00
5.400000e+02 -7.060721e+02 3.226426e+00
5.400000e+02 -7.121530e+02 2.989031e+00
5.400000e+02 -7.116539e+02 3.161944e+00
5.400000e+02 -7.052196e+02 3.364747e+00
5.400000e+02 -7.028301e+02 4.302252e+00
5.400000e+02 -7.097175e+02 3.139367e+00
5.400000e+02 -7.086127e+02 3.101165e+00
5.400000e+02 -7.021178e+02 3.619364e+00
5.400000e+02 -7.032877e+02 3.388541e+00
5.400000e+02 -7.122761e+02 3.217703e+00
5.400000e+02 -7.107917e+02 3.138495e+00
5.400000e+02 -6.996955e+02 3.485856e+00
5.400000e+02 -7.086522e+02 3.313059e+00
5.400000e+02 -7.034731e+02 4.688918e+00
5.400000e+02 -7.040421e+02 3.205020e+00
5.400000e+02 -7.073204e+02 3.320600e+00
5.400000e+02 -7.063238e+02 3.483121e+00
5.400000e+02 -7.044648e+02 3.787404e+00
5.400000e+02 -7.075852e+02 3.323057e+00
5.400000e+02 -7.071796e+02 4.073709e+00
5.500000e+02 -6.950987e+02 3.590877e+00
5.500000e+02 -6.890422e+02 3.723700e+00
5.500000e+02 -6.932356e+02 3.668104e+00
5.500000e+02 -6.892788e+02 3.540148e+00
5.500000e+02 -6.972367e+02 3.731953e+00
5.500000e+02 -6.904816e+02 3.486921e+00
5.500000e+02 -6.971923e+02 3.073258e+00
5.500000e+02 -6.936611e+02 3.542657e+00
5.500000e+02 -6.917743e+02 4.079998e+00
5.500000e+02 -6.983117e+02 3.141101e+00
5.500000e+02 -6.932917e+02 3.635531e+00
5.500000e+02 -6.961439e+02 3.114570e+00
5.500000e+02 -6.867646e+02 4.110642e+00
5.500000e+02 -6.896221e+02 3.683183e+00
5.500000e+02 -6.977829e+02 3.220037e+00
5.500000e+02 -6.975958e+02 3.243245e+00
5.500000e+02 -6.945567e+02 3.231741e+00
5.500000e+02 -6.958367e+02 3.148663e+00
5.500000e+02 -6.922197e+02 3.338822e+00
5.500000e+02 -6.981233e+02 3.188794e+00
5.600000e+02 -6.798383e+02 3.273160e+00
5.600000e+02 -6.747440e+02 3.510310e+00
5.600000e+02 -6.799322e+02 3.387507e+00
5.600000e+02 -6.807752e+02 3.502723e+00
5.600000e+02 -6.825847e+02 3.137378e+00
5.600000e+02 -6.825315e+02 3.596075e+00
5.600000e+02 -6.815548e+02 4.086630e+00
5.600000e+02 -6.754958e+02 3.593618e+00
5.600000e+02 -6.770049e+02 3.613631e+00
5.600000e+02 -6.810568e+02 3.533442e+00
5.600000e+02 -6.843453e+02 3.328417e+00
5.600000e+02 -6.849346e+02 3.747984e+00
5.600000e+02 -6.843846e+02 2.998142e+00
5.600000e+02 -6.796356e+02 3.335261e+00
5.600000e+02 -6.710597e+02 4.364418e+00
5.600000e+02 -6.793772e+02 3.579603e+00
5.600000e+02 -6.834631e+02 2.871949e+00
5.600000e+02 -6.755957e+02 3.257106e+00
5.600000e+02 -6.837091e+02 2.866353e+00
5.600000e+02 -6.800772e+02 3.726950e+00
5.700000e+02 -6.691913e+02 3.925375e+00
5.700000e+02 -6.637810e+02 3.413106e+00
5.700000e+02 -6.644413e+02 4.212431e+00
5.700000e+02 -6.655094e+02 4.035190e+00
5.700000e+02 -6.737711e+02 3.017601e+00
5.700000e+02 -6.683676e+02 3.525025e+00
5.700000e+02 -6.654537e+02 3.521227e+00
5.700000e+02 -6.767429e+02 3.208947e+00
5.700000e+02 -6.686179e+02 3.269894e+00
5.700000e+02 -6.698601e+02 3.026306e+00
5.700000e+02 -6.712777e+02 2.895125e+00
5.700000e+02 -6.618807e+02 3.687731e+00
5.700000e+02 -6.739460e+02 3.189604e+00
5.700000e+02 -6.677627e+02 3.602011e+00
5.700000e+02 -6.693202e+02 3.398624e+00
5.700000e+02 -6.682438e+02 3.748956e+00
5.700000e+02 -6.682250e+02 3.506330e+00
5.700000e+02 -6.630886e+02 4.588276e+00
5.700000e+02 -6.710289e+02 3.286725e+00
5.700000e+02 -6.682716e+02 3.276800e+00
5.800000e+02 -6.480422e+02 4.175593e+00
5.800000e+02 -6.529688e+02 3.088285e+00
5.800000e+02 -6.620300e+02 3.141863e+00
5.800000e+02 -6.575328e+02 3.294946e+00
5.800000e+02 -6.570948e+02 2.951250e+00
5.800000e+02 -6.545192e+02 3.235992e+00
5.800000e+02 -6.558111e+02 3.849691e+00
5.800000e+02 -6.520629e+02 3.450062e+00
5.800000e+02 -6.564774e+02 2.759214e+00
5.800000e+02 -6.579731e+02 3.314100e+00
5.800000e+02 -6.529880e+02 3.979270e+00
5.800000e+02 -6.575008e+02 4.095227e+00
5.800000e+02 -6.591502e+02 2.894384e+00
5.800000e+02 -6.580095e+02 3.139016e+00
5.800000e+02 -6.537581e+02 3.428166e+00
5.800000e+02 -6.526576e+02 3.365862e+00
5.800000e+02 -6.532594e+02 3.139484e+00
5.800000e+02 -6.553173e+02 3.430114e+00
5.800000e+02 -6.541180e+02 4.450509e+00
5.800000e+02 -6.531670e+02 3.375304e+00
5.900000e+02 -6.472145e+02 3.153569e+00
5.900000e+02 -6.455015e+02 3.201582e+00
5.900000e+02 -6.437613e+02 3.168786e+00
5.900000e+02 -6.457305e+02 3.839339e+00
5.900000e+02 -6.451839e+02 3.078877e+00
5.900000e+02 -6.514161e+02 3.932161e+00
5.900000e+02 -6.356009e+02 4.089882e+00
5.900000e+02 -6.447919e+02 2.930943e+00
5.900000e+02 -6.401379e+02 3.521669e+00
5.900000e+02 -6.441546e+02 2.955430e+00
5.900000e+02 -6.497849e+02 2.619909e+00
5.900000e+02 -6.446664e+02 3.172238e+00
5.900000e+02 -6.429362e+02 3.198168e+00
5.900000e+02 -6.421007e+02 3.219017e+00
5.900000e+02 -6.479016e+02 3.333023e+00
5.900000e+02 -6.423478e+02 4.221582e+00
5.900000e+02 -6.359822e+02 3.683451e+00
5.900000e+02 -6.444247e+02 4.022057e+00
5.900000e+02 -6.485919e+02 3.735382e+00
5.900000e+02 -6.430565e+02 3.115855e+00
6.000000e+02 -6.289289e+02 3.013005e+00
6.000000e+02 -6.259989e+02 3.369015e+00
6.000000e+02 -6.357975e+02 2.916027e+00
6.000000e+02 -6.306777e+02 3.434595e+00
6.000000e+02 -6.316155e+02 3.142014e+00
6.000000e+02 -6.312243e+02 3.630923e+00
6.000000e+02 -6.271395e+02 3.439613e+00
6.000000e+02 -6.290598e+02 2.860644e+00
6.000000e+02 -6.322030e+02 3.179294e+00
6.000000e+02 -6.224412e+02 5.670570e+00
6.000000e+02 -6.305077e+02 3.757849e+00
6.000000e+02 -6.416894e+02 3.104831e+00
6.000000e+02 -6.357890e+02 3.101429e+00
6.000000e+02 -6.349416e+02 2.953703e+00
6.000000e+02 -6.335565e+02 2.878125e+00
6.000000e+02 -6.312267e+02 3.277324e+00
6.000000e+02 -6.270716e+02 3.623509e+00
6.000000e+02 -6.324820e+02 3.034419e+00
6.000000e+02 -6.321838e+02 3.617409e+00
6.000000e+02 -6.258147e+02 3.592395e+00
6.100000e+02 -6.152535e+02 2.900213e+00
6.100000e+02 -6.140839e+02 3.880704e+00
6.100000e+02 -6.209353e+02 2.857158e+00
6.100000e+02 -6.203190e+02 2.733350e+00
6.100000e+02 -6.226939e+02 2.655463e+00
6.100000e+02 -6.187476e+02 3.625664e+00
6.100000e+02 -6.171262e+02 3.344237e+00
6.100000e+02 -6.157805e+02 3.882226e+00
6.100000e+02 -6.200869e+02 3.180408e+00
6.100000e+02 -6.158209e+02 3.239986e+00
6.100000e+02 -6.142168e+02 3.141104e+00
6.100000e+02 -6.169286e+02 3.025419e+00
6.100000e+02 -6.179610e+02 3.266917e+00
6.100000e+02 -6.136785e+02 4.179812e+00
6.100000e+02 -6.169741e+02 3.918644e+00
6.100000e+02 -6.185765e+02 2.721881e+00
6.100000e+02 -6.205714e+02 3.309138e+00
6.100000e+02 -6.146855e+02 3.377577e+00
6.100000e+02 -6.268063e+02 2.967580e+00
6.100000e+02 -6.222512e+02 2.743763e+00
6.200000e+02 -5.966327e+02 4.233053e+00
6.200000e+02 -6.056315e+02 2.957871e+00
6.200000e+02 -6.080993e+02 3.002604e+00
6.200000e+02 -6.033754e+02 3.252615e+00
6.200000e+02 -6.049625e+02 3.348116e+00
6.200000e+02 -6.123346e+02 3.491414e+00
6.200000e+02 -6.029750e+02 3.675081e+00
6.200000e+02 -5.975156e+02 4.076966e+00
6.200000e+02 -6.061501e+02 2.983197e+00
6.200000e+02 -6.023904e+02 3.726480e+00
6.200000e+02 -6.053667e+02 3.765733e+00
6.200000e+02 -6.071324e+02 2.774689e+00
6.200000e+02 0.000000e+00 0.000000e+00
6.200000e+02 -6.085014e+02 3.054559e+00
6.200000e+02 -6.092767e+02 2.739987e+00
6.200000e+02 -6.065868e+02 2.698408e+00
6.200000e+02 -6.037150e+02 3.071093e+00
6.200000e+02 -6.044306e+02 3.098065e+00
6.200000e+02 -6.062856e+02 4.086477e+00
6.200000e+02 -6.057442e+02 3.246774e+00
6.300000e+02 -5.942402e+02 2.747695e+00
6.300000e+02 -5.927868e+02 3.802779e+00
6.300000e+02 -5.963362e+02 2.506080e+00
6.300000e+02 -5.925464e+02 2.979689e+00
6.300000e+02 -5.945859e+02 3.364418e+00
6.300000e+02 -5.958710e+02 3.535976e+00
6.300000e+02 -5.976140e+02 3.062861e+00
6.300000e+02 -5.941182e+02 3.044565e+00
6.300000e+02 -5.918293e+02 3.172015e+00
6.300000e+02 -5.931334e+02 3.792336e+00
6.300000e+02 -5.965188e+02 3.286927e+00
6.300000e+02 -6.002156e+02 2.844171e+00
6.300000e+02 -5.918341e+02 2.847913e+00
6.300000e+02 -5.970443e+02 3.004515e+00
6.300000e+02 -5.955718e+02 3.498477e+00
6.300000e+02 -5.968312e+02 2.852931e+00
6.300000e+02 -5.895353e+02 2.980315e+00
6.300000e+02 -5.940690e+02 2.798629e+00
6.300000e+02 -5.945617e+02 3.142515e+00
6.300000e+02 -5.973829e+02 2.938925e+00
6.400000e+02 -5.727532e+02 3.257275e+00
6.400000e+02 -5.852441e+02 3.009088e+00
6.400000e+02 -5.795034e+02 3.119169e+00
6.400000e+02 -5.863435e+02 2.671233e+00
6.400000e+02 -5.857782e+02 3.091689e+00
6.400000e+02 -5.765061e+02 3.644772e+00
6.400000e+02 -5.795563e+02 3.137198e+00
6.400000e+02 -5.780742e+02 3.137988e+00
6.400000e+02 -5.853358e+02 2.868152e+00
6.400000e+02 -5.811222e+02 2.804777e+00
6.400000e+02 0.000000e+00 0.000000e+00
6.400000e+02 -5.872137e+02 3.162746e+00
6.400000e+02 -5.826255e+02 2.961204e+00
6.400000e+02 -5.842141e+02 2.911111e+00
6.400000e+02 -5.840226e+02 3.058647e+00
6.400000e+02 -5.793702e+02 3.343028e+00
6.400000e+02 -5.863120e+02 2.887025e+00
6.400000e+02 -5.853268e+02 3.103289e+00
6.400000e+02 -5.751653e+02 3.934061e+00
6.400000e+02 -5.792103e+02 3.202344e+00
6.500000e+02 -5.737145e+02 2.697561e+00
6.500000e+02 -5.757262e+02 2.800899e+00
6.500000e+02 -5.719142e+02 3.053789e+00
6.500000e+02 -5.741539e+02 2.849126e+00
6.500000e+02 -5.712382e+02 2.688578e+00
6.500000e+02 -5.710178e+02 3.453238e+00
6.500000e+02 -5.735604e+02 2.689535e+00
6.500000e+02 -5.747897e+02 2.733567e+00
6.500000e+02 -5.727388e+02 3.113941e+00
6.500000e+02 -5.732964e+02 2.949387e+00
6.500000e+02 -5.672558e+02 2.933592e+00
6.500000e+02 -5.692941e+02 3.092262e+00
6.500000e+02 -5.729957e+02 3.263679e+00
6.500000e+02 -5.660071e+02 3.304855e+00
6.500000e+02 -5.732565e+02 2.926598e+00
6.500000e+02 -5.724537e+02 2.944325e+00
6.500000e+02 -5.723764e+02 2.837565e+00
6.500000e+02 -5.729119e+02 2.571342e+00
6.500000e+02 -5.670924e+02 3.322155e+00
6.500000e+02 -5.738386e+02 2.694957e+00
6.600000e+02 -5.595741e+02 2.784348e+00
6.600000e+02 -5.620798e+02 2.878856e+00
6.600000e+02 -5.639061e+02 3.075452e+00
6.600000e+02 -5.611254e+02 3.272994e+00
6.600000e+02 -5.628203e+02 2.787768e+00
6.600000e+02 -5.655645e+02 2.890267e+00
6.600000e+02 -5.592995e+02 3.056396e+00
6.600000e+02 -5.623678e+02 2.713348e+00
6.600000e+02 -5.555597e+02 3.178317e+00
6.600000e+02 -5.644969e+02 2.955041e+00
6.600000e+02 -5.603864e+02 2.997987e+00
6.600000e+02 -5.549115e+02 3.421907e+00
6.600000e+02 -5.587202e+02 2.729029e+00
6.600000e+02 -5.556823e+02 3.864168e+00
6.600000e+02 -5.621373e+02 3.286383e+00
6.600000e+02 -5.638028e+02 2.768202e+00
6.600000e+02 0.000000e+00 0.000000e+00
6.600000e+02 -5.603224e+02 2.680894e+00
6.600000e+02 -5.603914e+02 2.894258e+00
6.600000e+02 -5.634231e+02 2.647594e+00
6.700000e+02 -5.507446e+02 2.996368e+00
6.700000e+02 -5.476293e+02 3.398958e+00
6.700000e+02 -5.519230e+02 2.582332e+00
6.700000e+02 -5.471950e+02 2.813401e+00
6.700000e+02 -5.504466e+02 3.130244e+00
6.700000e+02 -5.510839e+02 2.624560e+00
6.700000e+02 -5.473283e+02 2.957853e+00
6.700000e+02 -5.572352e+02 3.008302e+00
6.700000e+02 -5.531332e+02 3.303022e+00
6.700000e+02 -5.475214e+02 2.890670e+00
6.700000e+02 -5.504567e+02 3.272447e+00
6.700000e+02 -5.494011e+02 2.824673e+00
6.700000e+02 -5.491414e+02 2.504321e+00
6.700000e+02 -5.461579e+02 3.366768e+00
6.700000e+02 -5.534018e+02 2.921086e+00
6.700000e+02 -5.460310e+02 3.153392e+00
6.700000e+02 -5.490019e+02 2.986020e+00
6.700000e+02 -5.552794e+02 2.625491e+00
6.700000e+02 -5.463084e+02 3.122416e+00
6.700000e+02 -5.459320e+02 4.243951e+00
6.800000e+02 -5.429429e+02 2.811474e+00
6.800000e+02 -5.447245e+02 3.090631e+00
6.800000e+02 -5.417910e+02 2.745973e+00
6.800000e+02 -5.391078e+02 2.632405e+00
6.800000e+02 -5.428151e+02 2.557712e+00
6.800000e+02 -5.362456e+02 3.672914e+00
6.800000e+02 -5.440123e+02 2.786298e+00
6.800000e+02 -5.359270e+02 3.007399e+00
6.800000e+02 -5.366084e+02 2.815905e+00
6.800000e+02 -5.357049e+02 3.261118e+00
6.800000e+02 -5.352038e+02 2.861816e+00
6.800000e+02 -5.389969e+02 2.861176e+00
6.800000e+02 -5.377317e+02 2.725924e+00
6.800000e+02 -5.397248e+02 2.977492e+00
6.800000e+02 -5.498262e+02 2.227971e+00
6.800000e+02 -5.393688e+02 2.528000e+00
6.800000e+02 -5.375061e+02 4.104238e+00
6.800000e+02 -5.349882e+02 3.146771e+00
6.800000e+02 -5.354109e+02 3.089600e+00
6.800000e+02 -5.454571e+02 2.912754e+00
6.900000e+02 -5.271204e+02 2.703586e+00
6.900000e+02 -5.264863e+02 3.335047e+00
6.900000e+02 -5.331609e+02 2.608780e+00
6.900000e+02 -5.242333e+02 3.036133e+00
6.900000e+02 -5.303450e+02 2.916843e+00
6.900000e+02 -5.331729e+02 2.807590e+00
6.900000e+02 -5.310461e+02 2.614334e+00
6.900000e+02 -5.282581e+02 2.803921e+00
6.900000e+02 -5.300951e+02 2.925352e+00
6.900000e+02 -5.289441e+02 2.936999e+00
6.900000e+02 -5.299989e+02 2.706004e+00
6.900000e+02 -5.266132e+02 2.602513e+00
6.900000e+02 -5.285873e+02 2.530029e+00
6.900000e+02 -5.278314e+02 2.847884e+00
6.900000e+02 -5.232526e+02 3.442532e+00
6.900000e+02 -5.297692e+02 2.728650e+00
6.900000e+02 -5.322658e+02 2.470155e+00
6.900000e+02 -5.312307e+02 3.110140e+00
6.900000e+02 -5.265727e+02 3.737054e+00
6.900000e+02 -5.275812e+02 2.931481e+00
7.000000e+02 -5.216390e+02 2.221620e+00
7.000000e+02 -5.160383e+02 3.111281e+00
7.000000e+02 -5.206941e+02 2.927511e+00
7.000000e+02 -5.181910e+02 2.842561e+00
7.000000e+02 -5.163396e+02 3.518415e+00
7.000000e+02 -5.198982e+02 3.062532e+00
7.000000e+02 -5.186842e+02 2.945295e+00
7.000000e+02 -5.210695e+02 2.648812e+00
7.000000e+02 -5.215474e+02 2.960468e+00
7.000000e+02 -5.221569e+02 2.644066e+00
7.000000e+02 -5.206561e+02 2.544199e+00
7.000000e+02 -5.176786e+02 2.351797e+00
7.000000e+02 -5.167308e+02 2.663671e+00
7.000000e+02 -5.237052e+02 2.614232e+00
7.000000e+02 -5.211678e+02 2.811611e+00
7.000000e+02 -5.179720e+02 3.070308e+00
7.000000e+02 -5.153412e+02 2.944485e+00
7.000000e+02 -5.152546e+02 3.242931e+00
7.000000e+02 -5.154202e+02 3.595356e+00
7.000000e+02 -5.210053e+02 2.748800e+00
7.500000e+02 -4.716822e+02 2.825833e+00
7.500000e+02 -4.743822e+02 2.328424e+00
7.500000e+02 -4.745788e+02 3.207014e+00
7.500000e+02 -4.752576e+02 2.854610e+00
7.500000e+02 -4.729395e+02 2.381545e+00
7.500000e+02 -4.707916e+02 2.271983e+00
7.500000e+02 -4.731161e+02 2.931674e+00
7.500000e+02 -4.691353e+02 2.521992e+00
7.500000e+02 -4.702694e+02 3.120318e+00
7.500000e+02 -4.690188e+02 2.677490e+00
7.500000e+02 -4.705597e+02 2.788865e+00
7.500000e+02 -4.731141e+02 2.816542e+00
7.500000e+02 -4.744828e+02 2.738100e+00
7.500000e+02 -4.700224e+02 2.660467e+00
7.500000e+02 -4.737449e+02 2.628032e+00
7.500000e+02 -4.717298e+02 2.484970e+00
7.500000e+02 -4.695073e+02 2.256998e+00
7.500000e+02 -4.742759e+02 2.574053e+00
7.500000e+02 -4.679424e+02 2.548977e+00
7.500000e+02 -4.729448e+02 2.738070e+00
8.000000e+02 -4.327389e+02 2.544731e+00
8.000000e+02 -4.302961e+02 2.542367e+00
8.000000e+02 -4.307852e+02 2.458151e+00
8.000000e+02 -4.339917e+02 2.151293e+00
8.000000e+02 -4.361194e+02 2.470708e+00
8.000000e+02 -4.342626e+02 2.856703e+00
8.000000e+02 -4.303385e+02 2.754411e+00
8.000000e+02 -4.326428e+02 4.694009e+00
8.000000e+02 -4.259103e+02 3.209605e+00
8.000000e+02 -4.271149e+02 2.871306e+00
8.000000e+02 -4.336995e+02 2.178595e+00
8.000000e+02 -4.285310e+02 2.564208e+00
8.000000e+02 -4.326936e+02 2.260490e+00
8.000000e+02 -4.292477e+02 2.516822e+00
8.000000e+02 -4.311722e+02 2.789168e+00
8.000000e+02 -4.288849e+02 2.519113e+00
8.000000e+02 -4.298990e+02 2.468612e+00
8.000000e+02 -4.354401e+02 2.128749e+00
8.000000e+02 -4.302148e+02 2.512082e+00
8.000000e+02 -4.345461e+02 2.541609e+00
8.500000e+02 -3.964553e+02 2.433850e+00
8.500000e+02 -4.014811e+02 2.025392e+00
8.500000e+02 -3.902294e+02 3.494191e+00
8.500000e+02 -3.970939e+02 2.077552e+00
8.500000e+02 -3.931834e+02 2.376820e+00
8.500000e+02 -3.940479e+02 2.721138e+00
8.500000e+02 -3.932264e+02 2.340326e+00
8.500000e+02 -3.977847e+02 2.218926e+00
8.500000e+02 -3.961703e+02 2.248849e+00
8.500000e+02 -3.982096e+02 1.934150e+00
8.500000e+02 -3.977822e+02 2.496143e+00
8.500000e+02 -3.981061e+02 2.350622e+00
8.500000e+02 -3.977711e+02 2.194360e+00
8.500000e+02 -3.943134e+02 2.240245e+00
8.500000e+02 -3.971520e+02 2.159473e+00
8.500000e+02 -3.961422e+02 2.155791e+00
8.500000e+02 -3.978200e+02 2.177012e+00
8.500000e+02 -3.965578e+02 2.006208e+00
8.500000e+02 -3.928484e+02 2.062839e+00
8.500000e+02 -3.979007e+02 2.273988e+00
9.000000e+02 -3.642822e+02 2.063299e+00
9.000000e+02 -3.602423e+02 2.329321e+00
9.000000e+02 -3.649048e+02 1.950001e+00
9.000000e+02 -3.617309e+02 2.353889e+00
9.000000e+02 -3.667361e+02 1.810611e+00
9.000000e+02 -3.609192e+02 2.352072e+00
9.000000e+02 -3.668432e+02 2.163679e+00
9.000000e+02 -3.635527e+02 2.207475e+00
9.000000e+02 -3.667047e+02 2.065283e+00
9.000000e+02 -3.636489e+02 2.310287e+00
9.000000e+02 -3.671221e+02 1.878812e+00
9.000000e+02 -3.633783e+02 2.485111e+00
9.000000e+02 -3.631067e+02 2.306717e+00
9.000000e+02 -3.646461e+02 2.115875e+00
9.000000e+02 -3.651868e+02 2.223402e+00
9.000000e+02 -3.666817e+02 2.164235e+00
9.000000e+02 -3.658748e+02 1.989440e+00
9.000000e+02 -3.635157e+02 2.125594e+00
9.000000e+02 -3.652930e+02 2.223520e+00
9.000000e+02 -3.663926e+02 1.895859e+00
9.500000e+02 -3.330068e+02 2.063107e+00
9.500000e+02 -3.382582e+02 1.817560e+00
9.500000e+02 -3.330328e+02 2.188613e+00
9.500000e+02 -3.362633e+02 2.147180e+00
9.500000e+02 -3.353635e+02 2.033631e+00
9.500000e+02 -3.363747e+02 1.902859e+00
9.500000e+02 -3.353212e+02 2.191811e+00
9.500000e+02 -3.354178e+02 2.300234e+00
9.500000e+02 -3.365175e+02 1.933825e+00
9.500000e+02 -3.385383e+02 1.827056e+00
9.500000e+02 -3.389694e+02 2.136551e+00
9.500000e+02 -3.346764e+02 2.203862e+00
9.500000e+02 -3.355923e+02 2.042663e+00
9.500000e+02 -3.378038e+02 1.887350e+00
9.500000e+02 -3.345467e+02 2.050922e+00
9.500000e+02 -3.371038e+02 1.952750e+00
9.500000e+02 -3.364432e+02 1.863397e+00
9.500000e+02 -3.360900e+02 2.041209e+00
9.500000e+02 -3.358045e+02 1.968249e+00
9.500000e+02 -3.401429e+02 1.955867e+00
