1.000000e+03 2.481581e+02 4.289973e-01
1.000000e+03 2.476005e+02 4.118730e-01
1.000000e+03 2.477082e+02 4.072991e-01
1.000000e+03 2.477478e+02 4.111967e-01
1.000000e+03 2.471308e+02 4.134103e-01
1.000000e+03 2.474442e+02 4.132969e-01
1.000000e+03 2.477980e+02 4.065995e-01
1.000000e+03 2.477843e+02 4.320010e-01
1.000000e+03 2.472423e+02 4.517231e-01
1.000000e+03 2.476224e+02 4.134984e-01
1.000000e+03 2.471829e+02 4.275707e-01
1.000000e+03 2.478928e+02 4.085801e-01
1.000000e+03 2.479336e+02 4.334823e-01
1.000000e+03 2.473967e+02 4.079432e-01
1.000000e+03 2.473740e+02 4.348240e-01
1.000000e+03 2.473549e+02 4.125169e-01
1.000000e+03 2.476327e+02 4.091377e-01
1.000000e+03 2.482773e+02 4.232978e-01
1.000000e+03 2.475987e+02 4.236346e-01
1.000000e+03 2.478783e+02 4.322394e-01
1.050000e+03 2.283970e+02 4.035835e-01
1.050000e+03 2.282115e+02 3.819460e-01
1.050000e+03 2.289521e+02 3.932938e-01
1.050000e+03 2.279358e+02 3.771692e-01
1.050000e+03 2.284824e+02 3.807976e-01
1.050000e+03 2.289488e+02 3.700757e-01
1.050000e+03 2.282480e+02 3.756931e-01
1.050000e+03 2.285409e+02 3.816061e-01
1.050000e+03 2.280889e+02 3.937526e-01
1.050000e+03 2.287205e+02 3.758965e-01
1.050000e+03 2.290939e+02 3.892193e-01
1.050000e+03 2.288951e+02 3.733472e-01
1.050000e+03 2.287240e+02 3.799896e-01
1.050000e+03 2.284982e+02 3.915756e-01
1.050000e+03 2.288379e+02 3.832336e-01
1.050000e+03 2.288501e+02 3.673587e-01
1.050000e+03 2.287301e+02 3.801763e-01
1.050000e+03 2.289558e+02 3.751596e-01
1.050000e+03 2.279640e+02 3.853029e-01
1.050000e+03 2.291519e+02 3.980924e-01
1.100000e+03 2.111703e+02 3.531781e-01
1.100000e+03 2.114965e+02 3.462601e-01
1.100000e+03 2.118951e+02 3.659484e-01
1.100000e+03 2.111994e+02 3.460235e-01
1.100000e+03 2.113831e+02 3.596124e-01
1.100000e+03 2.122908e+02 3.550447e-01
1.100000e+03 2.116808e+02 3.494303e-01
1.100000e+03 2.120372e+02 3.750177e-01
1.100000e+03 2.116948e+02 3.587705e-01
1.100000e+03 2.116977e+02 3.522056e-01
1.100000e+03 2.119895e+02 3.652350e-01
1.100000e+03 2.119377e+02 3.508181e-01
1.100000e+03 2.117593e+02 3.599690e-01
1.100000e+03 2.118844e+02 3.643039e-01
1.100000e+03 2.120754e+02 3.505822e-01
1.100000e+03 2.118618e+02 3.528603e-01
1.100000e+03 2.118545e+02 3.624000e-01
1.100000e+03 2.119944e+02 3.474617e-01
1.100000e+03 2.125545e+02 3.725139e-01
1.100000e+03 2.118070e+02 3.494603e-01
1.150000e+03 1.965267e+02 3.300321e-01
1.150000e+03 1.966918e+02 3.339681e-01
1.150000e+03 1.971322e+02 3.461423e-01
1.150000e+03 1.962959e+02 3.216112e-01
1.150000e+03 1.971642e+02 3.255616e-01
1.150000e+03 1.968702e+02 3.454876e-01
1.150000e+03 1.972720e+02 3.374043e-01
1.150000e+03 1.966520e+02 3.306227e-01
1.150000e+03 1.971075e+02 3.327768e-01
1.150000e+03 1.967432e+02 3.366941e-01
1.150000e+03 1.967088e+02 3.471035e-01
1.150000e+03 1.969302e+02 3.311601e-01
1.150000e+03 1.970696e+02 3.187212e-01
1.150000e+03 1.965200e+02 3.309972e-01
1.150000e+03 1.968898e+02 3.416797e-01
1.150000e+03 1.969423e+02 3.277028e-01
1.150000e+03 1.969384e+02 3.463444e-01
1.150000e+03 1.974074e+02 3.286467e-01
1.150000e+03 1.967878e+02 3.238359e-01
1.150000e+03 1.970113e+02 3.161508e-01
1.200000e+03 1.835836e+02 3.131136e-01
1.200000e+03 1.838246e+02 3.034046e-01
1.200000e+03 1.838541e+02 3.247258e-01
1.200000e+03 1.836739e+02 3.071611e-01
1.200000e+03 1.840377e+02 3.188165e-01
1.200000e+03 1.840220e+02 3.178951e-01
1.200000e+03 1.834518e+02 3.118636e-01
1.200000e+03 1.839733e+02 3.095889e-01
1.200000e+03 1.841994e+02 3.029173e-01
1.200000e+03 1.837829e+02 3.056497e-01
1.200000e+03 1.833179e+02 3.127664e-01
1.200000e+03 1.839034e+02 3.147020e-01
1.200000e+03 1.836143e+02 3.186567e-01
1.200000e+03 1.839269e+02 2.872666e-01
1.200000e+03 1.836331e+02 3.214927e-01
1.200000e+03 1.831037e+02 3.114973e-01
1.200000e+03 1.839535e+02 3.080118e-01
1.200000e+03 1.835786e+02 3.080988e-01
1.200000e+03 1.840685e+02 2.922018e-01
1.200000e+03 1.834134e+02 3.124042e-01
1.250000e+03 1.719431e+02 2.920264e-01
1.250000e+03 1.721677e+02 2.852524e-01
1.250000e+03 1.715988e+02 2.955088e-01
1.250000e+03 1.721657e+02 3.047284e-01
1.250000e+03 1.719175e+02 2.820245e-01
1.250000e+03 1.716411e+02 2.972192e-01
1.250000e+03 1.713850e+02 2.852162e-01
1.250000e+03 1.714769e+02 2.986013e-01
1.250000e+03 1.720419e+02 2.867412e-01
1.250000e+03 1.722052e+02 2.939806e-01
1.250000e+03 1.716540e+02 2.924820e-01
1.250000e+03 1.718129e+02 2.967644e-01
1.250000e+03 1.718851e+02 2.849002e-01
1.250000e+03 1.712009e+02 2.995170e-01
1.250000e+03 1.720534e+02 3.028636e-01
1.250000e+03 1.718692e+02 3.031922e-01
1.250000e+03 1.720905e+02 2.866111e-01
1.250000e+03 1.718863e+02 2.884881e-01
1.250000e+03 1.723768e+02 2.793972e-01
1.250000e+03 1.722245e+02 2.964030e-01
1.300000e+03 1.613416e+02 2.818443e-01
1.300000e+03 1.611897e+02 2.723011e-01
1.300000e+03 1.612600e+02 2.757981e-01
1.300000e+03 1.614901e+02 2.742252e-01
1.300000e+03 1.614305e+02 2.520208e-01
1.300000e+03 1.615692e+02 2.732083e-01
1.300000e+03 1.612382e+02 2.825246e-01
1.300000e+03 1.613323e+02 2.824412e-01
1.300000e+03 1.610456e+02 2.792889e-01
1.300000e+03 1.617044e+02 2.822016e-01
1.300000e+03 1.616067e+02 2.730003e-01
1.300000e+03 1.613152e+02 2.694501e-01
1.300000e+03 1.616673e+02 2.590739e-01
1.300000e+03 1.610959e+02 2.815642e-01
1.300000e+03 1.614099e+02 2.782745e-01
1.300000e+03 1.612007e+02 2.811020e-01
1.300000e+03 1.609795e+02 2.773448e-01
1.300000e+03 1.615062e+02 2.801935e-01
1.300000e+03 1.611195e+02 2.694001e-01
1.300000e+03 1.609177e+02 2.918554e-01
1.350000e+03 1.517720e+02 2.414765e-01
1.350000e+03 1.513238e+02 2.608695e-01
1.350000e+03 1.521407e+02 2.677096e-01
1.350000e+03 1.519976e+02 2.578464e-01
1.350000e+03 1.513624e+02 2.654587e-01
1.350000e+03 1.517530e+02 2.467028e-01
1.350000e+03 1.517009e+02 2.627016e-01
1.350000e+03 1.513869e+02 2.483201e-01
1.350000e+03 1.519021e+02 2.559644e-01
1.350000e+03 1.512925e+02 2.637006e-01
1.350000e+03 1.519461e+02 2.643486e-01
1.350000e+03 1.513913e+02 2.497390e-01
1.350000e+03 1.519448e+02 2.540766e-01
1.350000e+03 1.521952e+02 2.638085e-01
1.350000e+03 1.516633e+02 2.479026e-01
1.350000e+03 1.513903e+02 2.640055e-01
1.350000e+03 1.512726e+02 2.545946e-01
1.350000e+03 1.515577e+02 2.650753e-01
1.350000e+03 1.513920e+02 2.577119e-01
1.350000e+03 1.517950e+02 2.298843e-01
1.400000e+03 1.429096e+02 2.413127e-01
1.400000e+03 1.428490e+02 2.469163e-01
1.400000e+03 1.431053e+02 2.330765e-01
1.400000e+03 1.427395e+02 2.381322e-01
1.400000e+03 1.424497e+02 2.423707e-01
1.400000e+03 1.425700e+02 2.331697e-01
1.400000e+03 1.428705e+02 2.425013e-01
1.400000e+03 1.431162e+02 2.320119e-01
1.400000e+03 1.424512e+02 2.445890e-01
1.400000e+03 1.433085e+02 2.350846e-01
1.400000e+03 1.429218e+02 2.445520e-01
1.400000e+03 1.430375e+02 2.304121e-01
1.400000e+03 1.431213e+02 2.257127e-01
1.400000e+03 1.429157e+02 2.474134e-01
1.400000e+03 1.430415e+02 2.346253e-01
1.400000e+03 1.427458e+02 2.351561e-01
1.400000e+03 1.429235e+02 2.370508e-01
1.400000e+03 1.429790e+02 2.398012e-01
1.400000e+03 1.428307e+02 2.399942e-01
1.400000e+03 1.430581e+02 2.498020e-01
1.450000e+03 1.351121e+02 2.302808e-01
1.450000e+03 1.349317e+02 2.233317e-01
1.450000e+03 1.349462e+02 2.310047e-01
1.450000e+03 1.352334e+02 2.141439e-01
1.450000e+03 1.351173e+02 2.343825e-01
1.450000e+03 1.350052e+02 2.318181e-01
1.450000e+03 1.348002e+02 2.344734e-01
1.450000e+03 1.349414e+02 2.321312e-01
1.450000e+03 1.350842e+02 2.355093e-01
1.450000e+03 1.349238e+02 2.357379e-01
1.450000e+03 1.354816e+02 2.281186e-01
1.450000e+03 1.348693e+02 2.284816e-01
1.450000e+03 1.352019e+02 2.261734e-01
1.450000e+03 1.350114e+02 2.236989e-01
1.450000e+03 1.349159e+02 2.362355e-01
1.450000e+03 1.347351e+02 2.243505e-01
1.450000e+03 1.350717e+02 2.228036e-01
1.450000e+03 1.350861e+02 2.378449e-01
1.450000e+03 1.350601e+02 2.324408e-01
1.450000e+03 1.346711e+02 2.250293e-01
1.500000e+03 1.276170e+02 2.025285e-01
1.500000e+03 1.276222e+02 2.077493e-01
1.500000e+03 1.276396e+02 2.137900e-01
1.500000e+03 1.278254e+02 2.218213e-01
1.500000e+03 1.278111e+02 2.131269e-01
1.500000e+03 1.280204e+02 2.157228e-01
1.500000e+03 1.276697e+02 2.191704e-01
1.500000e+03 1.279379e+02 1.984541e-01
1.500000e+03 1.278305e+02 2.213052e-01
1.500000e+03 1.273417e+02 2.101480e-01
1.500000e+03 1.278526e+02 2.135646e-01
1.500000e+03 1.276166e+02 2.124551e-01
1.500000e+03 1.275424e+02 2.205617e-01
1.500000e+03 1.274260e+02 2.083925e-01
1.500000e+03 1.274688e+02 1.961691e-01
1.500000e+03 1.277081e+02 2.116887e-01
1.500000e+03 1.275251e+02 2.216413e-01
1.500000e+03 1.279183e+02 2.070842e-01
1.500000e+03 1.280016e+02 2.274474e-01
1.500000e+03 1.277864e+02 2.146331e-01
1.550000e+03 1.210466e+02 2.018307e-01
1.550000e+03 1.210875e+02 1.963887e-01
1.550000e+03 1.210091e+02 2.072056e-01
1.550000e+03 1.214747e+02 2.113122e-01
1.550000e+03 1.214372e+02 2.040337e-01
1.550000e+03 1.212071e+02 2.073844e-01
1.550000e+03 1.209785e+02 1.990874e-01
1.550000e+03 1.208744e+02 2.043490e-01
1.550000e+03 1.211394e+02 2.022870e-01
1.550000e+03 1.211649e+02 1.989824e-01
1.550000e+03 1.212218e+02 2.057759e-01
1.550000e+03 1.210102e+02 2.069588e-01
1.550000e+03 1.211614e+02 1.958671e-01
1.550000e+03 1.209883e+02 2.106464e-01
1.550000e+03 1.212779e+02 2.060012e-01
1.550000e+03 1.210526e+02 2.082635e-01
1.550000e+03 1.210972e+02 1.891982e-01
1.550000e+03 1.211040e+02 2.005428e-01
1.550000e+03 1.215269e+02 1.878266e-01
1.550000e+03 1.209805e+02 1.969736e-01
3.000000e+02 2.737903e+00 4.055539e-03
3.000000e+02 2.743744e+00 4.096286e-03
3.000000e+02 2.750639e+00 4.052003e-03
3.000000e+02 2.734006e+00 4.044443e-03
3.000000e+02 2.740334e+00 4.036154e-03
3.000000e+02 2.735139e+00 4.103143e-03
3.000000e+02 2.738513e+00 4.070271e-03
3.000000e+02 2.743755e+00 4.085913e-03
3.000000e+02 2.738382e+00 4.042049e-03
3.000000e+02 2.735993e+00 4.107285e-03
3.000000e+02 2.735617e+00 4.064542e-03
3.000000e+02 2.742126e+00 4.078711e-03
3.000000e+02 2.731380e+00 4.116199e-03
3.000000e+02 2.743881e+00 4.058744e-03
3.000000e+02 2.742209e+00 4.055290e-03
3.000000e+02 2.740099e+00 4.024832e-03
3.000000e+02 2.731547e+00 4.111615e-03
3.000000e+02 2.736096e+00 4.075021e-03
3.000000e+02 2.743133e+00 4.104189e-03
3.000000e+02 2.736010e+00 4.081024e-03
3.050000e+02 3.617527e+00 5.449002e-03
3.050000e+02 3.620332e+00 5.382912e-03
3.050000e+02 3.620148e+00 5.343927e-03
3.050000e+02 3.616443e+00 5.394260e-03
3.050000e+02 3.625070e+00 5.384009e-03
3.050000e+02 3.623611e+00 5.400014e-03
3.050000e+02 3.629250e+00 5.378445e-03
3.050000e+02 3.620856e+00 5.365336e-03
3.050000e+02 3.629140e+00 5.440393e-03
3.050000e+02 3.628919e+00 5.365432e-03
3.050000e+02 3.618164e+00 5.418067e-03
3.050000e+02 3.615972e+00 5.397750e-03
3.050000e+02 3.618512e+00 5.392238e-03
3.050000e+02 3.623384e+00 5.405631e-03
3.050000e+02 3.620429e+00 5.418628e-03
3.050000e+02 3.628629e+00 5.372617e-03
3.050000e+02 3.629925e+00 5.345406e-03
3.050000e+02 3.620515e+00 5.408040e-03
3.050000e+02 3.625851e+00 5.325415e-03
3.050000e+02 3.624537e+00 5.386414e-03
3.100000e+02 4.650665e+00 6.908962e-03
3.100000e+02 4.660147e+00 6.871638e-03
3.100000e+02 4.658446e+00 6.874533e-03
3.100000e+02 4.653218e+00 6.908899e-03
3.100000e+02 4.657917e+00 6.900730e-03
3.100000e+02 4.659709e+00 6.932960e-03
3.100000e+02 4.665481e+00 6.957735e-03
3.100000e+02 4.662089e+00 6.900136e-03
3.100000e+02 4.652816e+00 6.901454e-03
3.100000e+02 4.646586e+00 6.908309e-03
3.100000e+02 4.652736e+00 7.017990e-03
3.100000e+02 4.655338e+00 6.920099e-03
3.100000e+02 4.663308e+00 6.849877e-03
3.100000e+02 4.666784e+00 6.991408e-03
3.100000e+02 4.668791e+00 6.918484e-03
3.100000e+02 4.649252e+00 6.937546e-03
3.100000e+02 4.658342e+00 6.888582e-03
3.100000e+02 4.663067e+00 6.919721e-03
3.100000e+02 4.648621e+00 6.933912e-03
3.100000e+02 4.673013e+00 6.926632e-03
3.150000e+02 5.892625e+00 8.745315e-03
3.150000e+02 5.892187e+00 8.904957e-03
3.150000e+02 5.889590e+00 8.847062e-03
3.150000e+02 5.887714e+00 8.819554e-03
3.150000e+02 5.886281e+00 8.798116e-03
3.150000e+02 5.874147e+00 8.808480e-03
3.150000e+02 5.889262e+00 8.802035e-03
3.150000e+02 5.889050e+00 8.869208e-03
3.150000e+02 5.881194e+00 8.839553e-03
3.150000e+02 5.900843e+00 8.829219e-03
3.150000e+02 5.902919e+00 8.814147e-03
3.150000e+02 5.882559e+00 8.790687e-03
3.150000e+02 5.889147e+00 8.802096e-03
3.150000e+02 5.905893e+00 8.921075e-03
3.150000e+02 5.900135e+00 8.860740e-03
3.150000e+02 5.897728e+00 8.901662e-03
3.150000e+02 5.894850e+00 8.925150e-03
3.150000e+02 5.905444e+00 8.910840e-03
3.150000e+02 5.888457e+00 8.834674e-03
3.150000e+02 5.883130e+00 8.778189e-03
3.200000e+02 7.399498e+00 1.119041e-02
3.200000e+02 7.366714e+00 1.122036e-02
3.200000e+02 7.374889e+00 1.119522e-02
3.200000e+02 7.381402e+00 1.117795e-02
3.200000e+02 7.376398e+00 1.116388e-02
3.200000e+02 7.381398e+00 1.130053e-02
3.200000e+02 7.363859e+00 1.117812e-02
3.200000e+02 7.374305e+00 1.119416e-02
3.200000e+02 7.366242e+00 1.124721e-02
3.200000e+02 7.364086e+00 1.112020e-02
3.200000e+02 7.372508e+00 1.121432e-02
3.200000e+02 7.376331e+00 1.114842e-02
3.200000e+02 7.382420e+00 1.123216e-02
3.200000e+02 7.379168e+00 1.121086e-02
3.200000e+02 7.356966e+00 1.126020e-02
3.200000e+02 7.361269e+00 1.125030e-02
3.200000e+02 7.370714e+00 1.119342e-02
3.200000e+02 7.382691e+00 1.127847e-02
3.200000e+02 7.373376e+00 1.113696e-02
3.200000e+02 7.370552e+00 1.136241e-02
3.250000e+02 9.253525e+00 1.432833e-02
3.250000e+02 9.236024e+00 1.429122e-02
3.250000e+02 9.244069e+00 1.441386e-02
3.250000e+02 9.259163e+00 1.457566e-02
3.250000e+02 9.253865e+00 1.434274e-02
3.250000e+02 9.244012e+00 1.440645e-02
3.250000e+02 9.253939e+00 1.432998e-02
3.250000e+02 9.236880e+00 1.419286e-02
3.250000e+02 9.273819e+00 1.438861e-02
3.250000e+02 9.231866e+00 1.432141e-02
3.250000e+02 9.246239e+00 1.435952e-02
3.250000e+02 9.252756e+00 1.441635e-02
3.250000e+02 9.228530e+00 1.433864e-02
3.250000e+02 9.265708e+00 1.437119e-02
3.250000e+02 9.273756e+00 1.427274e-02
3.250000e+02 9.234703e+00 1.423217e-02
3.250000e+02 9.268411e+00 1.438833e-02
3.250000e+02 9.277826e+00 1.419262e-02
3.250000e+02 9.269304e+00 1.440706e-02
3.250000e+02 9.252417e+00 1.440780e-02
3.300000e+02 1.181076e+01 1.900309e-02
3.300000e+02 1.183196e+01 1.894356e-02
3.300000e+02 1.182745e+01 1.903640e-02
3.300000e+02 1.180504e+01 1.897240e-02
3.300000e+02 1.180624e+01 1.889593e-02
3.300000e+02 1.181125e+01 1.887475e-02
3.300000e+02 1.181940e+01 1.904785e-02
3.300000e+02 1.184821e+01 1.911286e-02
3.300000e+02 1.180543e+01 1.901429e-02
3.300000e+02 1.183950e+01 1.894435e-02
3.300000e+02 1.180535e+01 1.887752e-02
3.300000e+02 1.185494e+01 1.890389e-02
3.300000e+02 1.181054e+01 1.873642e-02
3.300000e+02 1.182224e+01 1.889166e-02
3.300000e+02 1.182251e+01 1.907625e-02
3.300000e+02 1.179018e+01 1.896871e-02
3.300000e+02 1.184848e+01 1.902965e-02
3.300000e+02 1.182490e+01 1.921491e-02
3.300000e+02 1.179632e+01 1.890163e-02
3.300000e+02 1.184708e+01 1.910975e-02
3.350000e+02 1.587551e+01 2.629616e-02
3.350000e+02 1.589737e+01 2.650248e-02
3.350000e+02 1.588516e+01 2.651553e-02
3.350000e+02 1.587577e+01 2.639538e-02
3.350000e+02 1.585319e+01 2.704959e-02
3.350000e+02 1.587845e+01 2.655473e-02
3.350000e+02 1.589790e+01 2.671008e-02
3.350000e+02 1.588054e+01 2.685884e-02
3.350000e+02 1.589426e+01 2.697484e-02
3.350000e+02 1.587251e+01 2.680892e-02
3.350000e+02 1.589130e+01 2.721106e-02
3.350000e+02 1.591031e+01 2.654546e-02
3.350000e+02 1.589731e+01 2.673786e-02
3.350000e+02 1.589606e+01 2.641964e-02
3.350000e+02 1.588710e+01 2.654568e-02
3.350000e+02 1.587643e+01 2.635481e-02
3.350000e+02 1.590557e+01 2.663084e-02
3.350000e+02 1.582212e+01 2.639705e-02
3.350000e+02 1.587682e+01 2.671991e-02
3.350000e+02 1.583286e+01 2.676578e-02
3.400000e+02 2.422124e+01 4.416275e-02
3.400000e+02 2.423137e+01 4.464012e-02
3.400000e+02 2.425193e+01 4.329600e-02
3.400000e+02 2.429103e+01 4.296475e-02
3.400000e+02 2.419169e+01 4.293329e-02
3.400000e+02 2.422255e+01 4.327064e-02
3.400000e+02 2.419856e+01 4.374130e-02
3.400000e+02 2.425181e+01 4.285834e-02
3.400000e+02 2.424135e+01 4.327847e-02
3.400000e+02 2.426097e+01 4.360409e-02
3.400000e+02 2.420773e+01 4.339168e-02
3.400000e+02 2.423613e+01 4.404565e-02
3.400000e+02 2.415617e+01 4.290359e-02
3.400000e+02 2.413118e+01 4.278994e-02
3.400000e+02 2.423833e+01 4.290745e-02
3.400000e+02 2.426621e+01 4.359306e-02
3.400000e+02 2.421476e+01 4.378734e-02
3.400000e+02 2.419684e+01 4.415510e-02
3.400000e+02 2.428457e+01 4.303850e-02
3.400000e+02 2.415416e+01 4.325763e-02
3.450000e+02 6.026657e+01 1.201295e-01
3.450000e+02 6.021166e+01 1.184519e-01
3.450000e+02 6.024113e+01 1.186699e-01
3.450000e+02 6.031390e+01 1.170469e-01
3.450000e+02 6.028397e+01 1.169745e-01
3.450000e+02 6.037530e+01 1.199137e-01
3.450000e+02 6.001085e+01 1.176674e-01
3.450000e+02 6.017940e+01 1.192610e-01
3.450000e+02 6.012786e+01 1.170651e-01
3.450000e+02 6.034335e+01 1.211227e-01
3.450000e+02 6.007563e+01 1.189807e-01
3.450000e+02 6.020590e+01 1.190819e-01
3.450000e+02 6.041315e+01 1.171335e-01
3.450000e+02 6.015088e+01 1.195009e-01
3.450000e+02 6.002879e+01 1.175281e-01
3.450000e+02 6.028043e+01 1.202265e-01
3.450000e+02 6.043939e+01 1.201481e-01
3.450000e+02 6.012361e+01 1.218536e-01
3.450000e+02 6.013239e+01 1.166192e-01
3.450000e+02 6.008137e+01 1.153682e-01
3.500000e+02 2.675322e+02 5.175565e-01
3.500000e+02 2.688439e+02 5.216738e-01
3.500000e+02 2.683462e+02 5.133208e-01
3.500000e+02 2.685667e+02 5.112159e-01
3.500000e+02 2.676322e+02 5.102228e-01
3.500000e+02 2.684671e+02 5.081587e-01
3.500000e+02 2.684504e+02 5.171374e-01
3.500000e+02 2.678751e+02 4.998463e-01
3.500000e+02 2.683014e+02 5.078480e-01
3.500000e+02 2.683813e+02 5.192179e-01
3.500000e+02 2.689378e+02 4.985079e-01
3.500000e+02 2.691821e+02 5.132057e-01
3.500000e+02 2.691613e+02 5.146504e-01
3.500000e+02 2.688165e+02 5.013049e-01
3.500000e+02 2.696229e+02 5.082115e-01
3.500000e+02 2.690269e+02 5.174024e-01
3.500000e+02 2.690656e+02 5.103951e-01
3.500000e+02 2.683633e+02 5.156003e-01
3.500000e+02 2.685696e+02 5.094266e-01
3.500000e+02 2.681265e+02 5.030529e-01
3.550000e+02 4.081177e+02 8.039037e-01
3.550000e+02 4.068277e+02 8.129977e-01
3.550000e+02 4.070424e+02 8.099633e-01
3.550000e+02 4.053519e+02 8.144225e-01
3.550000e+02 4.065898e+02 8.022268e-01
3.550000e+02 4.060381e+02 7.856376e-01
3.550000e+02 4.061517e+02 7.900680e-01
3.550000e+02 4.052704e+02 8.080797e-01
3.550000e+02 4.053456e+02 8.085952e-01
3.550000e+02 4.061676e+02 7.934137e-01
3.550000e+02 4.060334e+02 8.012791e-01
3.550000e+02 4.057800e+02 7.861137e-01
3.550000e+02 4.067358e+02 8.105211e-01
3.550000e+02 4.064053e+02 8.041690e-01
3.550000e+02 4.071690e+02 8.047543e-01
3.550000e+02 4.083058e+02 8.185865e-01
3.550000e+02 4.059509e+02 7.913695e-01
3.550000e+02 4.063596e+02 8.087543e-01
3.550000e+02 4.066979e+02 7.711996e-01
3.550000e+02 4.064551e+02 7.931646e-01
3.600000e+02 4.969187e+02 9.829687e-01
3.600000e+02 4.959453e+02 9.988753e-01
3.600000e+02 4.959117e+02 9.941837e-01
3.600000e+02 4.972885e+02 1.007039e+00
3.600000e+02 4.963631e+02 1.002459e+00
3.600000e+02 4.982151e+02 9.800148e-01
3.600000e+02 4.972490e+02 1.016026e+00
3.600000e+02 4.963046e+02 9.756626e-01
3.600000e+02 4.974546e+02 9.985829e-01
3.600000e+02 4.974709e+02 9.705381e-01
3.600000e+02 4.973090e+02 1.005004e+00
3.600000e+02 4.959166e+02 1.011416e+00
3.600000e+02 4.969257e+02 1.013414e+00
3.600000e+02 4.951398e+02 9.856445e-01
3.600000e+02 4.973852e+02 1.000133e+00
3.600000e+02 4.965864e+02 9.962161e-01
3.600000e+02 4.972134e+02 9.900340e-01
3.600000e+02 4.971876e+02 1.004854e+00
3.600000e+02 4.979903e+02 9.741369e-01
3.600000e+02 4.964179e+02 1.007686e+00
3.650000e+02 5.622438e+02 1.150417e+00
3.650000e+02 5.635332e+02 1.101549e+00
3.650000e+02 5.626732e+02 1.166697e+00
3.650000e+02 5.640223e+02 1.140182e+00
3.650000e+02 5.624659e+02 1.127339e+00
3.650000e+02 5.634248e+02 1.102265e+00
3.650000e+02 5.635103e+02 1.121744e+00
3.650000e+02 5.642096e+02 1.136536e+00
3.650000e+02 5.631026e+02 1.155986e+00
3.650000e+02 5.623196e+02 1.148733e+00
3.650000e+02 5.637353e+02 1.140348e+00
3.650000e+02 5.611652e+02 1.132651e+00
3.650000e+02 5.615315e+02 1.156334e+00
3.650000e+02 5.623543e+02 1.152438e+00
3.650000e+02 5.608624e+02 1.113154e+00
3.650000e+02 5.628923e+02 1.148320e+00
3.650000e+02 5.650598e+02 1.153883e+00
3.650000e+02 5.636567e+02 1.126515e+00
3.650000e+02 5.631983e+02 1.137888e+00
3.650000e+02 5.634498e+02 1.131356e+00
3.700000e+02 6.133554e+02 1.303546e+00
3.700000e+02 6.117581e+02 1.267357e+00
3.700000e+02 6.124312e+02 1.262872e+00
3.700000e+02 6.133856e+02 1.235140e+00
3.700000e+02 6.127927e+02 1.251422e+00
3.700000e+02 6.141077e+02 1.269127e+00
3.700000e+02 6.155509e+02 1.237400e+00
3.700000e+02 6.142643e+02 1.253835e+00
3.700000e+02 6.124635e+02 1.289096e+00
3.700000e+02 6.120917e+02 1.268005e+00
3.700000e+02 6.117235e+02 1.268988e+00
3.700000e+02 6.149572e+02 1.254094e+00
3.700000e+02 6.124054e+02 1.206258e+00
3.700000e+02 6.121381e+02 1.258625e+00
3.700000e+02 6.134446e+02 1.308551e+00
3.700000e+02 6.128595e+02 1.250405e+00
3.700000e+02 6.149178e+02 1.286635e+00
3.700000e+02 6.150141e+02 1.228629e+00
3.700000e+02 6.124076e+02 1.261333e+00
3.700000e+02 6.123590e+02 1.278841e+00
3.750000e+02 6.541818e+02 1.375413e+00
3.750000e+02 6.529590e+02 1.378673e+00
3.750000e+02 6.497094e+02 1.324265e+00
3.750000e+02 6.538670e+02 1.315004e+00
3.750000e+02 6.492758e+02 1.355308e+00
3.750000e+02 6.522472e+02 1.396356e+00
3.750000e+02 6.503902e+02 1.362379e+00
3.750000e+02 6.535753e+02 1.350156e+00
3.750000e+02 6.538709e+02 1.389400e+00
3.750000e+02 6.525989e+02 1.305853e+00
3.750000e+02 6.518667e+02 1.314361e+00
3.750000e+02 6.514853e+02 1.378304e+00
3.750000e+02 6.521729e+02 1.375799e+00
3.750000e+02 6.526258e+02 1.376050e+00
3.750000e+02 6.502929e+02 1.331691e+00
3.750000e+02 6.520617e+02 1.372272e+00
3.750000e+02 6.518403e+02 1.360724e+00
3.750000e+02 6.515727e+02 1.379937e+00
3.750000e+02 6.555764e+02 1.355932e+00
3.750000e+02 6.515055e+02 1.364554e+00
3.800000e+02 6.840769e+02 1.443731e+00
3.800000e+02 6.808540e+02 1.465933e+00
3.800000e+02 6.840396e+02 1.453338e+00
3.800000e+02 6.836716e+02 1.453220e+00
3.800000e+02 6.793825e+02 1.452671e+00
3.800000e+02 6.848044e+02 1.422924e+00
3.800000e+02 6.802241e+02 1.432753e+00
3.800000e+02 6.820209e+02 1.414071e+00
3.800000e+02 6.828437e+02 1.449865e+00
3.800000e+02 6.813180e+02 1.457370e+00
3.800000e+02 6.846059e+02 1.448837e+00
3.800000e+02 6.831636e+02 1.501619e+00
3.800000e+02 6.848487e+02 1.484373e+00
3.800000e+02 6.824059e+02 1.469527e+00
3.800000e+02 6.815636e+02 1.466812e+00
3.800000e+02 6.799168e+02 1.408476e+00
3.800000e+02 6.831414e+02 1.408920e+00
3.800000e+02 6.813994e+02 1.425032e+00
3.800000e+02 6.849728e+02 1.434907e+00
3.800000e+02 6.829881e+02 1.425774e+00
3.850000e+02 7.052659e+02 1.499329e+00
3.850000e+02 7.052493e+02 1.517831e+00
3.850000e+02 7.056373e+02 1.500002e+00
3.850000e+02 7.070916e+02 1.498246e+00
3.850000e+02 7.078464e+02 1.484722e+00
3.850000e+02 7.066796e+02 1.499850e+00
3.850000e+02 7.044158e+02 1.487601e+00
3.850000e+02 7.042552e+02 1.470051e+00
3.850000e+02 7.055172e+02 1.466209e+00
3.850000e+02 7.057446e+02 1.516351e+00
3.850000e+02 7.089443e+02 1.478911e+00
3.850000e+02 7.059764e+02 1.505106e+00
3.850000e+02 7.080610e+02 1.529621e+00
3.850000e+02 7.026809e+02 1.487561e+00
3.850000e+02 7.077159e+02 1.466556e+00
3.850000e+02 7.079975e+02 1.506136e+00
3.850000e+02 7.059519e+02 1.490764e+00
3.850000e+02 7.064124e+02 1.482893e+00
3.850000e+02 7.049098e+02 1.500437e+00
3.850000e+02 7.074764e+02 1.548399e+00
3.900000e+02 7.275468e+02 1.550999e+00
3.900000e+02 7.252812e+02 1.540219e+00
3.900000e+02 7.232246e+02 1.572074e+00
3.900000e+02 7.249496e+02 1.569637e+00
3.900000e+02 7.262334e+02 1.556911e+00
3.900000e+02 7.231180e+02 1.528453e+00
3.900000e+02 7.225244e+02 1.547225e+00
3.900000e+02 7.234377e+02 1.549576e+00
3.900000e+02 7.258431e+02 1.539538e+00
3.900000e+02 7.271985e+02 1.560507e+00
3.900000e+02 7.267068e+02 1.535519e+00
3.900000e+02 7.267229e+02 1.483598e+00
3.900000e+02 7.262886e+02 1.517436e+00
3.900000e+02 7.243943e+02 1.555922e+00
3.900000e+02 7.269210e+02 1.542532e+00
3.900000e+02 7.263760e+02 1.525163e+00
3.900000e+02 7.254156e+02 1.534235e+00
3.900000e+02 7.244919e+02 1.502425e+00
3.900000e+02 7.255500e+02 1.548675e+00
3.900000e+02 7.256204e+02 1.537183e+00
3.950000e+02 7.417495e+02 1.584544e+00
3.950000e+02 7.393754e+02 1.562077e+00
3.950000e+02 7.371454e+02 1.512716e+00
3.950000e+02 7.415761e+02 1.574046e+00
3.950000e+02 7.386402e+02 1.567886e+00
3.950000e+02 7.379062e+02 1.595044e+00
3.950000e+02 7.392182e+02 1.538205e+00
3.950000e+02 7.395877e+02 1.568590e+00
3.950000e+02 7.385127e+02 1.567069e+00
3.950000e+02 7.408081e+02 1.602952e+00
3.950000e+02 7.377099e+02 1.565742e+00
3.950000e+02 7.395507e+02 1.556475e+00
3.950000e+02 7.379504e+02 1.533036e+00
3.950000e+02 7.361931e+02 1.558845e+00
3.950000e+02 7.380117e+02 1.574829e+00
3.950000e+02 7.428500e+02 1.626798e+00
3.950000e+02 7.403201e+02 1.620885e+00
3.950000e+02 7.396292e+02 1.528724e+00
3.950000e+02 7.370248e+02 1.564692e+00
3.950000e+02 7.391248e+02 1.561634e+00
4.000000e+02 7.528919e+02 1.597751e+00
4.000000e+02 7.487617e+02 1.579603e+00
4.000000e+02 7.509535e+02 1.601447e+00
4.000000e+02 7.498466e+02 1.545840e+00
4.000000e+02 7.491832e+02 1.566058e+00
4.000000e+02 7.496992e+02 1.565035e+00
4.000000e+02 7.521177e+02 1.611197e+00
4.000000e+02 7.494426e+02 1.630549e+00
4.000000e+02 7.497275e+02 1.602417e+00
4.000000e+02 7.520020e+02 1.572558e+00
4.000000e+02 7.491969e+02 1.572420e+00
4.000000e+02 7.503710e+02 1.604754e+00
4.000000e+02 7.520945e+02 1.578695e+00
4.000000e+02 7.509399e+02 1.620032e+00
4.000000e+02 7.495755e+02 1.552771e+00
4.000000e+02 7.506951e+02 1.585185e+00
4.000000e+02 7.492868e+02 1.574752e+00
4.000000e+02 7.510872e+02 1.599657e+00
4.000000e+02 7.494922e+02 1.612333e+00
4.000000e+02 7.512167e+02 1.582993e+00
4.100000e+02 7.640183e+02 1.582473e+00
4.100000e+02 7.636073e+02 1.591079e+00
4.100000e+02 7.636034e+02 1.616333e+00
4.100000e+02 7.645772e+02 1.561693e+00
4.100000e+02 7.614709e+02 1.617637e+00
4.100000e+02 7.640138e+02 1.642691e+00
4.100000e+02 7.641759e+02 1.611886e+00
4.100000e+02 7.636283e+02 1.622502e+00
4.100000e+02 7.659305e+02 1.595233e+00
4.100000e+02 7.642031e+02 1.628377e+00
4.100000e+02 7.628927e+02 1.609696e+00
4.100000e+02 7.631899e+02 1.585957e+00
4.100000e+02 7.619697e+02 1.571708e+00
4.100000e+02 7.643610e+02 1.570253e+00
4.100000e+02 7.656816e+02 1.641484e+00
4.100000e+02 7.637742e+02 1.600547e+00
4.100000e+02 7.658136e+02 1.641287e+00
4.100000e+02 7.653850e+02 1.607226e+00
4.100000e+02 7.661283e+02 1.586947e+00
4.100000e+02 7.650672e+02 1.629398e+00
4.200000e+02 7.704918e+02 1.622673e+00
4.200000e+02 7.693575e+02 1.588100e+00
4.200000e+02 7.673401e+02 1.583651e+00
4.200000e+02 7.690814e+02 1.588532e+00
4.200000e+02 7.691791e+02 1.633203e+00
4.200000e+02 7.701120e+02 1.615136e+00
4.200000e+02 7.698340e+02 1.667344e+00
4.200000e+02 7.710468e+02 1.618310e+00
4.200000e+02 7.724874e+02 1.621168e+00
4.200000e+02 7.672908e+02 1.596646e+00
4.200000e+02 7.689255e+02 1.619719e+00
4.200000e+02 7.669073e+02 1.611065e+00
4.200000e+02 7.674715e+02 1.619882e+00
4.200000e+02 7.715199e+02 1.604505e+00
4.200000e+02 7.670149e+02 1.577333e+00
4.200000e+02 7.709686e+02 1.679221e+00
4.200000e+02 7.740174e+02 1.623578e+00
4.200000e+02 7.676700e+02 1.630225e+00
4.200000e+02 7.689004e+02 1.625174e+00
4.200000e+02 7.719049e+02 1.648395e+00
4.300000e+02 7.682698e+02 1.634285e+00
4.300000e+02 7.685610e+02 1.626583e+00
4.300000e+02 7.692554e+02 1.622328e+00
4.300000e+02 7.717466e+02 1.618521e+00
4.300000e+02 7.704585e+02 1.589517e+00
4.300000e+02 7.686218e+02 1.590029e+00
4.300000e+02 7.673288e+02 1.555949e+00
4.300000e+02 7.677390e+02 1.585860e+00
4.300000e+02 7.649655e+02 1.641676e+00
4.300000e+02 7.705326e+02 1.550940e+00
4.300000e+02 7.685981e+02 1.651421e+00
4.300000e+02 7.685578e+02 1.600026e+00
4.300000e+02 7.710576e+02 1.555827e+00
4.300000e+02 7.678709e+02 1.539622e+00
4.300000e+02 7.702091e+02 1.579829e+00
4.300000e+02 7.724284e+02 1.604841e+00
4.300000e+02 7.707883e+02 1.648946e+00
4.300000e+02 7.681025e+02 1.564375e+00
4.300000e+02 7.685668e+02 1.576002e+00
4.300000e+02 7.695820e+02 1.594870e+00
4.400000e+02 7.629621e+02 1.572765e+00
4.400000e+02 7.649937e+02 1.574599e+00
4.400000e+02 7.632608e+02 1.579686e+00
4.400000e+02 7.664484e+02 1.578497e+00
4.400000e+02 7.654570e+02 1.583860e+00
4.400000e+02 7.674991e+02 1.598636e+00
4.400000e+02 7.631287e+02 1.593864e+00
4.400000e+02 7.671492e+02 1.596701e+00
4.400000e+02 7.650050e+02 1.617127e+00
4.400000e+02 7.674952e+02 1.566113e+00
4.400000e+02 7.655632e+02 1.594145e+00
4.400000e+02 7.633447e+02 1.574175e+00
4.400000e+02 7.637143e+02 1.600517e+00
4.400000e+02 7.628204e+02 1.541560e+00
4.400000e+02 7.632842e+02 1.569004e+00
4.400000e+02 7.662237e+02 1.547276e+00
4.400000e+02 7.637781e+02 1.542819e+00
4.400000e+02 7.645505e+02 1.595530e+00
4.400000e+02 7.653262e+02 1.617650e+00
4.400000e+02 7.638471e+02 1.572272e+00
4.500000e+02 7.567614e+02 1.544150e+00
4.500000e+02 7.575016e+02 1.530443e+00
4.500000e+02 7.572184e+02 1.546008e+00
4.500000e+02 7.562331e+02 1.511892e+00
4.500000e+02 7.586265e+02 1.521207e+00
4.500000e+02 7.559530e+02 1.602019e+00
4.500000e+02 7.586007e+02 1.568556e+00
4.500000e+02 7.558068e+02 1.568931e+00
4.500000e+02 7.542429e+02 1.563786e+00
4.500000e+02 7.562230e+02 1.538192e+00
4.500000e+02 7.566207e+02 1.521772e+00
4.500000e+02 7.564354e+02 1.576607e+00
4.500000e+02 7.571047e+02 1.589860e+00
4.500000e+02 7.579652e+02 1.566522e+00
4.500000e+02 7.556687e+02 1.504807e+00
4.500000e+02 7.580041e+02 1.531653e+00
4.500000e+02 7.571584e+02 1.492202e+00
4.500000e+02 7.588384e+02 1.576786e+00
4.500000e+02 7.568941e+02 1.555063e+00
4.500000e+02 7.555959e+02 1.569052e+00
4.600000e+02 7.470911e+02 1.533467e+00
4.600000e+02 7.468387e+02 1.509391e+00
4.600000e+02 7.472256e+02 1.475522e+00
4.600000e+02 7.471713e+02 1.522237e+00
4.600000e+02 7.480381e+02 1.453930e+00
4.600000e+02 7.464422e+02 1.486862e+00
4.600000e+02 7.451472e+02 1.461261e+00
4.600000e+02 7.495369e+02 1.491866e+00
4.600000e+02 7.474261e+02 1.458545e+00
4.600000e+02 7.470341e+02 1.522099e+00
4.600000e+02 7.465817e+02 1.457744e+00
4.600000e+02 7.481781e+02 1.508211e+00
4.600000e+02 7.456713e+02 1.480728e+00
4.600000e+02 7.469810e+02 1.529857e+00
4.600000e+02 7.461385e+02 1.465594e+00
4.600000e+02 7.435375e+02 1.519717e+00
4.600000e+02 7.460893e+02 1.518142e+00
4.600000e+02 7.467901e+02 1.497534e+00
4.600000e+02 7.449849e+02 1.451252e+00
4.600000e+02 7.455347e+02 1.485836e+00
4.700000e+02 7.339246e+02 1.484833e+00
4.700000e+02 7.342478e+02 1.485531e+00
4.700000e+02 7.353863e+02 1.451958e+00
4.700000e+02 7.346400e+02 1.451132e+00
4.700000e+02 7.358078e+02 1.510271e+00
4.700000e+02 7.333461e+02 1.442916e+00
4.700000e+02 7.333827e+02 1.451837e+00
4.700000e+02 7.338750e+02 1.498756e+00
4.700000e+02 7.325028e+02 1.478327e+00
4.700000e+02 7.334278e+02 1.456037e+00
4.700000e+02 7.347524e+02 1.504331e+00
4.700000e+02 7.345766e+02 1.493180e+00
4.700000e+02 7.322871e+02 1.437462e+00
4.700000e+02 7.348742e+02 1.487505e+00
4.700000e+02 7.345913e+02 1.412203e+00
4.700000e+02 7.335407e+02 1.469198e+00
4.700000e+02 7.341828e+02 1.471108e+00
4.700000e+02 7.333360e+02 1.476173e+00
4.700000e+02 7.360090e+02 1.440881e+00
4.700000e+02 7.326745e+02 1.485943e+00
4.800000e+02 7.207055e+02 1.431529e+00
4.800000e+02 7.240234e+02 1.453990e+00
4.800000e+02 7.216384e+02 1.435731e+00
4.800000e+02 7.215293e+02 1.425142e+00
4.800000e+02 7.230653e+02 1.455191e+00
4.800000e+02 7.197221e+02 1.403301e+00
4.800000e+02 7.237055e+02 1.421863e+00
4.800000e+02 7.201065e+02 1.455155e+00
4.800000e+02 7.207145e+02 1.438293e+00
4.800000e+02 7.229088e+02 1.408992e+00
4.800000e+02 7.215488e+02 1.433810e+00
4.800000e+02 7.243455e+02 1.449767e+00
4.800000e+02 7.219726e+02 1.430299e+00
4.800000e+02 7.215305e+02 1.416594e+00
4.800000e+02 7.246595e+02 1.474687e+00
4.800000e+02 7.215510e+02 1.437138e+00
4.800000e+02 7.209202e+02 1.399146e+00
4.800000e+02 7.190678e+02 1.438747e+00
4.800000e+02 7.216626e+02 1.434423e+00
4.800000e+02 7.215059e+02 1.449731e+00
4.900000e+02 7.104738e+02 1.407148e+00
4.900000e+02 7.101291e+02 1.400352e+00
4.900000e+02 7.070502e+02 1.400809e+00
4.900000e+02 7.096209e+02 1.397518e+00
4.900000e+02 7.063918e+02 1.393078e+00
4.900000e+02 7.070594e+02 1.449237e+00
4.900000e+02 7.073732e+02 1.345260e+00
4.900000e+02 7.065205e+02 1.401362e+00
4.900000e+02 7.093464e+02 1.376233e+00
4.900000e+02 7.073190e+02 1.407370e+00
4.900000e+02 7.078834e+02 1.427835e+00
4.900000e+02 7.073684e+02 1.404321e+00
4.900000e+02 7.059753e+02 1.402704e+00
4.900000e+02 7.069940e+02 1.390494e+00
4.900000e+02 7.096817e+02 1.368470e+00
4.900000e+02 7.091751e+02 1.412467e+00
4.900000e+02 7.096339e+02 1.368350e+00
4.900000e+02 7.062848e+02 1.369331e+00
4.900000e+02 7.047103e+02 1.437376e+00
4.900000e+02 7.066745e+02 1.366331e+00
5.000000e+02 6.925919e+02 1.351061e+00
5.000000e+02 6.916235e+02 1.363450e+00
5.000000e+02 6.928752e+02 1.373938e+00
5.000000e+02 6.945015e+02 1.354218e+00
5.000000e+02 6.942506e+02 1.368006e+00
5.000000e+02 6.928736e+02 1.363552e+00
5.000000e+02 6.925461e+02 1.346911e+00
5.000000e+02 6.942173e+02 1.366491e+00
5.000000e+02 6.951178e+02 1.359040e+00
5.000000e+02 6.925862e+02 1.350030e+00
5.000000e+02 6.923323e+02 1.353003e+00
5.000000e+02 6.931777e+02 1.355825e+00
5.000000e+02 6.921493e+02 1.383473e+00
5.000000e+02 6.928663e+02 1.361189e+00
5.000000e+02 6.964517e+02 1.370070e+00
5.000000e+02 6.931568e+02 1.391151e+00
5.000000e+02 6.926106e+02 1.347936e+00
5.000000e+02 6.940852e+02 1.370449e+00
5.000000e+02 6.939994e+02 1.388315e+00
5.000000e+02 6.953382e+02 1.348601e+00
5.100000e+02 6.780248e+02 1.333102e+00
5.100000e+02 6.769365e+02 1.324423e+00
5.100000e+02 6.795019e+02 1.334808e+00
5.100000e+02 6.770300e+02 1.330440e+00
5.100000e+02 6.791774e+02 1.353382e+00
5.100000e+02 6.775249e+02 1.327508e+00
5.100000e+02 6.800712e+02 1.336891e+00
5.100000e+02 6.791507e+02 1.301184e+00
5.100000e+02 6.782140e+02 1.371308e+00
5.100000e+02 6.790831e+02 1.331254e+00
5.100000e+02 6.783622e+02 1.332389e+00
5.100000e+02 6.801584e+02 1.337839e+00
5.100000e+02 6.769259e+02 1.337427e+00
5.100000e+02 6.781861e+02 1.326400e+00
5.100000e+02 6.784933e+02 1.353009e+00
5.100000e+02 6.788426e+02 1.333302e+00
5.100000e+02 6.760512e+02 1.336652e+00
5.100000e+02 6.787968e+02 1.337441e+00
5.100000e+02 6.789352e+02 1.312632e+00
5.100000e+02 6.791237e+02 1.295459e+00
5.200000e+02 6.620392e+02 1.315173e+00
5.200000e+02 6.632542e+02 1.292482e+00
5.200000e+02 6.631093e+02 1.277521e+00
5.200000e+02 6.618536e+02 1.316028e+00
5.200000e+02 6.654438e+02 1.302859e+00
5.200000e+02 6.614518e+02 1.287568e+00
5.200000e+02 6.640698e+02 1.299661e+00
5.200000e+02 6.652818e+02 1.284290e+00
5.200000e+02 6.646908e+02 1.305210e+00
5.200000e+02 6.646275e+02 1.295058e+00
5.200000e+02 6.649453e+02 1.295556e+00
5.200000e+02 6.609546e+02 1.296465e+00
5.200000e+02 6.639648e+02 1.298439e+00
5.200000e+02 6.634039e+02 1.296997e+00
5.200000e+02 6.631261e+02 1.272261e+00
5.200000e+02 6.658947e+02 1.294240e+00
5.200000e+02 6.632713e+02 1.293241e+00
5.200000e+02 6.634520e+02 1.278292e+00
5.200000e+02 6.668809e+02 1.289025e+00
5.200000e+02 6.641137e+02 1.319904e+00
5.300000e+02 6.489896e+02 1.247054e+00
5.300000e+02 6.469386e+02 1.263979e+00
5.300000e+02 6.474938e+02 1.267014e+00
5.300000e+02 6.483786e+02 1.236096e+00
5.300000e+02 6.487947e+02 1.266406e+00
5.300000e+02 6.489099e+02 1.281661e+00
5.300000e+02 6.490100e+02 1.280317e+00
5.300000e+02 6.460290e+02 1.255563e+00
5.300000e+02 6.477290e+02 1.247938e+00
5.300000e+02 6.486690e+02 1.273282e+00
5.300000e+02 6.501428e+02 1.257962e+00
5.300000e+02 6.485894e+02 1.260486e+00
5.300000e+02 6.484638e+02 1.257593e+00
5.300000e+02 6.468085e+02 1.300199e+00
5.300000e+02 6.468492e+02 1.276658e+00
5.300000e+02 6.504924e+02 1.262961e+00
5.300000e+02 6.485175e+02 1.274615e+00
5.300000e+02 6.496101e+02 1.251843e+00
5.300000e+02 6.466865e+02 1.255413e+00
5.300000e+02 6.485697e+02 1.252949e+00
5.400000e+02 6.319025e+02 1.211691e+00
5.400000e+02 6.338701e+02 1.228467e+00
5.400000e+02 6.353363e+02 1.228780e+00
5.400000e+02 6.342014e+02 1.246650e+00
5.400000e+02 6.333639e+02 1.218125e+00
5.400000e+02 6.358908e+02 1.190931e+00
5.400000e+02 6.334595e+02 1.234195e+00
5.400000e+02 6.341302e+02 1.211153e+00
5.400000e+02 6.323003e+02 1.209897e+00
5.400000e+02 6.327767e+02 1.218857e+00
5.400000e+02 6.331562e+02 1.209641e+00
5.400000e+02 6.323640e+02 1.221673e+00
5.400000e+02 6.339700e+02 1.235238e+00
5.400000e+02 6.354089e+02 1.215095e+00
5.400000e+02 6.338437e+02 1.192370e+00
5.400000e+02 6.346461e+02 1.223119e+00
5.400000e+02 6.350613e+02 1.239429e+00
5.400000e+02 6.341610e+02 1.211014e+00
5.400000e+02 6.365054e+02 1.224888e+00
5.400000e+02 6.347576e+02 1.232558e+00
5.500000e+02 6.185021e+02 1.193594e+00
5.500000e+02 6.215537e+02 1.221435e+00
5.500000e+02 6.208725e+02 1.175940e+00
5.500000e+02 6.190828e+02 1.197592e+00
5.500000e+02 6.175436e+02 1.172304e+00
5.500000e+02 6.179646e+02 1.163370e+00
5.500000e+02 6.191503e+02 1.171708e+00
5.500000e+02 6.187580e+02 1.201473e+00
5.500000e+02 6.190623e+02 1.180998e+00
5.500000e+02 6.217536e+02 1.178701e+00
5.500000e+02 6.200802e+02 1.192451e+00
5.500000e+02 6.198410e+02 1.187571e+00
5.500000e+02 6.186476e+02 1.181774e+00
5.500000e+02 6.195892e+02 1.192806e+00
5.500000e+02 6.219271e+02 1.186605e+00
5.500000e+02 6.191282e+02 1.170336e+00
5.500000e+02 6.206770e+02 1.186823e+00
5.500000e+02 6.198058e+02 1.169972e+00
5.500000e+02 6.193482e+02 1.182516e+00
5.500000e+02 6.184731e+02 1.202835e+00
5.600000e+02 6.052123e+02 1.178940e+00
5.600000e+02 6.050370e+02 1.137261e+00
5.600000e+02 6.061740e+02 1.159241e+00
5.600000e+02 6.067362e+02 1.136749e+00
5.600000e+02 6.044841e+02 1.118846e+00
5.600000e+02 6.026628e+02 1.145085e+00
5.600000e+02 6.060059e+02 1.166723e+00
5.600000e+02 6.047580e+02 1.152574e+00
5.600000e+02 6.078561e+02 1.116111e+00
5.600000e+02 6.066768e+02 1.169171e+00
5.600000e+02 6.060515e+02 1.127736e+00
5.600000e+02 6.061808e+02 1.137873e+00
5.600000e+02 6.039438e+02 1.171813e+00
5.600000e+02 6.051484e+02 1.154047e+00
5.600000e+02 6.036807e+02 1.136673e+00
5.600000e+02 6.057637e+02 1.143380e+00
5.600000e+02 6.060181e+02 1.143576e+00
5.600000e+02 6.067451e+02 1.153988e+00
5.600000e+02 6.038136e+02 1.169800e+00
5.600000e+02 6.046531e+02 1.158207e+00
5.700000e+02 5.906880e+02 1.104528e+00
5.700000e+02 5.890492e+02 1.121953e+00
5.700000e+02 5.913294e+02 1.101225e+00
5.700000e+02 5.927333e+02 1.078695e+00
5.700000e+02 5.917852e+02 1.145531e+00
5.700000e+02 5.910872e+02 1.099500e+00
5.700000e+02 5.916930e+02 1.115396e+00
5.700000e+02 5.891098e+02 1.109447e+00
5.700000e+02 5.925366e+02 1.112090e+00
5.700000e+02 5.921724e+02 1.132528e+00
5.700000e+02 5.907175e+02 1.108660e+00
5.700000e+02 5.901757e+02 1.119976e+00
5.700000e+02 5.926680e+02 1.114786e+00
5.700000e+02 5.922906e+02 1.135763e+00
5.700000e+02 5.902979e+02 1.110033e+00
5.700000e+02 5.918560e+02 1.088005e+00
5.700000e+02 5.908648e+02 1.127840e+00
5.700000e+02 5.910229e+02 1.137371e+00
5.700000e+02 5.915464e+02 1.129093e+00
5.700000e+02 5.888520e+02 1.142570e+00
5.800000e+02 5.759328e+02 1.091669e+00
5.800000e+02 5.779423e+02 1.065132e+00
5.800000e+02 5.765124e+02 1.080090e+00
5.800000e+02 5.777000e+02 1.066945e+00
5.800000e+02 5.782996e+02 1.088436e+00
5.800000e+02 5.767648e+02 1.068628e+00
5.800000e+02 5.766774e+02 1.059566e+00
5.800000e+02 5.787597e+02 1.066764e+00
5.800000e+02 5.765260e+02 1.089006e+00
5.800000e+02 5.769678e+02 1.086673e+00
5.800000e+02 5.778831e+02 1.069639e+00
5.800000e+02 5.759677e+02 1.089420e+00
5.800000e+02 5.781956e+02 1.090538e+00
5.800000e+02 5.772949e+02 1.090983e+00
5.800000e+02 5.767414e+02 1.043157e+00
5.800000e+02 5.785058e+02 1.096422e+00
5.800000e+02 5.759361e+02 1.061654e+00
5.800000e+02 5.788203e+02 1.097129e+00
5.800000e+02 5.767349e+02 1.087547e+00
5.800000e+02 5.785922e+02 1.093120e+00
5.900000e+02 5.648455e+02 1.048525e+00
5.900000e+02 5.625564e+02 1.043965e+00
5.900000e+02 5.629558e+02 1.066128e+00
5.900000e+02 5.624805e+02 1.075053e+00
5.900000e+02 5.647610e+02 1.053066e+00
5.900000e+02 5.634245e+02 1.067499e+00
5.900000e+02 5.653182e+02 1.049135e+00
5.900000e+02 5.644487e+02 1.036502e+00
5.900000e+02 5.629352e+02 1.052821e+00
5.900000e+02 5.647091e+02 1.036611e+00
5.900000e+02 5.654874e+02 1.049341e+00
5.900000e+02 5.644410e+02 1.056020e+00
5.900000e+02 5.631359e+02 1.043292e+00
5.900000e+02 5.650511e+02 1.076745e+00
5.900000e+02 5.624629e+02 1.050562e+00
5.900000e+02 5.637152e+02 1.058095e+00
5.900000e+02 5.638560e+02 1.057606e+00
5.900000e+02 5.633494e+02 1.045498e+00
5.900000e+02 5.647547e+02 1.054931e+00
5.900000e+02 5.646812e+02 1.063982e+00
6.000000e+02 5.503224e+02 1.029627e+00
6.000000e+02 5.509364e+02 1.032810e+00
6.000000e+02 5.507962e+02 1.035809e+00
6.000000e+02 5.498642e+02 1.039866e+00
6.000000e+02 5.509604e+02 1.020267e+00
6.000000e+02 5.495416e+02 1.032098e+00
6.000000e+02 5.496784e+02 1.017370e+00
6.000000e+02 5.515397e+02 1.021163e+00
6.000000e+02 5.494917e+02 1.065140e+00
6.000000e+02 5.503131e+02 1.023383e+00
6.000000e+02 5.526142e+02 1.010086e+00
6.000000e+02 5.517048e+02 1.043346e+00
6.000000e+02 5.527667e+02 1.005789e+00
6.000000e+02 5.512301e+02 1.013743e+00
6.000000e+02 5.508945e+02 1.008290e+00
6.000000e+02 5.511515e+02 1.002913e+00
6.000000e+02 5.506671e+02 1.034828e+00
6.000000e+02 5.495804e+02 9.904618e-01
6.000000e+02 5.502797e+02 1.040676e+00
6.000000e+02 5.519892e+02 1.023775e+00
6.100000e+02 5.380663e+02 1.007168e+00
6.100000e+02 5.382728e+02 1.002247e+00
6.100000e+02 5.377728e+02 1.013663e+00
6.100000e+02 5.366624e+02 1.001353e+00
6.100000e+02 5.390390e+02 1.005575e+00
6.100000e+02 5.372889e+02 9.848860e-01
6.100000e+02 5.385774e+02 1.022361e+00
6.100000e+02 5.382357e+02 1.002850e+00
6.100000e+02 5.380974e+02 1.018226e+00
6.100000e+02 5.383880e+02 1.008512e+00
6.100000e+02 5.360724e+02 1.015927e+00
6.100000e+02 5.376280e+02 1.000452e+00
6.100000e+02 5.394080e+02 1.017138e+00
6.100000e+02 5.392575e+02 1.005802e+00
6.100000e+02 5.366656e+02 9.727615e-01
6.100000e+02 5.384057e+02 9.818414e-01
6.100000e+02 5.381150e+02 1.013084e+00
6.100000e+02 5.378906e+02 1.009221e+00
6.100000e+02 5.390406e+02 1.006081e+00
6.100000e+02 5.354446e+02 9.829912e-01
6.200000e+02 5.241249e+02 9.848536e-01
6.200000e+02 5.249011e+02 9.835184e-01
6.200000e+02 5.259578e+02 9.748601e-01
6.200000e+02 5.256205e+02 9.786157e-01
6.200000e+02 5.265116e+02 9.912770e-01
6.200000e+02 5.250422e+02 9.675681e-01
6.200000e+02 5.261004e+02 9.617228e-01
6.200000e+02 5.250450e+02 9.755199e-01
6.200000e+02 5.265689e+02 9.813388e-01
6.200000e+02 5.238832e+02 9.363677e-01
6.200000e+02 5.241823e+02 9.679358e-01
6.200000e+02 5.241608e+02 9.671896e-01
6.200000e+02 5.258214e+02 9.622791e-01
6.200000e+02 5.274585e+02 9.555475e-01
6.200000e+02 5.256202e+02 9.600010e-01
6.200000e+02 5.247533e+02 9.613324e-01
6.200000e+02 5.253248e+02 9.759986e-01
6.200000e+02 5.251924e+02 9.634516e-01
6.200000e+02 5.247949e+02 9.624104e-01
6.200000e+02 5.254087e+02 9.559920e-01
6.300000e+02 5.132768e+02 9.502880e-01
6.300000e+02 5.136345e+02 9.423863e-01
6.300000e+02 5.131735e+02 9.432881e-01
6.300000e+02 5.148957e+02 9.434379e-01
6.300000e+02 5.115353e+02 9.393274e-01
6.300000e+02 5.123001e+02 9.508160e-01
6.300000e+02 5.129007e+02 9.349700e-01
6.300000e+02 5.122498e+02 9.323117e-01
6.300000e+02 5.128921e+02 9.415942e-01
6.300000e+02 5.123397e+02 9.226835e-01
6.300000e+02 5.146915e+02 9.526570e-01
6.300000e+02 5.133677e+02 9.602923e-01
6.300000e+02 5.135043e+02 9.627222e-01
6.300000e+02 5.142578e+02 9.523105e-01
6.300000e+02 5.133020e+02 9.365941e-01
6.300000e+02 5.145397e+02 9.333266e-01
6.300000e+02 5.132202e+02 9.422861e-01
6.300000e+02 5.124784e+02 9.491276e-01
6.300000e+02 5.140752e+02 9.498430e-01
6.300000e+02 5.120307e+02 9.435902e-01
6.400000e+02 5.008865e+02 9.265086e-01
6.400000e+02 5.021459e+02 9.067819e-01
6.400000e+02 5.013839e+02 9.219699e-01
6.400000e+02 5.032013e+02 9.078778e-01
6.400000e+02 5.014180e+02 9.146137e-01
6.400000e+02 4.995600e+02 9.396345e-01
6.400000e+02 5.022694e+02 9.281626e-01
6.400000e+02 5.004294e+02 9.251328e-01
6.400000e+02 5.003677e+02 9.197832e-01
6.400000e+02 5.007660e+02 9.556101e-01
6.400000e+02 5.023322e+02 9.443505e-01
6.400000e+02 4.999732e+02 9.291329e-01
6.400000e+02 4.997713e+02 9.364088e-01
6.400000e+02 4.995760e+02 9.227095e-01
6.400000e+02 5.007931e+02 9.212437e-01
6.400000e+02 5.016265e+02 1.004507e+00
6.400000e+02 5.018158e+02 9.194050e-01
6.400000e+02 5.004099e+02 9.093367e-01
6.400000e+02 5.021607e+02 9.248305e-01
6.400000e+02 4.999900e+02 9.085000e-01
6.500000e+02 4.900844e+02 9.096098e-01
6.500000e+02 4.902037e+02 8.984265e-01
6.500000e+02 4.900189e+02 8.941732e-01
6.500000e+02 4.896721e+02 8.892843e-01
6.500000e+02 4.900135e+02 9.060571e-01
6.500000e+02 4.917826e+02 8.815272e-01
6.500000e+02 4.895479e+02 8.978259e-01
6.500000e+02 4.901249e+02 9.099690e-01
6.500000e+02 4.889895e+02 8.928864e-01
6.500000e+02 4.893148e+02 8.833679e-01
6.500000e+02 4.917049e+02 9.020333e-01
6.500000e+02 4.898250e+02 9.026635e-01
6.500000e+02 4.911520e+02 8.934634e-01
6.500000e+02 4.896067e+02 8.981344e-01
6.500000e+02 4.902913e+02 9.023697e-01
6.500000e+02 4.916355e+02 8.965373e-01
6.500000e+02 4.898577e+02 8.937876e-01
6.500000e+02 4.903597e+02 8.951928e-01
6.500000e+02 4.903695e+02 9.034197e-01
6.500000e+02 4.889822e+02 8.966047e-01
6.600000e+02 4.808102e+02 8.967697e-01
6.600000e+02 4.804450e+02 8.731480e-01
6.600000e+02 4.786785e+02 8.673775e-01
6.600000e+02 4.783851e+02 8.852803e-01
6.600000e+02 4.781633e+02 8.850781e-01
6.600000e+02 4.796827e+02 8.798081e-01
6.600000e+02 4.783394e+02 8.616846e-01
6.600000e+02 4.786363e+02 8.648413e-01
6.600000e+02 4.790579e+02 8.915543e-01
6.600000e+02 4.792481e+02 8.593233e-01
6.600000e+02 4.788433e+02 8.934460e-01
6.600000e+02 4.800806e+02 8.903855e-01
6.600000e+02 4.789798e+02 8.734100e-01
6.600000e+02 4.801891e+02 8.809979e-01
6.600000e+02 4.792012e+02 8.666829e-01
6.600000e+02 4.780567e+02 8.599809e-01
6.600000e+02 4.790813e+02 8.876265e-01
6.600000e+02 4.791056e+02 8.757531e-01
6.600000e+02 4.786604e+02 8.877475e-01
6.600000e+02 4.791612e+02 8.671147e-01
6.700000e+02 4.687718e+02 8.522243e-01
6.700000e+02 4.681871e+02 8.394651e-01
6.700000e+02 4.673504e+02 8.493299e-01
6.700000e+02 4.673050e+02 8.391158e-01
6.700000e+02 4.681641e+02 8.585415e-01
6.700000e+02 4.679515e+02 8.512633e-01
6.700000e+02 4.694130e+02 8.736271e-01
6.700000e+02 4.674813e+02 9.063574e-01
6.700000e+02 4.696239e+02 8.520598e-01
6.700000e+02 4.681320e+02 8.669021e-01
6.700000e+02 4.690429e+02 8.560397e-01
6.700000e+02 4.679289e+02 8.486862e-01
6.700000e+02 4.662677e+02 8.677352e-01
6.700000e+02 4.682422e+02 8.701017e-01
6.700000e+02 4.664926e+02 8.742822e-01
6.700000e+02 4.683168e+02 8.377477e-01
6.700000e+02 4.693458e+02 8.458795e-01
6.700000e+02 4.675393e+02 8.586169e-01
6.700000e+02 4.664719e+02 8.601617e-01
6.700000e+02 4.689814e+02 8.551420e-01
6.800000e+02 4.570974e+02 8.181526e-01
6.800000e+02 4.559034e+02 8.506530e-01
6.800000e+02 4.564837e+02 8.387697e-01
6.800000e+02 4.576803e+02 8.495071e-01
6.800000e+02 4.578933e+02 8.263999e-01
6.800000e+02 4.566533e+02 8.325577e-01
6.800000e+02 4.576418e+02 8.547942e-01
6.800000e+02 4.590566e+02 8.383431e-01
6.800000e+02 4.576648e+02 8.209800e-01
6.800000e+02 4.591177e+02 8.328099e-01
6.800000e+02 4.583403e+02 8.266383e-01
6.800000e+02 4.582989e+02 8.526118e-01
6.800000e+02 4.584437e+02 8.320212e-01
6.800000e+02 4.574026e+02 8.305723e-01
6.800000e+02 4.570808e+02 8.376218e-01
6.800000e+02 4.577998e+02 8.253775e-01
6.800000e+02 4.585655e+02 8.310122e-01
6.800000e+02 4.582382e+02 8.293030e-01
6.800000e+02 4.588723e+02 8.659875e-01
6.800000e+02 4.567479e+02 8.303230e-01
6.900000e+02 4.480208e+02 8.287337e-01
6.900000e+02 4.471875e+02 8.342171e-01
6.900000e+02 4.467516e+02 8.022427e-01
6.900000e+02 4.468966e+02 8.110207e-01
6.900000e+02 4.479460e+02 8.265136e-01
6.900000e+02 4.482152e+02 8.514519e-01
6.900000e+02 4.476292e+02 8.262226e-01
6.900000e+02 4.474506e+02 8.223795e-01
6.900000e+02 4.473000e+02 8.127708e-01
6.900000e+02 4.479940e+02 8.246190e-01
6.900000e+02 4.471979e+02 8.253813e-01
6.900000e+02 4.480962e+02 8.084831e-01
6.900000e+02 4.491800e+02 8.352428e-01
6.900000e+02 4.492870e+02 8.027777e-01
6.900000e+02 4.464789e+02 8.109466e-01
6.900000e+02 4.478907e+02 8.235670e-01
6.900000e+02 4.494249e+02 8.191378e-01
6.900000e+02 4.478794e+02 8.149252e-01
6.900000e+02 4.475576e+02 8.115411e-01
6.900000e+02 4.477992e+02 8.335200e-01
7.000000e+02 4.377176e+02 7.896715e-01
7.000000e+02 4.384108e+02 7.976433e-01
7.000000e+02 4.380097e+02 7.959645e-01
7.000000e+02 4.378562e+02 8.203680e-01
7.000000e+02 4.374983e+02 7.894947e-01
7.000000e+02 4.382053e+02 8.231639e-01
7.000000e+02 4.370094e+02 8.241896e-01
7.000000e+02 4.366947e+02 8.014170e-01
7.000000e+02 4.372198e+02 7.869352e-01
7.000000e+02 4.391227e+02 7.955134e-01
7.000000e+02 4.361568e+02 7.991638e-01
7.000000e+02 4.374106e+02 7.995256e-01
7.000000e+02 4.387331e+02 8.011978e-01
7.000000e+02 4.384919e+02 8.004066e-01
7.000000e+02 4.377525e+02 7.961804e-01
7.000000e+02 4.383387e+02 7.984971e-01
7.000000e+02 4.370655e+02 7.827374e-01
7.000000e+02 4.380967e+02 7.933394e-01
7.000000e+02 4.373645e+02 7.937601e-01
7.000000e+02 4.376779e+02 7.901971e-01
7.500000e+02 3.919255e+02 7.084668e-01
7.500000e+02 3.931809e+02 7.047696e-01
7.500000e+02 3.931620e+02 6.846942e-01
7.500000e+02 3.918203e+02 6.961790e-01
7.500000e+02 3.939411e+02 7.000241e-01
7.500000e+02 3.937594e+02 6.773375e-01
7.500000e+02 3.931239e+02 6.939729e-01
7.500000e+02 3.933066e+02 6.947410e-01
7.500000e+02 3.934734e+02 7.142418e-01
7.500000e+02 3.927008e+02 6.816500e-01
7.500000e+02 3.913721e+02 7.117106e-01
7.500000e+02 3.932979e+02 7.134085e-01
7.500000e+02 3.924869e+02 6.893887e-01
7.500000e+02 3.921107e+02 6.947123e-01
7.500000e+02 3.925104e+02 7.092812e-01
7.500000e+02 3.932709e+02 7.164476e-01
7.500000e+02 3.927837e+02 7.278752e-01
7.500000e+02 3.934753e+02 6.923932e-01
7.500000e+02 3.922718e+02 6.943579e-01
7.500000e+02 3.936684e+02 7.190205e-01
8.000000e+02 3.555313e+02 6.215583e-01
8.000000e+02 3.549621e+02 6.119413e-01
8.000000e+02 3.549011e+02 6.260091e-01
8.000000e+02 3.548177e+02 6.215593e-01
8.000000e+02 3.555201e+02 6.297111e-01
8.000000e+02 3.556152e+02 6.401925e-01
8.000000e+02 3.546379e+02 6.234344e-01
8.000000e+02 3.552916e+02 6.336949e-01
8.000000e+02 3.549483e+02 6.064806e-01
8.000000e+02 3.543157e+02 6.118769e-01
8.000000e+02 3.551852e+02 6.313217e-01
8.000000e+02 3.542200e+02 6.310708e-01
8.000000e+02 3.558220e+02 6.114626e-01
8.000000e+02 3.546315e+02 6.094443e-01
8.000000e+02 3.551495e+02 6.185585e-01
8.000000e+02 3.556301e+02 5.974896e-01
8.000000e+02 3.540778e+02 6.233500e-01
8.000000e+02 3.550874e+02 6.241650e-01
8.000000e+02 3.542061e+02 6.169226e-01
8.000000e+02 3.540804e+02 6.211810e-01
8.500000e+02 3.220898e+02 5.394165e-01
8.500000e+02 3.219313e+02 5.583380e-01
8.500000e+02 3.223834e+02 5.555732e-01
8.500000e+02 3.229189e+02 5.728944e-01
8.500000e+02 3.204903e+02 5.738232e-01
8.500000e+02 3.229017e+02 5.523872e-01
8.500000e+02 3.220820e+02 5.615826e-01
8.500000e+02 3.219257e+02 5.622129e-01
8.500000e+02 3.217023e+02 5.297111e-01
8.500000e+02 3.228422e+02 5.546401e-01
8.500000e+02 3.219225e+02 5.599309e-01
8.500000e+02 3.223490e+02 5.600381e-01
8.500000e+02 3.218842e+02 5.514701e-01
8.500000e+02 3.219367e+02 5.441637e-01
8.500000e+02 3.217868e+02 5.399305e-01
8.500000e+02 3.223749e+02 5.526974e-01
8.500000e+02 3.210345e+02 5.382102e-01
8.500000e+02 3.214731e+02 5.505697e-01
8.500000e+02 3.221560e+02 5.603621e-01
8.500000e+02 3.228353e+02 5.391937e-01
9.000000e+02 2.932158e+02 4.914280e-01
9.000000e+02 2.936487e+02 4.908608e-01
9.000000e+02 2.935144e+02 4.960950e-01
9.000000e+02 2.941761e+02 5.156143e-01
9.000000e+02 2.929322e+02 4.992066e-01
9.000000e+02 2.937618e+02 5.322333e-01
9.000000e+02 2.926975e+02 5.115227e-01
9.000000e+02 2.941103e+02 4.931347e-01
9.000000e+02 2.946450e+02 4.941736e-01
9.000000e+02 2.938871e+02 5.331055e-01
9.000000e+02 2.930509e+02 4.954831e-01
9.000000e+02 2.940403e+02 5.051711e-01
9.000000e+02 2.940531e+02 4.911134e-01
9.000000e+02 2.929837e+02 5.184625e-01
9.000000e+02 2.937267e+02 5.051093e-01
9.000000e+02 2.938408e+02 4.903378e-01
9.000000e+02 2.942913e+02 4.847681e-01
9.000000e+02 2.947920e+02 5.017155e-01
9.000000e+02 2.937158e+02 4.967221e-01
9.000000e+02 2.937078e+02 5.241958e-01
9.500000e+02 2.695492e+02 4.561616e-01
9.500000e+02 2.693436e+02 4.550699e-01
9.500000e+02 2.687453e+02 4.664369e-01
9.500000e+02 2.694518e+02 4.478263e-01
9.500000e+02 2.688423e+02 4.784675e-01
9.500000e+02 2.680930e+02 4.895102e-01
9.500000e+02 2.694168e+02 4.553876e-01
9.500000e+02 2.683284e+02 4.418561e-01
9.500000e+02 2.678773e+02 4.534550e-01
9.500000e+02 2.687677e+02 4.642873e-01
9.500000e+02 2.693555e+02 4.542670e-01
9.500000e+02 2.690129e+02 4.631141e-01
9.500000e+02 2.684847e+02 4.680421e-01
9.500000e+02 2.688996e+02 4.621066e-01
9.500000e+02 2.687340e+02 4.506851e-01
9.500000e+02 2.692580e+02 4.529157e-01
9.500000e+02 2.693008e+02 4.576132e-01
9.500000e+02 2.680775e+02 4.674131e-01
9.500000e+02 2.691527e+02 4.641785e-01
9.500000e+02 2.693659e+02 4.658301e-01
