1.000000e+03 2.473076e+02 4.051346e-01
1.000000e+03 2.477474e+02 4.272061e-01
1.000000e+03 2.478973e+02 4.167442e-01
1.000000e+03 2.473308e+02 4.007585e-01
1.000000e+03 2.471733e+02 4.211678e-01
1.000000e+03 2.482113e+02 4.037495e-01
1.000000e+03 2.482626e+02 4.175267e-01
1.000000e+03 2.473172e+02 4.154201e-01
1.000000e+03 2.475553e+02 4.024333e-01
1.000000e+03 2.470138e+02 4.307217e-01
1.000000e+03 2.476179e+02 4.385350e-01
1.000000e+03 2.477163e+02 4.046795e-01
1.000000e+03 2.469418e+02 4.154074e-01
1.000000e+03 2.481927e+02 4.142858e-01
1.000000e+03 2.474940e+02 4.285402e-01
1.000000e+03 2.477125e+02 4.139307e-01
1.000000e+03 2.475790e+02 4.147725e-01
1.000000e+03 2.474337e+02 4.201759e-01
1.000000e+03 2.476234e+02 4.133990e-01
1.000000e+03 2.476331e+02 4.026553e-01
1.050000e+03 2.289178e+02 3.791624e-01
1.050000e+03 2.287918e+02 3.820513e-01
1.050000e+03 2.289841e+02 3.935805e-01
1.050000e+03 2.280447e+02 3.768367e-01
1.050000e+03 2.288227e+02 4.005763e-01
1.050000e+03 2.295215e+02 3.770527e-01
1.050000e+03 2.286746e+02 3.954043e-01
1.050000e+03 2.285221e+02 3.753126e-01
1.050000e+03 2.282362e+02 4.035114e-01
1.050000e+03 2.284911e+02 3.805251e-01
1.050000e+03 2.290637e+02 3.779539e-01
1.050000e+03 2.290100e+02 3.839478e-01
1.050000e+03 2.284604e+02 3.838459e-01
1.050000e+03 2.286747e+02 3.859129e-01
1.050000e+03 2.283936e+02 3.878661e-01
1.050000e+03 2.285528e+02 3.863557e-01
1.050000e+03 2.283300e+02 3.734732e-01
1.050000e+03 2.290780e+02 3.980497e-01
1.050000e+03 2.288038e+02 3.778709e-01
1.050000e+03 2.288933e+02 3.868660e-01
1.100000e+03 2.118059e+02 3.514334e-01
1.100000e+03 2.116286e+02 3.688989e-01
1.100000e+03 2.117790e+02 3.429696e-01
1.100000e+03 2.124474e+02 3.710583e-01
1.100000e+03 2.117334e+02 3.484834e-01
1.100000e+03 2.119589e+02 3.676971e-01
1.100000e+03 2.116458e+02 3.493758e-01
1.100000e+03 2.120098e+02 3.424715e-01
1.100000e+03 2.115979e+02 3.741693e-01
1.100000e+03 2.117309e+02 3.493862e-01
1.100000e+03 2.126595e+02 3.744577e-01
1.100000e+03 2.115936e+02 3.517312e-01
1.100000e+03 2.117629e+02 3.646120e-01
1.100000e+03 2.116346e+02 3.502503e-01
1.100000e+03 2.119466e+02 3.571755e-01
1.100000e+03 2.118160e+02 3.778438e-01
1.100000e+03 2.111805e+02 3.702788e-01
1.100000e+03 2.116770e+02 3.560996e-01
1.100000e+03 2.119489e+02 3.467433e-01
1.100000e+03 2.115226e+02 3.677427e-01
1.150000e+03 1.969629e+02 3.233904e-01
1.150000e+03 1.968773e+02 3.279373e-01
1.150000e+03 1.972869e+02 3.340666e-01
1.150000e+03 1.974675e+02 3.263281e-01
1.150000e+03 1.977443e+02 3.416023e-01
1.150000e+03 1.965911e+02 3.389395e-01
1.150000e+03 1.969573e+02 3.421185e-01
1.150000e+03 1.966114e+02 3.321755e-01
1.150000e+03 1.973809e+02 3.467621e-01
1.150000e+03 1.968425e+02 3.214979e-01
1.150000e+03 1.972066e+02 3.400781e-01
1.150000e+03 1.969281e+02 3.359334e-01
1.150000e+03 1.963664e+02 3.220907e-01
1.150000e+03 1.963801e+02 3.310010e-01
1.150000e+03 1.973151e+02 3.389999e-01
1.150000e+03 1.970341e+02 3.349083e-01
1.150000e+03 1.967637e+02 3.331423e-01
1.150000e+03 1.964822e+02 3.263074e-01
1.150000e+03 1.970212e+02 3.404555e-01
1.150000e+03 1.970890e+02 3.358563e-01
1.200000e+03 1.842644e+02 3.137537e-01
1.200000e+03 1.834777e+02 3.097756e-01
1.200000e+03 1.834690e+02 3.040194e-01
1.200000e+03 1.839065e+02 3.179617e-01
1.200000e+03 1.842674e+02 3.011746e-01
1.200000e+03 1.832061e+02 3.184966e-01
1.200000e+03 1.842734e+02 3.156769e-01
1.200000e+03 1.837295e+02 3.043192e-01
1.200000e+03 1.845818e+02 3.213442e-01
1.200000e+03 1.834340e+02 3.084485e-01
1.200000e+03 1.843738e+02 3.272586e-01
1.200000e+03 1.838274e+02 3.019410e-01
1.200000e+03 1.836762e+02 3.024716e-01
1.200000e+03 1.841830e+02 3.174219e-01
1.200000e+03 1.840743e+02 3.186382e-01
1.200000e+03 1.842316e+02 3.055893e-01
1.200000e+03 1.840222e+02 3.007413e-01
1.200000e+03 1.837140e+02 3.052650e-01
1.200000e+03 1.838045e+02 3.083356e-01
1.200000e+03 1.841486e+02 3.302193e-01
1.250000e+03 1.718011e+02 2.819674e-01
1.250000e+03 1.719403e+02 2.905333e-01
1.250000e+03 1.719826e+02 2.881958e-01
1.250000e+03 1.718875e+02 2.833725e-01
1.250000e+03 1.718989e+02 2.708498e-01
1.250000e+03 1.715671e+02 3.012267e-01
1.250000e+03 1.718130e+02 3.039608e-01
1.250000e+03 1.716973e+02 2.895407e-01
1.250000e+03 1.718833e+02 2.976700e-01
1.250000e+03 1.721680e+02 2.792521e-01
1.250000e+03 1.715316e+02 3.013432e-01
1.250000e+03 1.719162e+02 2.820888e-01
1.250000e+03 1.716532e+02 2.939356e-01
1.250000e+03 1.721142e+02 2.982825e-01
1.250000e+03 1.720266e+02 2.689053e-01
1.250000e+03 1.719383e+02 3.011909e-01
1.250000e+03 1.719083e+02 3.034446e-01
1.250000e+03 1.716338e+02 2.974803e-01
1.250000e+03 1.718752e+02 2.890492e-01
1.250000e+03 1.717602e+02 3.010317e-01
1.300000e+03 1.610773e+02 2.767540e-01
1.300000e+03 1.611272e+02 2.647680e-01
1.300000e+03 1.617692e+02 2.817578e-01
1.300000e+03 1.608986e+02 2.721957e-01
1.300000e+03 1.609247e+02 2.839836e-01
1.300000e+03 1.613619e+02 2.640208e-01
1.300000e+03 1.609010e+02 2.685503e-01
1.300000e+03 1.611467e+02 2.755719e-01
1.300000e+03 1.612357e+02 2.617207e-01
1.300000e+03 1.611696e+02 2.737381e-01
1.300000e+03 1.610381e+02 2.855846e-01
1.300000e+03 1.611124e+02 2.787525e-01
1.300000e+03 1.612170e+02 2.786367e-01
1.300000e+03 1.608688e+02 2.714621e-01
1.300000e+03 1.612678e+02 2.761147e-01
1.300000e+03 1.610754e+02 2.615442e-01
1.300000e+03 1.612006e+02 2.670350e-01
1.300000e+03 1.611260e+02 2.738304e-01
1.300000e+03 1.610806e+02 2.715473e-01
1.300000e+03 1.612290e+02 2.780393e-01
1.350000e+03 1.517558e+02 2.589138e-01
1.350000e+03 1.518472e+02 2.521105e-01
1.350000e+03 1.518064e+02 2.556781e-01
1.350000e+03 1.519018e+02 2.551910e-01
1.350000e+03 1.518073e+02 2.407347e-01
1.350000e+03 1.514231e+02 2.587413e-01
1.350000e+03 1.519918e+02 2.520768e-01
1.350000e+03 1.519310e+02 2.684270e-01
1.350000e+03 1.517026e+02 2.620466e-01
1.350000e+03 1.519289e+02 2.549054e-01
1.350000e+03 1.517004e+02 2.514923e-01
1.350000e+03 1.514942e+02 2.634609e-01
1.350000e+03 1.517969e+02 2.633163e-01
1.350000e+03 1.515449e+02 2.596682e-01
1.350000e+03 1.513745e+02 2.573467e-01
1.350000e+03 1.517431e+02 2.693903e-01
1.350000e+03 1.515547e+02 2.584855e-01
1.350000e+03 1.516813e+02 2.560508e-01
1.350000e+03 1.515768e+02 2.580492e-01
1.350000e+03 1.516072e+02 2.580658e-01
1.400000e+03 1.429464e+02 2.211261e-01
1.400000e+03 1.436711e+02 2.507473e-01
1.400000e+03 1.431032e+02 2.362651e-01
1.400000e+03 1.431324e+02 2.346642e-01
1.400000e+03 1.433479e+02 2.491495e-01
1.400000e+03 1.430036e+02 2.286035e-01
1.400000e+03 1.430275e+02 2.281225e-01
1.400000e+03 1.427455e+02 2.347603e-01
1.400000e+03 1.426137e+02 2.516389e-01
1.400000e+03 1.434128e+02 2.463435e-01
1.400000e+03 1.429576e+02 2.377060e-01
1.400000e+03 1.428062e+02 2.406153e-01
1.400000e+03 1.428202e+02 2.383118e-01
1.400000e+03 1.430906e+02 2.404465e-01
1.400000e+03 1.429688e+02 2.466666e-01
1.400000e+03 1.432472e+02 2.279289e-01
1.400000e+03 1.427887e+02 2.156001e-01
1.400000e+03 1.425017e+02 2.432062e-01
1.400000e+03 1.429326e+02 2.394644e-01
1.400000e+03 1.429849e+02 2.446449e-01
1.450000e+03 1.350577e+02 2.197485e-01
1.450000e+03 1.352058e+02 2.249984e-01
1.450000e+03 1.350360e+02 2.398981e-01
1.450000e+03 1.349002e+02 2.440989e-01
1.450000e+03 1.352968e+02 2.293332e-01
1.450000e+03 1.353687e+02 2.256555e-01
1.450000e+03 1.354891e+02 2.118839e-01
1.450000e+03 1.348184e+02 2.273231e-01
1.450000e+03 1.351808e+02 2.230404e-01
1.450000e+03 1.351012e+02 2.329821e-01
1.450000e+03 1.345929e+02 2.273528e-01
1.450000e+03 1.350802e+02 2.221040e-01
1.450000e+03 1.347745e+02 2.186821e-01
1.450000e+03 1.352528e+02 2.232983e-01
1.450000e+03 1.349123e+02 2.350861e-01
1.450000e+03 1.348601e+02 2.365344e-01
1.450000e+03 1.353322e+02 2.386999e-01
1.450000e+03 1.346768e+02 2.329390e-01
1.450000e+03 1.351442e+02 2.176870e-01
1.450000e+03 1.346650e+02 2.195756e-01
1.500000e+03 1.276470e+02 2.168539e-01
1.500000e+03 1.279203e+02 2.198288e-01
1.500000e+03 1.276848e+02 2.184089e-01
1.500000e+03 1.279004e+02 2.180247e-01
1.500000e+03 1.277356e+02 2.110590e-01
1.500000e+03 1.278908e+02 2.103304e-01
1.500000e+03 1.276108e+02 2.219783e-01
1.500000e+03 1.274398e+02 2.121054e-01
1.500000e+03 1.274780e+02 2.113857e-01
1.500000e+03 1.276171e+02 2.231001e-01
1.500000e+03 1.282404e+02 2.141495e-01
1.500000e+03 1.280391e+02 2.161657e-01
1.500000e+03 1.275532e+02 2.028223e-01
1.500000e+03 1.278214e+02 2.019763e-01
1.500000e+03 1.276471e+02 2.089346e-01
1.500000e+03 1.278022e+02 2.116002e-01
1.500000e+03 1.276144e+02 2.058892e-01
1.500000e+03 1.273990e+02 2.053607e-01
1.500000e+03 1.279770e+02 2.039704e-01
1.500000e+03 1.283096e+02 2.064353e-01
1.550000e+03 1.209214e+02 2.059016e-01
1.550000e+03 1.212444e+02 1.921100e-01
1.550000e+03 1.209181e+02 2.016737e-01
1.550000e+03 1.211974e+02 1.901357e-01
1.550000e+03 1.210948e+02 2.013848e-01
1.550000e+03 1.209055e+02 2.048646e-01
1.550000e+03 1.213046e+02 2.030968e-01
1.550000e+03 1.211254e+02 1.977100e-01
1.550000e+03 1.209728e+02 1.971991e-01
1.550000e+03 1.211919e+02 2.056746e-01
1.550000e+03 1.212568e+02 2.001291e-01
1.550000e+03 1.212869e+02 1.955128e-01
1.550000e+03 1.213560e+02 1.981457e-01
1.550000e+03 1.211547e+02 1.876089e-01
1.550000e+03 1.214207e+02 2.079642e-01
1.550000e+03 1.212056e+02 1.932516e-01
1.550000e+03 1.214148e+02 1.964046e-01
1.550000e+03 1.215123e+02 1.975649e-01
1.550000e+03 1.209751e+02 1.910710e-01
1.550000e+03 1.206534e+02 1.876448e-01
1.800000e+03 9.490123e+01 1.469056e-01
1.800000e+03 9.490077e+01 1.548690e-01
1.800000e+03 9.502290e+01 1.534141e-01
1.800000e+03 9.509256e+01 1.459043e-01
1.800000e+03 9.522236e+01 1.525231e-01
1.800000e+03 9.525478e+01 1.490632e-01
1.800000e+03 9.521859e+01 1.540931e-01
1.800000e+03 9.504430e+01 1.522279e-01
1.800000e+03 9.509990e+01 1.462328e-01
1.800000e+03 9.538587e+01 1.619829e-01
1.800000e+03 9.508362e+01 1.526775e-01
1.800000e+03 9.520849e+01 1.461423e-01
1.800000e+03 9.489622e+01 1.584666e-01
1.800000e+03 9.495285e+01 1.544260e-01
1.800000e+03 9.516588e+01 1.514830e-01
1.800000e+03 9.483608e+01 1.580883e-01
1.800000e+03 9.464241e+01 1.560085e-01
1.800000e+03 9.513766e+01 1.557359e-01
1.800000e+03 9.509262e+01 1.565053e-01
1.800000e+03 9.519872e+01 1.583357e-01
2.100000e+03 7.412628e+01 1.201597e-01
2.100000e+03 7.410788e+01 1.275663e-01
2.100000e+03 7.415483e+01 1.136876e-01
2.100000e+03 7.408984e+01 1.106669e-01
2.100000e+03 7.415709e+01 1.167426e-01
2.100000e+03 7.417031e+01 1.200797e-01
2.100000e+03 7.442872e+01 1.166737e-01
2.100000e+03 7.404080e+01 1.186951e-01
2.100000e+03 7.427313e+01 1.208222e-01
2.100000e+03 7.435199e+01 1.156771e-01
2.100000e+03 7.426967e+01 1.153340e-01
2.100000e+03 7.422583e+01 1.120780e-01
2.100000e+03 7.412515e+01 1.111781e-01
2.100000e+03 7.416370e+01 1.128605e-01
2.100000e+03 7.421318e+01 1.201776e-01
2.100000e+03 7.443914e+01 1.132280e-01
2.100000e+03 7.395579e+01 1.161050e-01
2.100000e+03 7.427836e+01 1.170316e-01
2.100000e+03 7.425192e+01 1.157360e-01
2.100000e+03 7.424403e+01 1.164383e-01
2.400000e+03 6.005434e+01 8.958393e-02
2.400000e+03 5.995424e+01 8.444014e-02
2.400000e+03 6.000983e+01 9.139824e-02
2.400000e+03 5.987422e+01 9.072247e-02
2.400000e+03 6.012047e+01 8.995054e-02
2.400000e+03 5.985568e+01 9.072381e-02
2.400000e+03 5.992755e+01 9.499251e-02
2.400000e+03 5.990393e+01 9.250816e-02
2.400000e+03 6.005881e+01 9.271043e-02
2.400000e+03 5.987269e+01 9.445065e-02
2.400000e+03 5.996267e+01 8.791051e-02
2.400000e+03 5.990520e+01 9.026156e-02
2.400000e+03 6.000470e+01 9.053235e-02
2.400000e+03 5.997577e+01 8.824208e-02
2.400000e+03 5.971849e+01 9.274889e-02
2.400000e+03 5.987882e+01 9.254167e-02
2.400000e+03 5.988012e+01 9.288070e-02
2.400000e+03 5.991405e+01 9.249343e-02
2.400000e+03 5.991213e+01 8.763371e-02
2.400000e+03 5.989983e+01 9.341283e-02
2.700000e+03 4.951459e+01 7.311610e-02
2.700000e+03 4.960903e+01 7.320721e-02
2.700000e+03 4.968027e+01 7.450271e-02
2.700000e+03 4.969693e+01 7.462601e-02
2.700000e+03 4.954846e+01 7.227073e-02
2.700000e+03 4.976786e+01 7.809237e-02
2.700000e+03 4.965939e+01 7.104955e-02
2.700000e+03 4.962424e+01 7.341069e-02
2.700000e+03 4.977924e+01 7.595764e-02
2.700000e+03 4.973682e+01 7.399704e-02
2.700000e+03 4.963942e+01 7.086202e-02
2.700000e+03 4.962399e+01 7.520069e-02
2.700000e+03 4.966522e+01 7.340617e-02
2.700000e+03 4.962344e+01 7.333918e-02
2.700000e+03 4.964557e+01 7.428919e-02
2.700000e+03 4.964288e+01 7.727050e-02
2.700000e+03 4.971568e+01 7.715290e-02
2.700000e+03 4.958603e+01 7.597937e-02
2.700000e+03 4.966464e+01 7.244187e-02
2.700000e+03 4.961045e+01 7.654115e-02
3.000000e+03 4.199565e+01 6.536370e-02
3.000000e+03 4.201926e+01 6.063927e-02
3.000000e+03 4.206241e+01 6.286763e-02
3.000000e+03 4.207976e+01 6.250706e-02
3.000000e+03 4.205580e+01 6.271785e-02
3.000000e+03 4.204530e+01 6.209977e-02
3.000000e+03 4.201622e+01 6.119672e-02
3.000000e+03 4.198963e+01 6.285816e-02
3.000000e+03 4.194679e+01 6.152321e-02
3.000000e+03 4.202757e+01 6.229321e-02
3.000000e+03 4.202349e+01 6.168752e-02
3.000000e+03 4.204160e+01 6.265300e-02
3.000000e+03 4.202246e+01 6.433976e-02
3.000000e+03 4.191771e+01 6.143427e-02
3.000000e+03 4.205121e+01 6.031416e-02
3.000000e+03 4.211537e+01 6.270382e-02
3.000000e+03 4.203245e+01 6.134653e-02
3.000000e+03 4.212776e+01 6.384375e-02
3.000000e+03 4.210678e+01 6.456946e-02
3.000000e+03 4.200241e+01 5.972041e-02
3.000000e+02 2.741482e+00 4.110125e-03
3.000000e+02 2.744342e+00 4.101657e-03
3.000000e+02 2.733164e+00 4.107328e-03
3.000000e+02 2.740647e+00 4.111147e-03
3.000000e+02 2.734735e+00 4.125974e-03
3.000000e+02 2.746382e+00 4.080287e-03
3.000000e+02 2.741373e+00 4.092917e-03
3.000000e+02 2.733643e+00 4.082643e-03
3.000000e+02 2.744613e+00 4.158147e-03
3.000000e+02 2.737249e+00 4.043497e-03
3.000000e+02 2.742012e+00 4.067777e-03
3.000000e+02 2.741759e+00 4.173369e-03
3.000000e+02 2.737833e+00 4.056620e-03
3.000000e+02 2.736496e+00 4.084976e-03
3.000000e+02 2.744502e+00 4.110447e-03
3.000000e+02 2.738760e+00 4.146206e-03
3.000000e+02 2.740196e+00 4.071434e-03
3.000000e+02 2.737919e+00 4.088491e-03
3.000000e+02 2.738070e+00 4.101443e-03
3.000000e+02 2.737129e+00 4.138903e-03
3.050000e+02 3.621278e+00 5.396024e-03
3.050000e+02 3.614482e+00 5.374534e-03
3.050000e+02 3.615348e+00 5.413821e-03
3.050000e+02 3.618242e+00 5.371672e-03
3.050000e+02 3.625027e+00 5.301005e-03
3.050000e+02 3.621291e+00 5.392294e-03
3.050000e+02 3.615211e+00 5.356966e-03
3.050000e+02 3.628847e+00 5.380613e-03
3.050000e+02 3.620221e+00 5.375486e-03
3.050000e+02 3.619987e+00 5.361690e-03
3.050000e+02 3.624230e+00 5.395587e-03
3.050000e+02 3.624681e+00 5.392056e-03
3.050000e+02 3.626374e+00 5.382726e-03
3.050000e+02 3.621383e+00 5.389346e-03
3.050000e+02 3.625227e+00 5.503216e-03
3.050000e+02 3.624570e+00 5.388640e-03
3.050000e+02 3.618047e+00 5.465199e-03
3.050000e+02 3.620455e+00 5.452103e-03
3.050000e+02 3.627982e+00 5.385542e-03
3.050000e+02 3.623627e+00 5.350134e-03
3.100000e+02 4.648351e+00 6.931476e-03
3.100000e+02 4.657534e+00 6.938963e-03
3.100000e+02 4.665816e+00 6.910977e-03
3.100000e+02 4.665882e+00 6.927472e-03
3.100000e+02 4.675305e+00 7.091041e-03
3.100000e+02 4.656778e+00 6.887039e-03
3.100000e+02 4.664710e+00 6.965068e-03
3.100000e+02 4.661453e+00 6.935429e-03
3.100000e+02 4.654541e+00 6.925994e-03
3.100000e+02 4.666375e+00 7.010875e-03
3.100000e+02 4.658110e+00 6.959365e-03
3.100000e+02 4.664222e+00 6.987331e-03
3.100000e+02 4.660305e+00 7.067748e-03
3.100000e+02 4.643076e+00 6.996584e-03
3.100000e+02 4.659896e+00 7.024124e-03
3.100000e+02 4.669609e+00 7.000679e-03
3.100000e+02 4.644768e+00 6.976495e-03
3.100000e+02 4.667469e+00 7.034974e-03
3.100000e+02 4.669394e+00 6.908247e-03
3.100000e+02 4.662633e+00 7.002714e-03
3.150000e+02 5.879163e+00 8.951768e-03
3.150000e+02 5.876385e+00 8.876687e-03
3.150000e+02 5.895872e+00 8.778851e-03
3.150000e+02 5.909022e+00 8.920588e-03
3.150000e+02 5.898089e+00 8.795547e-03
3.150000e+02 5.902587e+00 8.871270e-03
3.150000e+02 5.899104e+00 8.789796e-03
3.150000e+02 5.893463e+00 8.858396e-03
3.150000e+02 5.886678e+00 8.788850e-03
3.150000e+02 5.863499e+00 8.847179e-03
3.150000e+02 5.877519e+00 8.798450e-03
3.150000e+02 5.898472e+00 8.835707e-03
3.150000e+02 5.885452e+00 8.848256e-03
3.150000e+02 5.887122e+00 8.944715e-03
3.150000e+02 5.873788e+00 8.890179e-03
3.150000e+02 5.900660e+00 8.905667e-03
3.150000e+02 5.899437e+00 9.002539e-03
3.150000e+02 5.912068e+00 8.886106e-03
3.150000e+02 5.876469e+00 8.845007e-03
3.150000e+02 5.893217e+00 8.862873e-03
3.200000e+02 7.367055e+00 1.124344e-02
3.200000e+02 7.365161e+00 1.122328e-02
3.200000e+02 7.368355e+00 1.120404e-02
3.200000e+02 7.372092e+00 1.119425e-02
3.200000e+02 7.386824e+00 1.115632e-02
3.200000e+02 7.366094e+00 1.119015e-02
3.200000e+02 7.369975e+00 1.123587e-02
3.200000e+02 7.361185e+00 1.108941e-02
3.200000e+02 7.364855e+00 1.121180e-02
3.200000e+02 7.356319e+00 1.112432e-02
3.200000e+02 7.359604e+00 1.123679e-02
3.200000e+02 7.364990e+00 1.132008e-02
3.200000e+02 7.383463e+00 1.127388e-02
3.200000e+02 7.360150e+00 1.149249e-02
3.200000e+02 7.374911e+00 1.145002e-02
3.200000e+02 7.364017e+00 1.120053e-02
3.200000e+02 7.391897e+00 1.131385e-02
3.200000e+02 7.347146e+00 1.124657e-02
3.200000e+02 7.378641e+00 1.116589e-02
3.200000e+02 7.369284e+00 1.114242e-02
3.250000e+02 9.258341e+00 1.452296e-02
3.250000e+02 9.242071e+00 1.436719e-02
3.250000e+02 9.250670e+00 1.441479e-02
3.250000e+02 9.241502e+00 1.430742e-02
3.250000e+02 9.254157e+00 1.436461e-02
3.250000e+02 9.254242e+00 1.438824e-02
3.250000e+02 9.262352e+00 1.435699e-02
3.250000e+02 9.231905e+00 1.438561e-02
3.250000e+02 9.250573e+00 1.428757e-02
3.250000e+02 9.265189e+00 1.443870e-02
3.250000e+02 9.254560e+00 1.415708e-02
3.250000e+02 9.247681e+00 1.442666e-02
3.250000e+02 9.239304e+00 1.435447e-02
3.250000e+02 9.233079e+00 1.440874e-02
3.250000e+02 9.251555e+00 1.460815e-02
3.250000e+02 9.265727e+00 1.430926e-02
3.250000e+02 9.263955e+00 1.455269e-02
3.250000e+02 9.245961e+00 1.449715e-02
3.250000e+02 9.248355e+00 1.436475e-02
3.250000e+02 9.226904e+00 1.444111e-02
3.300000e+02 1.182428e+01 1.890277e-02
3.300000e+02 1.181132e+01 1.884746e-02
3.300000e+02 1.180185e+01 1.894433e-02
3.300000e+02 1.181108e+01 1.878100e-02
3.300000e+02 1.183219e+01 1.887797e-02
3.300000e+02 1.181732e+01 1.882050e-02
3.300000e+02 1.179829e+01 1.906829e-02
3.300000e+02 1.175345e+01 1.909442e-02
3.300000e+02 1.181554e+01 1.890375e-02
3.300000e+02 1.180966e+01 1.896511e-02
3.300000e+02 1.180085e+01 1.895698e-02
3.300000e+02 1.185133e+01 1.912282e-02
3.300000e+02 1.182492e+01 1.931534e-02
3.300000e+02 1.183433e+01 1.922973e-02
3.300000e+02 1.181781e+01 1.916694e-02
3.300000e+02 1.179837e+01 1.915689e-02
3.300000e+02 1.179510e+01 1.921047e-02
3.300000e+02 1.184428e+01 1.930818e-02
3.300000e+02 1.183183e+01 1.902844e-02
3.300000e+02 1.185085e+01 1.912959e-02
3.350000e+02 1.591127e+01 2.668266e-02
3.350000e+02 1.589411e+01 2.655763e-02
3.350000e+02 1.590209e+01 2.675643e-02
3.350000e+02 1.590717e+01 2.642725e-02
3.350000e+02 1.588255e+01 2.656092e-02
3.350000e+02 1.585559e+01 2.648335e-02
3.350000e+02 1.586125e+01 2.660239e-02
3.350000e+02 1.589557e+01 2.623814e-02
3.350000e+02 1.589972e+01 2.662563e-02
3.350000e+02 1.587079e+01 2.647080e-02
3.350000e+02 1.592177e+01 2.658149e-02
3.350000e+02 1.587677e+01 2.650314e-02
3.350000e+02 1.587584e+01 2.668842e-02
3.350000e+02 1.584600e+01 2.693594e-02
3.350000e+02 1.587929e+01 2.661274e-02
3.350000e+02 1.585369e+01 2.700294e-02
3.350000e+02 1.589132e+01 2.645305e-02
3.350000e+02 1.587922e+01 2.673244e-02
3.350000e+02 1.584033e+01 2.656557e-02
3.350000e+02 1.589062e+01 2.647907e-02
3.400000e+02 2.425818e+01 4.350154e-02
3.400000e+02 2.420772e+01 4.379884e-02
3.400000e+02 2.421140e+01 4.282603e-02
3.400000e+02 2.421387e+01 4.362538e-02
3.400000e+02 2.423086e+01 4.352905e-02
3.400000e+02 2.417969e+01 4.336334e-02
3.400000e+02 2.426226e+01 4.330389e-02
3.400000e+02 2.426182e+01 4.493712e-02
3.400000e+02 2.423842e+01 4.399247e-02
3.400000e+02 2.422012e+01 4.343477e-02
3.400000e+02 2.429111e+01 4.348945e-02
3.400000e+02 2.427411e+01 4.442759e-02
3.400000e+02 2.424480e+01 4.321298e-02
3.400000e+02 2.425936e+01 4.375024e-02
3.400000e+02 2.418744e+01 4.374954e-02
3.400000e+02 2.423937e+01 4.348234e-02
3.400000e+02 2.419083e+01 4.454865e-02
3.400000e+02 2.419293e+01 4.377853e-02
3.400000e+02 2.420344e+01 4.373699e-02
3.400000e+02 2.417923e+01 4.323509e-02
3.450000e+02 6.013831e+01 1.206862e-01
3.450000e+02 6.037563e+01 1.215951e-01
3.450000e+02 6.034186e+01 1.162253e-01
3.450000e+02 6.029392e+01 1.164572e-01
3.450000e+02 6.038862e+01 1.199110e-01
3.450000e+02 6.026575e+01 1.178382e-01
3.450000e+02 6.040710e+01 1.197524e-01
3.450000e+02 6.033025e+01 1.191352e-01
3.450000e+02 6.016760e+01 1.173578e-01
3.450000e+02 6.025144e+01 1.179013e-01
3.450000e+02 6.023315e+01 1.193019e-01
3.450000e+02 6.017147e+01 1.195593e-01
3.450000e+02 6.027146e+01 1.171993e-01
3.450000e+02 6.024048e+01 1.175012e-01
3.450000e+02 6.049097e+01 1.219895e-01
3.450000e+02 6.021601e+01 1.182836e-01
3.450000e+02 6.041379e+01 1.193812e-01
3.450000e+02 6.022860e+01 1.240752e-01
3.450000e+02 6.016605e+01 1.197552e-01
3.450000e+02 6.016072e+01 1.214457e-01
3.500000e+02 2.688918e+02 5.031143e-01
3.500000e+02 2.679169e+02 5.020732e-01
3.500000e+02 2.688835e+02 5.115091e-01
3.500000e+02 2.692350e+02 5.016082e-01
3.500000e+02 2.687429e+02 4.971218e-01
3.500000e+02 2.684355e+02 5.140977e-01
3.500000e+02 2.680222e+02 5.098569e-01
3.500000e+02 2.683477e+02 5.147961e-01
3.500000e+02 2.679136e+02 5.029235e-01
3.500000e+02 2.686286e+02 5.013776e-01
3.500000e+02 2.676716e+02 5.123101e-01
3.500000e+02 2.678448e+02 5.034264e-01
3.500000e+02 2.685905e+02 5.027708e-01
3.500000e+02 2.681739e+02 5.059203e-01
3.500000e+02 2.682296e+02 5.061629e-01
3.500000e+02 2.680468e+02 5.034619e-01
3.500000e+02 2.685606e+02 5.046340e-01
3.500000e+02 2.682790e+02 5.156907e-01
3.500000e+02 2.687967e+02 5.022637e-01
3.500000e+02 2.681260e+02 5.124677e-01
3.550000e+02 4.071385e+02 7.918951e-01
3.550000e+02 4.062300e+02 7.777579e-01
3.550000e+02 4.070264e+02 8.089369e-01
3.550000e+02 4.067492e+02 7.946736e-01
3.550000e+02 4.059308e+02 7.891314e-01
3.550000e+02 4.049952e+02 8.024748e-01
3.550000e+02 4.073743e+02 7.861805e-01
3.550000e+02 4.060927e+02 8.110164e-01
3.550000e+02 4.064901e+02 8.108478e-01
3.550000e+02 4.062959e+02 8.053529e-01
3.550000e+02 4.056287e+02 8.044866e-01
3.550000e+02 4.061000e+02 8.037064e-01
3.550000e+02 4.062212e+02 8.086141e-01
3.550000e+02 4.067011e+02 8.030730e-01
3.550000e+02 4.073286e+02 8.000671e-01
3.550000e+02 4.074579e+02 7.722826e-01
3.550000e+02 4.057553e+02 8.159679e-01
3.550000e+02 4.070589e+02 7.771666e-01
3.550000e+02 4.066551e+02 7.925900e-01
3.550000e+02 4.070560e+02 8.153964e-01
3.600000e+02 4.984429e+02 9.939869e-01
3.600000e+02 4.985974e+02 9.971950e-01
3.600000e+02 4.997987e+02 1.021073e+00
3.600000e+02 4.982622e+02 1.007894e+00
3.600000e+02 4.973928e+02 9.979836e-01
3.600000e+02 4.991732e+02 9.895450e-01
3.600000e+02 4.967063e+02 1.017239e+00
3.600000e+02 4.978812e+02 9.995954e-01
3.600000e+02 4.975099e+02 9.968777e-01
3.600000e+02 4.962339e+02 9.865685e-01
3.600000e+02 4.976145e+02 1.016951e+00
3.600000e+02 4.981326e+02 9.929037e-01
3.600000e+02 4.960344e+02 9.848926e-01
3.600000e+02 4.961826e+02 9.984714e-01
3.600000e+02 4.967956e+02 1.012537e+00
3.600000e+02 4.959612e+02 9.673978e-01
3.600000e+02 4.969873e+02 9.700106e-01
3.600000e+02 4.959951e+02 9.850652e-01
3.600000e+02 4.972538e+02 9.958045e-01
3.600000e+02 4.985240e+02 1.017989e+00
3.650000e+02 5.631584e+02 1.123029e+00
3.650000e+02 5.618570e+02 1.134095e+00
3.650000e+02 5.611129e+02 1.139639e+00
3.650000e+02 5.613607e+02 1.150886e+00
3.650000e+02 5.633166e+02 1.156501e+00
3.650000e+02 5.628669e+02 1.166693e+00
3.650000e+02 5.629666e+02 1.111711e+00
3.650000e+02 5.650490e+02 1.139796e+00
3.650000e+02 5.617821e+02 1.163291e+00
3.650000e+02 5.617392e+02 1.147472e+00
3.650000e+02 5.640572e+02 1.139392e+00
3.650000e+02 5.634573e+02 1.134312e+00
3.650000e+02 5.630032e+02 1.141064e+00
3.650000e+02 5.628455e+02 1.147101e+00
3.650000e+02 5.616160e+02 1.108120e+00
3.650000e+02 5.613150e+02 1.081943e+00
3.650000e+02 5.638803e+02 1.110240e+00
3.650000e+02 5.639402e+02 1.126603e+00
3.650000e+02 5.623635e+02 1.130849e+00
3.650000e+02 5.608165e+02 1.146960e+00
3.700000e+02 6.150926e+02 1.243862e+00
3.700000e+02 6.153025e+02 1.258648e+00
3.700000e+02 6.150595e+02 1.229797e+00
3.700000e+02 6.128689e+02 1.242089e+00
3.700000e+02 6.125916e+02 1.232472e+00
3.700000e+02 6.145538e+02 1.242206e+00
3.700000e+02 6.097970e+02 1.244221e+00
3.700000e+02 6.129640e+02 1.259808e+00
3.700000e+02 6.140451e+02 1.258129e+00
3.700000e+02 6.124238e+02 1.266764e+00
3.700000e+02 6.150710e+02 1.266200e+00
3.700000e+02 6.157013e+02 1.265802e+00
3.700000e+02 6.119308e+02 1.246847e+00
3.700000e+02 6.127173e+02 1.292162e+00
3.700000e+02 6.120932e+02 1.229878e+00
3.700000e+02 6.110405e+02 1.281250e+00
3.700000e+02 6.145065e+02 1.233772e+00
3.700000e+02 6.111271e+02 1.235281e+00
3.700000e+02 6.148019e+02 1.262896e+00
3.700000e+02 6.150306e+02 1.255147e+00
3.750000e+02 6.505975e+02 1.312028e+00
3.750000e+02 6.513419e+02 1.314475e+00
3.750000e+02 6.544586e+02 1.361751e+00
3.750000e+02 6.519260e+02 1.366377e+00
3.750000e+02 6.506355e+02 1.360786e+00
3.750000e+02 6.507198e+02 1.356970e+00
3.750000e+02 6.499204e+02 1.361524e+00
3.750000e+02 6.538532e+02 1.370304e+00
3.750000e+02 6.524376e+02 1.369101e+00
3.750000e+02 6.502829e+02 1.384622e+00
3.750000e+02 6.493324e+02 1.350306e+00
3.750000e+02 6.517729e+02 1.364236e+00
3.750000e+02 6.513459e+02 1.357608e+00
3.750000e+02 6.530426e+02 1.396779e+00
3.750000e+02 6.510963e+02 1.326493e+00
3.750000e+02 6.523652e+02 1.365551e+00
3.750000e+02 6.524124e+02 1.356205e+00
3.750000e+02 6.527271e+02 1.349178e+00
3.750000e+02 6.528112e+02 1.339046e+00
3.750000e+02 6.515845e+02 1.349953e+00
3.800000e+02 6.813595e+02 1.430677e+00
3.800000e+02 6.822662e+02 1.450709e+00
3.800000e+02 6.815941e+02 1.394530e+00
3.800000e+02 6.801112e+02 1.454493e+00
3.800000e+02 6.817295e+02 1.384743e+00
3.800000e+02 6.805106e+02 1.433455e+00
3.800000e+02 6.812912e+02 1.453428e+00
3.800000e+02 6.824465e+02 1.450323e+00
3.800000e+02 6.848359e+02 1.435312e+00
3.800000e+02 6.818572e+02 1.446631e+00
3.800000e+02 6.811933e+02 1.433338e+00
3.800000e+02 6.834500e+02 1.437383e+00
3.800000e+02 6.843885e+02 1.397190e+00
3.800000e+02 6.812892e+02 1.451511e+00
3.800000e+02 6.826479e+02 1.426114e+00
3.800000e+02 6.842918e+02 1.461596e+00
3.800000e+02 6.813422e+02 1.425466e+00
3.800000e+02 6.801842e+02 1.373077e+00
3.800000e+02 6.794667e+02 1.425974e+00
3.800000e+02 6.825442e+02 1.417792e+00
3.850000e+02 7.088705e+02 1.530036e+00
3.850000e+02 7.091198e+02 1.502878e+00
3.850000e+02 7.077228e+02 1.469854e+00
3.850000e+02 7.045709e+02 1.450506e+00
3.850000e+02 7.041755e+02 1.498324e+00
3.850000e+02 7.083585e+02 1.535572e+00
3.850000e+02 7.058536e+02 1.500534e+00
3.850000e+02 7.054548e+02 1.479514e+00
3.850000e+02 7.065287e+02 1.532181e+00
3.850000e+02 7.068939e+02 1.495288e+00
3.850000e+02 7.043249e+02 1.462664e+00
3.850000e+02 7.032983e+02 1.484043e+00
3.850000e+02 7.053959e+02 1.483137e+00
3.850000e+02 7.067619e+02 1.519655e+00
3.850000e+02 7.044281e+02 1.530032e+00
3.850000e+02 7.093143e+02 1.499313e+00
3.850000e+02 7.053701e+02 1.488246e+00
3.850000e+02 7.052436e+02 1.501775e+00
3.850000e+02 7.073868e+02 1.498409e+00
3.850000e+02 7.073618e+02 1.494136e+00
3.900000e+02 7.262195e+02 1.540025e+00
3.900000e+02 7.221959e+02 1.547159e+00
3.900000e+02 7.278327e+02 1.502146e+00
3.900000e+02 7.268547e+02 1.544369e+00
3.900000e+02 7.253740e+02 1.543471e+00
3.900000e+02 7.248568e+02 1.549559e+00
3.900000e+02 7.201799e+02 1.534271e+00
3.900000e+02 7.260756e+02 1.540186e+00
3.900000e+02 7.231476e+02 1.498401e+00
3.900000e+02 7.242418e+02 1.587864e+00
3.900000e+02 7.249466e+02 1.491715e+00
3.900000e+02 7.246385e+02 1.591913e+00
3.900000e+02 7.231107e+02 1.530663e+00
3.900000e+02 7.256045e+02 1.538424e+00
3.900000e+02 7.252648e+02 1.537792e+00
3.900000e+02 7.261460e+02 1.538968e+00
3.900000e+02 7.226899e+02 1.510217e+00
3.900000e+02 7.224056e+02 1.540417e+00
3.900000e+02 7.232849e+02 1.527825e+00
3.900000e+02 7.222258e+02 1.546993e+00
3.950000e+02 7.387425e+02 1.587264e+00
3.950000e+02 7.407926e+02 1.564568e+00
3.950000e+02 7.409214e+02 1.560152e+00
3.950000e+02 7.395840e+02 1.547631e+00
3.950000e+02 7.361682e+02 1.509424e+00
3.950000e+02 7.387026e+02 1.601429e+00
3.950000e+02 7.404932e+02 1.530990e+00
3.950000e+02 7.391317e+02 1.594966e+00
3.950000e+02 7.391725e+02 1.584774e+00
3.950000e+02 7.370510e+02 1.588073e+00
3.950000e+02 7.416087e+02 1.560270e+00
3.950000e+02 7.410876e+02 1.549392e+00
3.950000e+02 7.391702e+02 1.526636e+00
3.950000e+02 7.399154e+02 1.570443e+00
3.950000e+02 7.384989e+02 1.586781e+00
3.950000e+02 7.395145e+02 1.621841e+00
3.950000e+02 7.399976e+02 1.571641e+00
3.950000e+02 7.380611e+02 1.516068e+00
3.950000e+02 7.410820e+02 1.546120e+00
3.950000e+02 7.406512e+02 1.615237e+00
4.000000e+02 7.526990e+02 1.604094e+00
4.000000e+02 7.508839e+02 1.584761e+00
4.000000e+02 7.526347e+02 1.563529e+00
4.000000e+02 7.511124e+02 1.588015e+00
4.000000e+02 7.505218e+02 1.567102e+00
4.000000e+02 7.505934e+02 1.616592e+00
4.000000e+02 7.529893e+02 1.575721e+00
4.000000e+02 7.464326e+02 1.533272e+00
4.000000e+02 7.498175e+02 1.559967e+00
4.000000e+02 7.524728e+02 1.599914e+00
4.000000e+02 7.480675e+02 1.594080e+00
4.000000e+02 7.508902e+02 1.632539e+00
4.000000e+02 7.493258e+02 1.588682e+00
4.000000e+02 7.517020e+02 1.573363e+00
4.000000e+02 7.507697e+02 1.596330e+00
4.000000e+02 7.486207e+02 1.642079e+00
4.000000e+02 7.500406e+02 1.609006e+00
4.000000e+02 7.496245e+02 1.582949e+00
4.000000e+02 7.509409e+02 1.598472e+00
4.000000e+02 7.483164e+02 1.588264e+00
4.100000e+02 7.656015e+02 1.592575e+00
4.100000e+02 7.663086e+02 1.615057e+00
4.100000e+02 7.650186e+02 1.594015e+00
4.100000e+02 7.633980e+02 1.631896e+00
4.100000e+02 7.666294e+02 1.650021e+00
4.100000e+02 7.631923e+02 1.599490e+00
4.100000e+02 7.632306e+02 1.547410e+00
4.100000e+02 7.653867e+02 1.624588e+00
4.100000e+02 7.649222e+02 1.576530e+00
4.100000e+02 7.646949e+02 1.633322e+00
4.100000e+02 7.633356e+02 1.646548e+00
4.100000e+02 7.626567e+02 1.612497e+00
4.100000e+02 7.659955e+02 1.646104e+00
4.100000e+02 7.626140e+02 1.607983e+00
4.100000e+02 7.649226e+02 1.622010e+00
4.100000e+02 7.673561e+02 1.656585e+00
4.100000e+02 7.667051e+02 1.619505e+00
4.100000e+02 7.640928e+02 1.614176e+00
4.100000e+02 7.647971e+02 1.610717e+00
4.100000e+02 7.660678e+02 1.561434e+00
4.200000e+02 7.725094e+02 1.603181e+00
4.200000e+02 7.700602e+02 1.622524e+00
4.200000e+02 7.697787e+02 1.618973e+00
4.200000e+02 7.699304e+02 1.635265e+00
4.200000e+02 7.705781e+02 1.559826e+00
4.200000e+02 7.674680e+02 1.670910e+00
4.200000e+02 7.699376e+02 1.610440e+00
4.200000e+02 7.707745e+02 1.665647e+00
4.200000e+02 7.683202e+02 1.598176e+00
4.200000e+02 7.710879e+02 1.586176e+00
4.200000e+02 7.664379e+02 1.595325e+00
4.200000e+02 7.745123e+02 1.580994e+00
4.200000e+02 7.706989e+02 1.627396e+00
4.200000e+02 7.710432e+02 1.643230e+00
4.200000e+02 7.702678e+02 1.675864e+00
4.200000e+02 7.715195e+02 1.600189e+00
4.200000e+02 7.713038e+02 1.616805e+00
4.200000e+02 7.700267e+02 1.606291e+00
4.200000e+02 7.710842e+02 1.589751e+00
4.200000e+02 7.707371e+02 1.543790e+00
4.300000e+02 7.721867e+02 1.605832e+00
4.300000e+02 7.715348e+02 1.604993e+00
4.300000e+02 7.698508e+02 1.613500e+00
4.300000e+02 7.689950e+02 1.611823e+00
4.300000e+02 7.709216e+02 1.561939e+00
4.300000e+02 7.702486e+02 1.599215e+00
4.300000e+02 7.712945e+02 1.623057e+00
4.300000e+02 7.700514e+02 1.597017e+00
4.300000e+02 7.682583e+02 1.616818e+00
4.300000e+02 7.697337e+02 1.513989e+00
4.300000e+02 7.718018e+02 1.611277e+00
4.300000e+02 7.698684e+02 1.598045e+00
4.300000e+02 7.698597e+02 1.555358e+00
4.300000e+02 7.688677e+02 1.579274e+00
4.300000e+02 7.681849e+02 1.596718e+00
4.300000e+02 7.684536e+02 1.600430e+00
4.300000e+02 7.700972e+02 1.612410e+00
4.300000e+02 7.709110e+02 1.589322e+00
4.300000e+02 7.694033e+02 1.587739e+00
4.300000e+02 7.710809e+02 1.578258e+00
4.400000e+02 7.670398e+02 1.555904e+00
4.400000e+02 7.652742e+02 1.599793e+00
4.400000e+02 7.640981e+02 1.579843e+00
4.400000e+02 7.655020e+02 1.503113e+00
4.400000e+02 7.662090e+02 1.584870e+00
4.400000e+02 7.645591e+02 1.622079e+00
4.400000e+02 7.667226e+02 1.548009e+00
4.400000e+02 7.643383e+02 1.581511e+00
4.400000e+02 7.647461e+02 1.548488e+00
4.400000e+02 7.628693e+02 1.558571e+00
4.400000e+02 7.673616e+02 1.551228e+00
4.400000e+02 7.650723e+02 1.580974e+00
4.400000e+02 7.677897e+02 1.549718e+00
4.400000e+02 7.637012e+02 1.630469e+00
4.400000e+02 7.645821e+02 1.536161e+00
4.400000e+02 7.641920e+02 1.561543e+00
4.400000e+02 7.668328e+02 1.603080e+00
4.400000e+02 7.621791e+02 1.579579e+00
4.400000e+02 7.666596e+02 1.604138e+00
4.400000e+02 7.648368e+02 1.553200e+00
4.500000e+02 7.572143e+02 1.549051e+00
4.500000e+02 7.549757e+02 1.541383e+00
4.500000e+02 7.574473e+02 1.549650e+00
4.500000e+02 7.579227e+02 1.525152e+00
4.500000e+02 7.576731e+02 1.560252e+00
4.500000e+02 7.595704e+02 1.569991e+00
4.500000e+02 7.558011e+02 1.536518e+00
4.500000e+02 7.543083e+02 1.524538e+00
4.500000e+02 7.570453e+02 1.588276e+00
4.500000e+02 7.567854e+02 1.507317e+00
4.500000e+02 7.554684e+02 1.556629e+00
4.500000e+02 7.584655e+02 1.547840e+00
4.500000e+02 7.562400e+02 1.544336e+00
4.500000e+02 7.552508e+02 1.506791e+00
4.500000e+02 7.593045e+02 1.554570e+00
4.500000e+02 7.568446e+02 1.526445e+00
4.500000e+02 7.569233e+02 1.572527e+00
4.500000e+02 7.575634e+02 1.488360e+00
4.500000e+02 7.593695e+02 1.557887e+00
4.500000e+02 7.568788e+02 1.544798e+00
4.600000e+02 7.446863e+02 1.512984e+00
4.600000e+02 7.450121e+02 1.538789e+00
4.600000e+02 7.462604e+02 1.483006e+00
4.600000e+02 7.478677e+02 1.457466e+00
4.600000e+02 7.463054e+02 1.512429e+00
4.600000e+02 7.495012e+02 1.521797e+00
4.600000e+02 7.483126e+02 1.505201e+00
4.600000e+02 7.461653e+02 1.484214e+00
4.600000e+02 7.459544e+02 1.450078e+00
4.600000e+02 7.457203e+02 1.500867e+00
4.600000e+02 7.493550e+02 1.507664e+00
4.600000e+02 7.461176e+02 1.500617e+00
4.600000e+02 7.479796e+02 1.509347e+00
4.600000e+02 7.472618e+02 1.558819e+00
4.600000e+02 7.470510e+02 1.504744e+00
4.600000e+02 7.460095e+02 1.539799e+00
4.600000e+02 7.480032e+02 1.518060e+00
4.600000e+02 7.494744e+02 1.487889e+00
4.600000e+02 7.470922e+02 1.539573e+00
4.600000e+02 7.484421e+02 1.550865e+00
4.700000e+02 7.339504e+02 1.486552e+00
4.700000e+02 7.371710e+02 1.504161e+00
4.700000e+02 7.336995e+02 1.465059e+00
4.700000e+02 7.357099e+02 1.499983e+00
4.700000e+02 7.346668e+02 1.501070e+00
4.700000e+02 7.329888e+02 1.489710e+00
4.700000e+02 7.349676e+02 1.402260e+00
4.700000e+02 7.337544e+02 1.494327e+00
4.700000e+02 7.361254e+02 1.486082e+00
4.700000e+02 7.358866e+02 1.524353e+00
4.700000e+02 7.328849e+02 1.459414e+00
4.700000e+02 7.327777e+02 1.488333e+00
4.700000e+02 7.382599e+02 1.490757e+00
4.700000e+02 7.331951e+02 1.464047e+00
4.700000e+02 7.345048e+02 1.478987e+00
4.700000e+02 7.374178e+02 1.468097e+00
4.700000e+02 7.336648e+02 1.486507e+00
4.700000e+02 7.355906e+02 1.460429e+00
4.700000e+02 7.353835e+02 1.431889e+00
4.700000e+02 7.353990e+02 1.432006e+00
4.800000e+02 7.225990e+02 1.450042e+00
4.800000e+02 7.225347e+02 1.444910e+00
4.800000e+02 7.218115e+02 1.401041e+00
4.800000e+02 7.219892e+02 1.447773e+00
4.800000e+02 7.227669e+02 1.450609e+00
4.800000e+02 7.212674e+02 1.455183e+00
4.800000e+02 7.211794e+02 1.419825e+00
4.800000e+02 7.257444e+02 1.422734e+00
4.800000e+02 7.226705e+02 1.399206e+00
4.800000e+02 7.215507e+02 1.437283e+00
4.800000e+02 7.227471e+02 1.474321e+00
4.800000e+02 7.224085e+02 1.445777e+00
4.800000e+02 7.211262e+02 1.410856e+00
4.800000e+02 7.229172e+02 1.430653e+00
4.800000e+02 7.225591e+02 1.454079e+00
4.800000e+02 7.225233e+02 1.431163e+00
4.800000e+02 7.227736e+02 1.428234e+00
4.800000e+02 7.214462e+02 1.423219e+00
4.800000e+02 7.230737e+02 1.413676e+00
4.800000e+02 7.255238e+02 1.414378e+00
4.900000e+02 7.079902e+02 1.400859e+00
4.900000e+02 7.068288e+02 1.436780e+00
4.900000e+02 7.090693e+02 1.394848e+00
4.900000e+02 7.063892e+02 1.404529e+00
4.900000e+02 7.063173e+02 1.421899e+00
4.900000e+02 7.083817e+02 1.398050e+00
4.900000e+02 7.095914e+02 1.379858e+00
4.900000e+02 7.072479e+02 1.426217e+00
4.900000e+02 7.084379e+02 1.405140e+00
4.900000e+02 7.079183e+02 1.390021e+00
4.900000e+02 7.056020e+02 1.424000e+00
4.900000e+02 7.061248e+02 1.372033e+00
4.900000e+02 7.053972e+02 1.376102e+00
4.900000e+02 7.072431e+02 1.424258e+00
4.900000e+02 7.090128e+02 1.375977e+00
4.900000e+02 7.048038e+02 1.369563e+00
4.900000e+02 7.075369e+02 1.406688e+00
4.900000e+02 7.088709e+02 1.346681e+00
4.900000e+02 7.092054e+02 1.379844e+00
4.900000e+02 7.060798e+02 1.390738e+00
5.000000e+02 6.930662e+02 1.350830e+00
5.000000e+02 6.935899e+02 1.404294e+00
5.000000e+02 6.956501e+02 1.367048e+00
5.000000e+02 6.958753e+02 1.353235e+00
5.000000e+02 6.931504e+02 1.369043e+00
5.000000e+02 6.922528e+02 1.375032e+00
5.000000e+02 6.926204e+02 1.384090e+00
5.000000e+02 6.911794e+02 1.362672e+00
5.000000e+02 6.924046e+02 1.316779e+00
5.000000e+02 6.960121e+02 1.392760e+00
5.000000e+02 6.929540e+02 1.349413e+00
5.000000e+02 6.916862e+02 1.350834e+00
5.000000e+02 6.922909e+02 1.385772e+00
5.000000e+02 6.940248e+02 1.363900e+00
5.000000e+02 6.907325e+02 1.389006e+00
5.000000e+02 6.937779e+02 1.365557e+00
5.000000e+02 6.936100e+02 1.358322e+00
5.000000e+02 6.934885e+02 1.337906e+00
5.000000e+02 6.931672e+02 1.368079e+00
5.000000e+02 6.928049e+02 1.373645e+00
5.100000e+02 6.768614e+02 1.311602e+00
5.100000e+02 6.793383e+02 1.342861e+00
5.100000e+02 6.769358e+02 1.335123e+00
5.100000e+02 6.801524e+02 1.362252e+00
5.100000e+02 6.786631e+02 1.345607e+00
5.100000e+02 6.792477e+02 1.340908e+00
5.100000e+02 6.768256e+02 1.355789e+00
5.100000e+02 6.765791e+02 1.361899e+00
5.100000e+02 6.795396e+02 1.301334e+00
5.100000e+02 6.775117e+02 1.303712e+00
5.100000e+02 6.771984e+02 1.307084e+00
5.100000e+02 6.774384e+02 1.310253e+00
5.100000e+02 6.783559e+02 1.337326e+00
5.100000e+02 6.783013e+02 1.316030e+00
5.100000e+02 6.788160e+02 1.334142e+00
5.100000e+02 6.797157e+02 1.316922e+00
5.100000e+02 6.794633e+02 1.307559e+00
5.100000e+02 6.814509e+02 1.329007e+00
5.100000e+02 6.773063e+02 1.349586e+00
5.100000e+02 6.763635e+02 1.329283e+00
5.200000e+02 6.609203e+02 1.287281e+00
5.200000e+02 6.646489e+02 1.293262e+00
5.200000e+02 6.626282e+02 1.277623e+00
5.200000e+02 6.638601e+02 1.290306e+00
5.200000e+02 6.628038e+02 1.287662e+00
5.200000e+02 6.642824e+02 1.314798e+00
5.200000e+02 6.626981e+02 1.297343e+00
5.200000e+02 6.603528e+02 1.327555e+00
5.200000e+02 6.632522e+02 1.301809e+00
5.200000e+02 6.635507e+02 1.319797e+00
5.200000e+02 6.629897e+02 1.294314e+00
5.200000e+02 6.641120e+02 1.313376e+00
5.200000e+02 6.615748e+02 1.309641e+00
5.200000e+02 6.618424e+02 1.292409e+00
5.200000e+02 6.636527e+02 1.305712e+00
5.200000e+02 6.637403e+02 1.304649e+00
5.200000e+02 6.616441e+02 1.288383e+00
5.200000e+02 6.635144e+02 1.300059e+00
5.200000e+02 6.609391e+02 1.274234e+00
5.200000e+02 6.642376e+02 1.294608e+00
5.300000e+02 6.501458e+02 1.239318e+00
5.300000e+02 6.500459e+02 1.267844e+00
5.300000e+02 6.513310e+02 1.252699e+00
5.300000e+02 6.486223e+02 1.304858e+00
5.300000e+02 6.485100e+02 1.248839e+00
5.300000e+02 6.496161e+02 1.258732e+00
5.300000e+02 6.481986e+02 1.274514e+00
5.300000e+02 6.493491e+02 1.246542e+00
5.300000e+02 6.517842e+02 1.270116e+00
5.300000e+02 6.504450e+02 1.239872e+00
5.300000e+02 6.466601e+02 1.252292e+00
5.300000e+02 6.492143e+02 1.244902e+00
5.300000e+02 6.497639e+02 1.277143e+00
5.300000e+02 6.480180e+02 1.272738e+00
5.300000e+02 6.508425e+02 1.251894e+00
5.300000e+02 6.495063e+02 1.269083e+00
5.300000e+02 6.468613e+02 1.282011e+00
5.300000e+02 6.487392e+02 1.276970e+00
5.300000e+02 6.509139e+02 1.259309e+00
5.300000e+02 6.482880e+02 1.242051e+00
5.400000e+02 6.336905e+02 1.225559e+00
5.400000e+02 6.333266e+02 1.229473e+00
5.400000e+02 6.347554e+02 1.223990e+00
5.400000e+02 6.351718e+02 1.208030e+00
5.400000e+02 6.322129e+02 1.257746e+00
5.400000e+02 6.331608e+02 1.210891e+00
5.400000e+02 6.333520e+02 1.219834e+00
5.400000e+02 6.317683e+02 1.227567e+00
5.400000e+02 6.372526e+02 1.228837e+00
5.400000e+02 6.348892e+02 1.241245e+00
5.400000e+02 6.338781e+02 1.254137e+00
5.400000e+02 6.372447e+02 1.227518e+00
5.400000e+02 6.333995e+02 1.205246e+00
5.400000e+02 6.348854e+02 1.235966e+00
5.400000e+02 6.354944e+02 1.195614e+00
5.400000e+02 6.334239e+02 1.225481e+00
5.400000e+02 6.336699e+02 1.292462e+00
5.400000e+02 6.329090e+02 1.245485e+00
5.400000e+02 6.335616e+02 1.196815e+00
5.400000e+02 6.338522e+02 1.209765e+00
5.500000e+02 6.188185e+02 1.208088e+00
5.500000e+02 6.210881e+02 1.185202e+00
5.500000e+02 6.194868e+02 1.184422e+00
5.500000e+02 6.191815e+02 1.191285e+00
5.500000e+02 6.199816e+02 1.165509e+00
5.500000e+02 6.205725e+02 1.177727e+00
5.500000e+02 6.176895e+02 1.210073e+00
5.500000e+02 6.204964e+02 1.189298e+00
5.500000e+02 6.187625e+02 1.197279e+00
5.500000e+02 6.219988e+02 1.174524e+00
5.500000e+02 6.206305e+02 1.174147e+00
5.500000e+02 6.196749e+02 1.191647e+00
5.500000e+02 6.182071e+02 1.199153e+00
5.500000e+02 6.187320e+02 1.185500e+00
5.500000e+02 6.196224e+02 1.161794e+00
5.500000e+02 6.198335e+02 1.187489e+00
5.500000e+02 6.196039e+02 1.191451e+00
5.500000e+02 6.193243e+02 1.211726e+00
5.500000e+02 6.205000e+02 1.170429e+00
5.500000e+02 6.194433e+02 1.188061e+00
5.600000e+02 6.073643e+02 1.162617e+00
5.600000e+02 6.054022e+02 1.131612e+00
5.600000e+02 6.027118e+02 1.121448e+00
5.600000e+02 6.045555e+02 1.134736e+00
5.600000e+02 6.055176e+02 1.144263e+00
5.600000e+02 6.053674e+02 1.182412e+00
5.600000e+02 6.037787e+02 1.139295e+00
5.600000e+02 6.051869e+02 1.152164e+00
5.600000e+02 6.051015e+02 1.155490e+00
5.600000e+02 6.059739e+02 1.162712e+00
5.600000e+02 6.055325e+02 1.157134e+00
5.600000e+02 6.062354e+02 1.136221e+00
5.600000e+02 6.042395e+02 1.151546e+00
5.600000e+02 6.053827e+02 1.133219e+00
5.600000e+02 6.052840e+02 1.150680e+00
5.600000e+02 6.065598e+02 1.162677e+00
5.600000e+02 6.049435e+02 1.155969e+00
5.600000e+02 6.051149e+02 1.167636e+00
5.600000e+02 6.067634e+02 1.168431e+00
5.600000e+02 6.046966e+02 1.141396e+00
5.700000e+02 5.902889e+02 1.107353e+00
5.700000e+02 5.902493e+02 1.118230e+00
5.700000e+02 5.911677e+02 1.099710e+00
5.700000e+02 5.897338e+02 1.116086e+00
5.700000e+02 5.905424e+02 1.120517e+00
5.700000e+02 5.901950e+02 1.108940e+00
5.700000e+02 5.904957e+02 1.115003e+00
5.700000e+02 5.916536e+02 1.110760e+00
5.700000e+02 5.896213e+02 1.118149e+00
5.700000e+02 5.916323e+02 1.125260e+00
5.700000e+02 5.906110e+02 1.114936e+00
5.700000e+02 5.907391e+02 1.141782e+00
5.700000e+02 5.885598e+02 1.106381e+00
5.700000e+02 5.906349e+02 1.115655e+00
5.700000e+02 5.925950e+02 1.110369e+00
5.700000e+02 5.911513e+02 1.124067e+00
5.700000e+02 5.905353e+02 1.102175e+00
5.700000e+02 5.923905e+02 1.127872e+00
5.700000e+02 5.900935e+02 1.115727e+00
5.700000e+02 5.909804e+02 1.107712e+00
5.800000e+02 5.794719e+02 1.086846e+00
5.800000e+02 5.759517e+02 1.089877e+00
5.800000e+02 5.773138e+02 1.081470e+00
5.800000e+02 5.740034e+02 1.072242e+00
5.800000e+02 5.767378e+02 1.065664e+00
5.800000e+02 5.784587e+02 1.087350e+00
5.800000e+02 5.766452e+02 1.083045e+00
5.800000e+02 5.795416e+02 1.093932e+00
5.800000e+02 5.790152e+02 1.077120e+00
5.800000e+02 5.770200e+02 1.079471e+00
5.800000e+02 5.777345e+02 1.087759e+00
5.800000e+02 5.768889e+02 1.097629e+00
5.800000e+02 5.770629e+02 1.086413e+00
5.800000e+02 5.763076e+02 1.094337e+00
5.800000e+02 5.770253e+02 1.087186e+00
5.800000e+02 5.794495e+02 1.096820e+00
5.800000e+02 5.772861e+02 1.077618e+00
5.800000e+02 5.769550e+02 1.079494e+00
5.800000e+02 5.759124e+02 1.088418e+00
5.800000e+02 5.794411e+02 1.085334e+00
5.900000e+02 5.626326e+02 1.062317e+00
5.900000e+02 5.634837e+02 1.083979e+00
5.900000e+02 5.633384e+02 1.063012e+00
5.900000e+02 5.618914e+02 1.050789e+00
5.900000e+02 5.633256e+02 1.055932e+00
5.900000e+02 5.628500e+02 1.083112e+00
5.900000e+02 5.633305e+02 1.045977e+00
5.900000e+02 5.635554e+02 1.046662e+00
5.900000e+02 5.645390e+02 1.036861e+00
5.900000e+02 5.634743e+02 1.066099e+00
5.900000e+02 5.635311e+02 1.091830e+00
5.900000e+02 5.636796e+02 1.094852e+00
5.900000e+02 5.650714e+02 1.054185e+00
5.900000e+02 5.648312e+02 1.044707e+00
5.900000e+02 5.631482e+02 1.033284e+00
5.900000e+02 5.650768e+02 1.062915e+00
5.900000e+02 5.635481e+02 1.081401e+00
5.900000e+02 5.617731e+02 1.034781e+00
5.900000e+02 5.624776e+02 1.051364e+00
5.900000e+02 5.656203e+02 1.071842e+00
6.000000e+02 5.523405e+02 1.017026e+00
6.000000e+02 5.513521e+02 1.028358e+00
6.000000e+02 5.517018e+02 1.033818e+00
6.000000e+02 5.504154e+02 1.032875e+00
6.000000e+02 5.489498e+02 1.035125e+00
6.000000e+02 5.508117e+02 1.024976e+00
6.000000e+02 5.487051e+02 1.025076e+00
6.000000e+02 5.493080e+02 1.040252e+00
6.000000e+02 5.514951e+02 1.009311e+00
6.000000e+02 5.501387e+02 1.024021e+00
6.000000e+02 5.524926e+02 1.053732e+00
6.000000e+02 5.514087e+02 1.036270e+00
6.000000e+02 5.511166e+02 1.019855e+00
6.000000e+02 5.504950e+02 1.017180e+00
6.000000e+02 5.522982e+02 1.041563e+00
6.000000e+02 5.505831e+02 1.027938e+00
6.000000e+02 5.502367e+02 1.037225e+00
6.000000e+02 5.504297e+02 1.031281e+00
6.000000e+02 5.513695e+02 1.025360e+00
6.000000e+02 5.509962e+02 1.026580e+00
6.100000e+02 5.376850e+02 9.913857e-01
6.100000e+02 5.398701e+02 1.002025e+00
6.100000e+02 5.378389e+02 9.974513e-01
6.100000e+02 5.374188e+02 1.010946e+00
6.100000e+02 5.375733e+02 9.681795e-01
6.100000e+02 5.376775e+02 1.028661e+00
6.100000e+02 5.374894e+02 9.916447e-01
6.100000e+02 5.381601e+02 9.977014e-01
6.100000e+02 5.365201e+02 9.892823e-01
6.100000e+02 5.379624e+02 1.012371e+00
6.100000e+02 5.387568e+02 9.965990e-01
6.100000e+02 5.376636e+02 9.905328e-01
6.100000e+02 5.378871e+02 9.903237e-01
6.100000e+02 5.360514e+02 9.820153e-01
6.100000e+02 5.380339e+02 9.947836e-01
6.100000e+02 5.385865e+02 1.001392e+00
6.100000e+02 5.381491e+02 1.017038e+00
6.100000e+02 5.375893e+02 9.961144e-01
6.100000e+02 5.396805e+02 1.010391e+00
6.100000e+02 5.389650e+02 1.015426e+00
6.200000e+02 5.263429e+02 9.692329e-01
6.200000e+02 5.245354e+02 9.758233e-01
6.200000e+02 5.256066e+02 9.591209e-01
6.200000e+02 5.245114e+02 9.778880e-01
6.200000e+02 5.248745e+02 9.755453e-01
6.200000e+02 5.263513e+02 9.837097e-01
6.200000e+02 5.241039e+02 9.734531e-01
6.200000e+02 5.249812e+02 9.709674e-01
6.200000e+02 5.248162e+02 9.827858e-01
6.200000e+02 5.250939e+02 9.738664e-01
6.200000e+02 5.252760e+02 9.761872e-01
6.200000e+02 5.247778e+02 1.003603e+00
6.200000e+02 5.253657e+02 9.748554e-01
6.200000e+02 5.271509e+02 9.566663e-01
6.200000e+02 5.250704e+02 9.951980e-01
6.200000e+02 5.242781e+02 9.766207e-01
6.200000e+02 5.218303e+02 9.758765e-01
6.200000e+02 5.244333e+02 9.521159e-01
6.200000e+02 5.249801e+02 9.846006e-01
6.200000e+02 5.264990e+02 9.717059e-01
6.300000e+02 5.124613e+02 9.374320e-01
6.300000e+02 5.119190e+02 9.486150e-01
6.300000e+02 5.132735e+02 9.854338e-01
6.300000e+02 5.134433e+02 9.504965e-01
6.300000e+02 5.118640e+02 9.453386e-01
6.300000e+02 5.136198e+02 9.409380e-01
6.300000e+02 5.136557e+02 9.648616e-01
6.300000e+02 5.121133e+02 9.523351e-01
6.300000e+02 5.133378e+02 9.320815e-01
6.300000e+02 5.137572e+02 9.617915e-01
6.300000e+02 5.157826e+02 9.620906e-01
6.300000e+02 5.134376e+02 9.432710e-01
6.300000e+02 5.127776e+02 9.545968e-01
6.300000e+02 5.115997e+02 9.384092e-01
6.300000e+02 5.118157e+02 9.559989e-01
6.300000e+02 5.153679e+02 9.463670e-01
6.300000e+02 5.145105e+02 9.519234e-01
6.300000e+02 5.134048e+02 9.459337e-01
6.300000e+02 5.132835e+02 9.455721e-01
6.300000e+02 5.122300e+02 9.425122e-01
6.400000e+02 5.011351e+02 9.133840e-01
6.400000e+02 5.031062e+02 9.096642e-01
6.400000e+02 5.023092e+02 9.257252e-01
6.400000e+02 5.024889e+02 9.088389e-01
6.400000e+02 4.999444e+02 9.183211e-01
6.400000e+02 5.028242e+02 9.138937e-01
6.400000e+02 5.006783e+02 9.090152e-01
6.400000e+02 5.019022e+02 9.306663e-01
6.400000e+02 5.008574e+02 9.295989e-01
6.400000e+02 5.038518e+02 9.402813e-01
6.400000e+02 4.991862e+02 9.194758e-01
6.400000e+02 5.022516e+02 9.441694e-01
6.400000e+02 5.017718e+02 9.080540e-01
6.400000e+02 5.003303e+02 9.336732e-01
6.400000e+02 5.019699e+02 9.049036e-01
6.400000e+02 5.017002e+02 9.087302e-01
6.400000e+02 5.010027e+02 9.410379e-01
6.400000e+02 5.016116e+02 9.384411e-01
6.400000e+02 5.016173e+02 9.102055e-01
6.400000e+02 5.008754e+02 9.327461e-01
6.500000e+02 4.902856e+02 9.183627e-01
6.500000e+02 4.888118e+02 8.759602e-01
6.500000e+02 4.901176e+02 9.256098e-01
6.500000e+02 4.908591e+02 8.914096e-01
6.500000e+02 4.882599e+02 9.230099e-01
6.500000e+02 4.890310e+02 8.869727e-01
6.500000e+02 4.885738e+02 8.794050e-01
6.500000e+02 4.893005e+02 8.965034e-01
6.500000e+02 4.897145e+02 9.018692e-01
6.500000e+02 4.895340e+02 8.985019e-01
6.500000e+02 4.896187e+02 9.240880e-01
6.500000e+02 4.910197e+02 9.177414e-01
6.500000e+02 4.895578e+02 9.047370e-01
6.500000e+02 4.900496e+02 9.210368e-01
6.500000e+02 4.912180e+02 9.109141e-01
6.500000e+02 4.889236e+02 9.431786e-01
6.500000e+02 4.910894e+02 8.933190e-01
6.500000e+02 4.896071e+02 9.185806e-01
6.500000e+02 4.921979e+02 9.206803e-01
6.500000e+02 4.893521e+02 9.024210e-01
6.600000e+02 4.797923e+02 8.904670e-01
6.600000e+02 4.794130e+02 8.655341e-01
6.600000e+02 4.788742e+02 8.754189e-01
6.600000e+02 4.796100e+02 8.667863e-01
6.600000e+02 4.796823e+02 8.609914e-01
6.600000e+02 4.790983e+02 8.680486e-01
6.600000e+02 4.794704e+02 8.629604e-01
6.600000e+02 4.784557e+02 8.960773e-01
6.600000e+02 4.793755e+02 8.774050e-01
6.600000e+02 4.780201e+02 8.611364e-01
6.600000e+02 4.796979e+02 8.690370e-01
6.600000e+02 4.762175e+02 8.842593e-01
6.600000e+02 4.779688e+02 8.746035e-01
6.600000e+02 4.790829e+02 8.611622e-01
6.600000e+02 4.796662e+02 8.784421e-01
6.600000e+02 4.779413e+02 8.590056e-01
6.600000e+02 4.786427e+02 8.865033e-01
6.600000e+02 4.787617e+02 8.664643e-01
6.600000e+02 4.800062e+02 8.770064e-01
6.600000e+02 4.786523e+02 8.743290e-01
6.700000e+02 4.679146e+02 8.616568e-01
6.700000e+02 4.683835e+02 8.550220e-01
6.700000e+02 4.674872e+02 8.595204e-01
6.700000e+02 4.681966e+02 8.483970e-01
6.700000e+02 4.693398e+02 8.735945e-01
6.700000e+02 4.686513e+02 8.468111e-01
6.700000e+02 4.696432e+02 8.593589e-01
6.700000e+02 4.677241e+02 8.497948e-01
6.700000e+02 4.692967e+02 8.651141e-01
6.700000e+02 4.671671e+02 8.603978e-01
6.700000e+02 4.697885e+02 8.486054e-01
6.700000e+02 4.690387e+02 8.655040e-01
6.700000e+02 4.686275e+02 8.449698e-01
6.700000e+02 4.675298e+02 8.744611e-01
6.700000e+02 4.688584e+02 8.702427e-01
6.700000e+02 4.680515e+02 8.614747e-01
6.700000e+02 4.684154e+02 8.619971e-01
6.700000e+02 4.670231e+02 8.475681e-01
6.700000e+02 4.683059e+02 8.641239e-01
6.700000e+02 4.698398e+02 8.583164e-01
6.800000e+02 4.582801e+02 8.552188e-01
6.800000e+02 4.589890e+02 8.459731e-01
6.800000e+02 4.570083e+02 8.238629e-01
6.800000e+02 4.584522e+02 8.304894e-01
6.800000e+02 4.580612e+02 8.421594e-01
6.800000e+02 4.577541e+02 8.337837e-01
6.800000e+02 4.577093e+02 8.211824e-01
6.800000e+02 4.567127e+02 8.321452e-01
6.800000e+02 4.587766e+02 8.364901e-01
6.800000e+02 4.582003e+02 8.579585e-01
6.800000e+02 4.569706e+02 8.312256e-01
6.800000e+02 4.571701e+02 8.501045e-01
6.800000e+02 4.575772e+02 8.357455e-01
6.800000e+02 4.585311e+02 8.419529e-01
6.800000e+02 4.576404e+02 8.508647e-01
6.800000e+02 4.580806e+02 8.365221e-01
6.800000e+02 4.563275e+02 8.291694e-01
6.800000e+02 4.579760e+02 8.597243e-01
6.800000e+02 4.578474e+02 8.344528e-01
6.800000e+02 4.573347e+02 8.284542e-01
6.900000e+02 4.460638e+02 8.145341e-01
6.900000e+02 4.474875e+02 8.155561e-01
6.900000e+02 4.479653e+02 8.212191e-01
6.900000e+02 4.477194e+02 8.149742e-01
6.900000e+02 4.461499e+02 8.158675e-01
6.900000e+02 4.469406e+02 8.173928e-01
6.900000e+02 4.480385e+02 8.258823e-01
6.900000e+02 4.479288e+02 7.986228e-01
6.900000e+02 4.474139e+02 8.029363e-01
6.900000e+02 4.485460e+02 8.065710e-01
6.900000e+02 4.477056e+02 8.102889e-01
6.900000e+02 4.472169e+02 8.094579e-01
6.900000e+02 4.482623e+02 8.148644e-01
6.900000e+02 4.487038e+02 8.234928e-01
6.900000e+02 4.491423e+02 8.172860e-01
6.900000e+02 4.474745e+02 8.181732e-01
6.900000e+02 4.468906e+02 8.317012e-01
6.900000e+02 4.480036e+02 8.228925e-01
6.900000e+02 4.483325e+02 8.020540e-01
6.900000e+02 4.477507e+02 8.027765e-01
7.000000e+02 4.385529e+02 7.882510e-01
7.000000e+02 4.388334e+02 8.080620e-01
7.000000e+02 4.378386e+02 7.847654e-01
7.000000e+02 4.383556e+02 7.888076e-01
7.000000e+02 4.383303e+02 7.858424e-01
7.000000e+02 4.377483e+02 7.801688e-01
7.000000e+02 4.380221e+02 7.898110e-01
7.000000e+02 4.387554e+02 8.041902e-01
7.000000e+02 4.383505e+02 7.953693e-01
7.000000e+02 4.374335e+02 7.937785e-01
7.000000e+02 4.390964e+02 7.989277e-01
7.000000e+02 4.380763e+02 7.878770e-01
7.000000e+02 4.379843e+02 7.974431e-01
7.000000e+02 4.376889e+02 7.914457e-01
7.000000e+02 4.382551e+02 7.850617e-01
7.000000e+02 4.372771e+02 7.710111e-01
7.000000e+02 4.387403e+02 7.877019e-01
7.000000e+02 4.380394e+02 7.808574e-01
7.000000e+02 4.362264e+02 7.967604e-01
7.000000e+02 4.384527e+02 8.128673e-01
7.500000e+02 3.929159e+02 7.048735e-01
7.500000e+02 3.926810e+02 7.099327e-01
7.500000e+02 3.939356e+02 7.081108e-01
7.500000e+02 3.932342e+02 7.121393e-01
7.500000e+02 3.923774e+02 7.020981e-01
7.500000e+02 3.937678e+02 7.119905e-01
7.500000e+02 3.929186e+02 6.985296e-01
7.500000e+02 3.939890e+02 7.042700e-01
7.500000e+02 3.919954e+02 7.004279e-01
7.500000e+02 3.939073e+02 6.962281e-01
7.500000e+02 3.932191e+02 6.920786e-01
7.500000e+02 3.920604e+02 7.232284e-01
7.500000e+02 3.931256e+02 7.159548e-01
7.500000e+02 3.936813e+02 6.948025e-01
7.500000e+02 3.932591e+02 6.918363e-01
7.500000e+02 3.940100e+02 7.084830e-01
7.500000e+02 3.936318e+02 6.957885e-01
7.500000e+02 3.937717e+02 7.105255e-01
7.500000e+02 3.933335e+02 6.902344e-01
7.500000e+02 3.935261e+02 7.032997e-01
8.000000e+02 3.539655e+02 6.252633e-01
8.000000e+02 3.552522e+02 6.395515e-01
8.000000e+02 3.547107e+02 6.080376e-01
8.000000e+02 3.552789e+02 6.294258e-01
8.000000e+02 3.545577e+02 6.190905e-01
8.000000e+02 3.560313e+02 6.100836e-01
8.000000e+02 3.552049e+02 6.118785e-01
8.000000e+02 3.550922e+02 6.357493e-01
8.000000e+02 3.550338e+02 6.219986e-01
8.000000e+02 3.552927e+02 6.348866e-01
8.000000e+02 3.547223e+02 6.254099e-01
8.000000e+02 3.555028e+02 6.449317e-01
8.000000e+02 3.548626e+02 6.076998e-01
8.000000e+02 3.555194e+02 6.103059e-01
8.000000e+02 3.543685e+02 6.049955e-01
8.000000e+02 3.542321e+02 6.081154e-01
8.000000e+02 3.544241e+02 6.238466e-01
8.000000e+02 3.543237e+02 6.359467e-01
8.000000e+02 3.547896e+02 6.309223e-01
8.000000e+02 3.541609e+02 6.240928e-01
8.500000e+02 3.225909e+02 5.471869e-01
8.500000e+02 3.222489e+02 5.533676e-01
8.500000e+02 3.229314e+02 5.402423e-01
8.500000e+02 3.223967e+02 5.595856e-01
8.500000e+02 3.217527e+02 5.537879e-01
8.500000e+02 3.217345e+02 5.592392e-01
8.500000e+02 3.222675e+02 5.409948e-01
8.500000e+02 3.226426e+02 5.309090e-01
8.500000e+02 3.222206e+02 5.507059e-01
8.500000e+02 3.219253e+02 5.452575e-01
8.500000e+02 3.221925e+02 5.351902e-01
8.500000e+02 3.217831e+02 5.537926e-01
8.500000e+02 3.226382e+02 5.433205e-01
8.500000e+02 3.212600e+02 5.620479e-01
8.500000e+02 3.213910e+02 5.461732e-01
8.500000e+02 3.228385e+02 5.590972e-01
8.500000e+02 3.216552e+02 5.569415e-01
8.500000e+02 3.212755e+02 5.494287e-01
8.500000e+02 3.222146e+02 5.649931e-01
8.500000e+02 3.228804e+02 5.573855e-01
9.000000e+02 2.934550e+02 4.837010e-01
9.000000e+02 2.932728e+02 5.004323e-01
9.000000e+02 2.942491e+02 4.927413e-01
9.000000e+02 2.935512e+02 4.807735e-01
9.000000e+02 2.932564e+02 4.878626e-01
9.000000e+02 2.921935e+02 4.954823e-01
9.000000e+02 2.929827e+02 4.957546e-01
9.000000e+02 2.941427e+02 4.814965e-01
9.000000e+02 2.941746e+02 5.022823e-01
9.000000e+02 2.947234e+02 4.937517e-01
9.000000e+02 2.934376e+02 5.234910e-01
9.000000e+02 2.934867e+02 4.932187e-01
9.000000e+02 2.935100e+02 5.077347e-01
9.000000e+02 2.938451e+02 4.841271e-01
9.000000e+02 2.937857e+02 4.918905e-01
9.000000e+02 2.934060e+02 4.927775e-01
9.000000e+02 2.943708e+02 4.962017e-01
9.000000e+02 2.935923e+02 5.097939e-01
9.000000e+02 2.943902e+02 5.134138e-01
9.000000e+02 2.928741e+02 4.993519e-01
9.500000e+02 2.694943e+02 4.415609e-01
9.500000e+02 2.695108e+02 4.594522e-01
9.500000e+02 2.689516e+02 4.605831e-01
9.500000e+02 2.689855e+02 4.494825e-01
9.500000e+02 2.692095e+02 4.426533e-01
9.500000e+02 2.696857e+02 4.503445e-01
9.500000e+02 2.688699e+02 4.752989e-01
9.500000e+02 2.695564e+02 4.718256e-01
9.500000e+02 2.694581e+02 4.665940e-01
9.500000e+02 2.689564e+02 4.627024e-01
9.500000e+02 2.694913e+02 4.580076e-01
9.500000e+02 2.685579e+02 4.398700e-01
9.500000e+02 2.685108e+02 4.462823e-01
9.500000e+02 2.683560e+02 4.646018e-01
9.500000e+02 2.696995e+02 4.494816e-01
9.500000e+02 2.693244e+02 4.684591e-01
9.500000e+02 2.686450e+02 4.449923e-01
9.500000e+02 2.691009e+02 4.499130e-01
9.500000e+02 2.686070e+02 4.542349e-01
9.500000e+02 2.696270e+02 4.487269e-01
