1.000000e+03 2.862518e+02 6.531117e-01
1.025000e+03 2.764291e+02 6.398751e-01
1.050000e+03 2.658573e+02 6.410550e-01
1.075000e+03 2.565546e+02 5.751292e-01
1.100000e+03 2.483513e+02 5.552762e-01
1.125000e+03 2.412305e+02 5.793332e-01
1.150000e+03 2.319568e+02 5.186476e-01
1.175000e+03 2.241200e+02 4.977351e-01
1.200000e+03 2.181533e+02 4.936895e-01
1.225000e+03 2.115881e+02 4.898621e-01
1.250000e+03 2.048398e+02 4.572020e-01
1.275000e+03 1.991457e+02 4.434156e-01
1.300000e+03 1.930719e+02 4.222681e-01
1.325000e+03 1.875457e+02 4.382276e-01
1.350000e+03 1.837178e+02 3.981942e-01
1.375000e+03 1.779548e+02 3.928959e-01
1.400000e+03 1.729700e+02 3.849776e-01
1.425000e+03 1.688299e+02 3.724680e-01
1.450000e+03 1.639849e+02 3.792123e-01
1.475000e+03 1.601720e+02 3.581338e-01
1.500000e+03 1.562591e+02 3.459631e-01
1.525000e+03 1.528208e+02 3.485271e-01
1.550000e+03 1.487194e+02 3.395625e-01
1.575000e+03 1.456161e+02 3.219827e-01
1.600000e+03 1.418879e+02 3.099841e-01
1.625000e+03 1.383072e+02 2.991953e-01
1.650000e+03 1.356671e+02 2.872148e-01
1.675000e+03 1.327020e+02 2.954928e-01
1.700000e+03 1.300773e+02 2.796183e-01
1.725000e+03 1.264992e+02 2.828142e-01
1.750000e+03 1.240348e+02 2.725587e-01
1.775000e+03 1.212856e+02 2.657363e-01
1.800000e+03 1.195123e+02 2.507295e-01
1.825000e+03 1.165793e+02 2.545986e-01
1.850000e+03 1.146662e+02 2.342377e-01
1.875000e+03 1.117592e+02 2.383893e-01
1.900000e+03 1.101749e+02 2.305850e-01
1.925000e+03 1.077515e+02 2.333919e-01
1.950000e+03 1.059918e+02 2.162910e-01
1.975000e+03 1.037632e+02 2.169482e-01
2.000000e+03 1.018846e+02 2.150477e-01
2.025000e+03 9.986981e+01 2.062184e-01
2.050000e+03 9.820078e+01 2.137772e-01
2.075000e+03 9.666812e+01 2.049607e-01
2.100000e+03 9.477884e+01 1.904043e-01
2.125000e+03 9.303157e+01 1.971104e-01
2.150000e+03 9.164120e+01 1.950268e-01
2.175000e+03 9.019769e+01 1.871029e-01
2.200000e+03 8.862160e+01 1.854583e-01
2.225000e+03 8.699122e+01 1.734948e-01
2.250000e+03 8.568717e+01 1.680376e-01
2.275000e+03 8.425847e+01 1.722669e-01
2.300000e+03 8.274289e+01 1.689972e-01
2.325000e+03 8.165903e+01 1.631816e-01
2.350000e+03 8.049617e+01 1.605607e-01
2.375000e+03 7.897180e+01 1.560175e-01
2.400000e+03 7.780072e+01 1.596776e-01
2.425000e+03 7.646352e+01 1.557571e-01
2.450000e+03 7.561785e+01 1.559866e-01
2.475000e+03 7.467603e+01 1.530981e-01
2.500000e+03 7.327830e+01 1.541813e-01
2.525000e+03 7.228818e+01 1.463585e-01
2.550000e+03 7.139773e+01 1.424188e-01
2.575000e+03 7.041124e+01 1.381987e-01
2.600000e+03 6.953777e+01 1.344985e-01
2.625000e+03 6.846808e+01 1.392070e-01
2.650000e+03 6.734835e+01 1.292198e-01
2.675000e+03 6.635533e+01 1.335813e-01
2.700000e+03 6.566158e+01 1.300208e-01
2.725000e+03 6.449280e+01 1.253160e-01
2.750000e+03 6.375643e+01 1.284545e-01
2.775000e+03 6.309506e+01 1.257043e-01
2.800000e+03 6.229933e+01 1.227212e-01
2.825000e+03 6.142584e+01 1.162895e-01
2.850000e+03 6.059791e+01 1.177769e-01
2.875000e+03 5.964819e+01 1.177025e-01
2.900000e+03 5.914359e+01 1.165080e-01
2.925000e+03 5.834935e+01 1.124232e-01
2.950000e+03 5.779253e+01 1.126671e-01
2.975000e+03 5.686939e+01 1.090349e-01
3.000000e+02 2.752918e+00 4.577933e-03
3.050000e+02 3.654768e+00 6.073143e-03
3.100000e+02 4.761328e+00 8.020311e-03
3.150000e+02 6.125553e+00 1.062701e-02
3.200000e+02 7.868189e+00 1.349294e-02
3.250000e+02 1.026373e+01 1.823660e-02
3.300000e+02 1.388381e+01 2.512867e-02
3.350000e+02 2.041728e+01 3.758655e-02
3.400000e+02 3.655385e+01 7.164297e-02
3.450000e+02 1.342702e+02 2.741362e-01
3.500000e+02 5.417698e+02 1.108821e+00
3.550000e+02 6.460072e+02 1.412220e+00
3.600000e+02 6.995830e+02 1.608039e+00
3.650000e+02 7.381008e+02 1.737606e+00
3.700000e+02 7.648354e+02 1.811919e+00
3.750000e+02 7.871361e+02 1.929632e+00
3.800000e+02 8.037133e+02 1.995126e+00
3.850000e+02 8.113511e+02 2.160307e+00
3.900000e+02 8.227680e+02 2.148175e+00
3.950000e+02 8.309164e+02 2.041305e+00
4.000000e+02 8.282122e+02 2.162148e+00
4.100000e+02 8.307827e+02 2.175152e+00
4.200000e+02 8.293518e+02 2.116869e+00
4.300000e+02 8.228321e+02 2.116424e+00
4.400000e+02 8.181214e+02 2.135849e+00
4.500000e+02 8.059696e+02 2.086035e+00
4.600000e+02 7.864570e+02 1.964880e+00
4.700000e+02 7.758063e+02 1.958934e+00
4.800000e+02 7.647132e+02 1.942824e+00
4.900000e+02 7.509514e+02 1.892610e+00
5.000000e+02 7.347075e+02 1.893643e+00
5.100000e+02 7.180938e+02 1.812122e+00
5.200000e+02 7.035513e+02 1.795724e+00
5.300000e+02 6.886199e+02 1.703184e+00
5.400000e+02 6.774139e+02 1.725967e+00
5.500000e+02 6.620667e+02 1.606310e+00
5.600000e+02 6.435848e+02 1.630120e+00
5.700000e+02 6.342797e+02 1.565296e+00
5.800000e+02 6.196892e+02 1.509371e+00
5.900000e+02 6.057157e+02 1.479209e+00
6.000000e+02 5.931849e+02 1.452410e+00
6.250000e+02 5.598801e+02 1.380585e+00
6.500000e+02 5.329647e+02 1.278813e+00
6.750000e+02 5.056712e+02 1.237108e+00
7.000000e+02 4.807226e+02 1.152805e+00
7.250000e+02 4.551525e+02 1.133846e+00
7.500000e+02 4.348985e+02 1.051669e+00
7.750000e+02 4.142013e+02 1.017132e+00
8.000000e+02 3.971366e+02 9.379055e-01
8.250000e+02 3.793393e+02 9.077275e-01
8.500000e+02 3.622214e+02 8.701107e-01
8.750000e+02 3.466380e+02 8.029427e-01
9.000000e+02 3.350903e+02 7.665385e-01
9.250000e+02 3.214059e+02 7.360537e-01
9.500000e+02 3.088211e+02 6.955768e-01
9.750000e+02 2.958145e+02 6.779440e-01
