3.000000e+02 5.829099e+00 9.647960e-03
3.000000e+02 5.812320e+00 9.706607e-03
3.000000e+02 5.817211e+00 9.629689e-03
3.000000e+02 5.845801e+00 9.756721e-03
3.000000e+02 5.839009e+00 9.765194e-03
3.050000e+02 7.862267e+00 1.311345e-02
3.050000e+02 7.862167e+00 1.337325e-02
3.050000e+02 7.863911e+00 1.307626e-02
3.050000e+02 7.871920e+00 1.319514e-02
3.050000e+02 7.853799e+00 1.313998e-02
3.100000e+02 1.050332e+01 1.781610e-02
3.100000e+02 1.048702e+01 1.770695e-02
3.100000e+02 1.048485e+01 1.761771e-02
3.100000e+02 1.051707e+01 1.780449e-02
3.100000e+02 1.052476e+01 1.746873e-02
3.150000e+02 1.398445e+01 2.394169e-02
3.150000e+02 1.397210e+01 2.401625e-02
3.150000e+02 1.404509e+01 2.361165e-02
3.150000e+02 1.401533e+01 2.361821e-02
3.150000e+02 1.403124e+01 2.357327e-02
3.200000e+02 1.880997e+01 3.173463e-02
3.200000e+02 1.880938e+01 3.201709e-02
3.200000e+02 1.884226e+01 3.191890e-02
3.200000e+02 1.885578e+01 3.232192e-02
3.200000e+02 1.881258e+01 3.168367e-02
3.250000e+02 2.575058e+01 4.504740e-02
3.250000e+02 2.581757e+01 4.525816e-02
3.250000e+02 2.572751e+01 4.429281e-02
3.250000e+02 2.574012e+01 4.504116e-02
3.250000e+02 2.566837e+01 4.482178e-02
3.300000e+02 3.649093e+01 6.599138e-02
3.300000e+02 3.655892e+01 6.605111e-02
3.300000e+02 3.656388e+01 6.580029e-02
3.300000e+02 3.654279e+01 6.625222e-02
3.300000e+02 3.669134e+01 6.544564e-02
3.310000e+02 3.963924e+01 7.166667e-02
3.310000e+02 3.958206e+01 7.166346e-02
3.310000e+02 3.963402e+01 7.130379e-02
3.310000e+02 3.972211e+01 7.198896e-02
3.310000e+02 3.968461e+01 7.115258e-02
3.320000e+02 4.284977e+01 7.635698e-02
3.320000e+02 4.287102e+01 7.695355e-02
3.320000e+02 4.290600e+01 7.722373e-02
3.320000e+02 4.287618e+01 7.878207e-02
3.320000e+02 4.293540e+01 8.012020e-02
3.330000e+02 4.680780e+01 8.593903e-02
3.330000e+02 4.693257e+01 8.490546e-02
3.330000e+02 4.672077e+01 8.782557e-02
3.330000e+02 4.680456e+01 8.589115e-02
3.330000e+02 4.686497e+01 8.527367e-02
3.340000e+02 5.125316e+01 9.579360e-02
3.340000e+02 5.129317e+01 9.357630e-02
3.340000e+02 5.130488e+01 9.535957e-02
3.340000e+02 5.125113e+01 9.513281e-02
3.340000e+02 5.127628e+01 9.605416e-02
3.350000e+02 5.644552e+01 1.070091e-01
3.350000e+02 5.634218e+01 1.057836e-01
3.350000e+02 5.634568e+01 1.062217e-01
3.350000e+02 5.638888e+01 1.063202e-01
3.350000e+02 5.667688e+01 1.066987e-01
3.360000e+02 6.270676e+01 1.203543e-01
3.360000e+02 6.256436e+01 1.200926e-01
3.360000e+02 6.264896e+01 1.187837e-01
3.360000e+02 6.265472e+01 1.196519e-01
3.360000e+02 6.254732e+01 1.191423e-01
3.370000e+02 7.021599e+01 1.365860e-01
3.370000e+02 7.014250e+01 1.377424e-01
3.370000e+02 7.029631e+01 1.332071e-01
3.370000e+02 7.018376e+01 1.362365e-01
3.370000e+02 7.016113e+01 1.363271e-01
3.380000e+02 7.986872e+01 1.573301e-01
3.380000e+02 7.970535e+01 1.565253e-01
3.380000e+02 7.988760e+01 1.593345e-01
3.380000e+02 7.964436e+01 1.564952e-01
3.380000e+02 7.985259e+01 1.595167e-01
3.390000e+02 9.156477e+01 1.843738e-01
3.390000e+02 9.156034e+01 1.836650e-01
3.390000e+02 9.192554e+01 1.819241e-01
3.390000e+02 9.174200e+01 1.831917e-01
3.390000e+02 9.183952e+01 1.897373e-01
3.400000e+02 1.077419e+02 2.217845e-01
3.400000e+02 1.078594e+02 2.212170e-01
3.400000e+02 1.079753e+02 2.150591e-01
3.400000e+02 1.080256e+02 2.204530e-01
3.400000e+02 1.078540e+02 2.207726e-01
3.402000e+02 1.118020e+02 2.333851e-01
3.402000e+02 1.120239e+02 2.257474e-01
3.402000e+02 1.121224e+02 2.301532e-01
3.402000e+02 1.115440e+02 2.358079e-01
3.402000e+02 1.120266e+02 2.245240e-01
3.404000e+02 1.161516e+02 2.357626e-01
3.404000e+02 1.163543e+02 2.364772e-01
3.404000e+02 1.162244e+02 2.410614e-01
3.404000e+02 1.159217e+02 2.431142e-01
3.404000e+02 1.159457e+02 2.334967e-01
3.406000e+02 1.206571e+02 2.461529e-01
3.406000e+02 1.204592e+02 2.454043e-01
3.406000e+02 1.206855e+02 2.486517e-01
3.406000e+02 1.207852e+02 2.581270e-01
3.406000e+02 1.205915e+02 2.498924e-01
3.408000e+02 1.255973e+02 2.632265e-01
3.408000e+02 1.254964e+02 2.594195e-01
3.408000e+02 1.258441e+02 2.638507e-01
3.408000e+02 1.255839e+02 2.543329e-01
3.408000e+02 1.255621e+02 2.560550e-01
3.410000e+02 1.308647e+02 2.747386e-01
3.410000e+02 1.305008e+02 2.641404e-01
3.410000e+02 1.309775e+02 2.756675e-01
3.410000e+02 1.306902e+02 2.790241e-01
3.410000e+02 1.313027e+02 2.722499e-01
3.412000e+02 1.365684e+02 2.801711e-01
3.412000e+02 1.372006e+02 2.817941e-01
3.412000e+02 1.365882e+02 2.864926e-01
3.412000e+02 1.373466e+02 2.858222e-01
3.412000e+02 1.367935e+02 2.855086e-01
3.414000e+02 1.428101e+02 3.070921e-01
3.414000e+02 1.431866e+02 3.020685e-01
3.414000e+02 1.429142e+02 3.013567e-01
3.414000e+02 1.424864e+02 2.969461e-01
3.414000e+02 1.434336e+02 2.993339e-01
3.416000e+02 1.503073e+02 3.156048e-01
3.416000e+02 1.505894e+02 3.123353e-01
3.416000e+02 1.504322e+02 3.266526e-01
3.416000e+02 1.502816e+02 3.172487e-01
3.416000e+02 1.504053e+02 3.230102e-01
3.418000e+02 1.576031e+02 3.383617e-01
3.418000e+02 1.579341e+02 3.291465e-01
3.418000e+02 1.586419e+02 3.483736e-01
3.418000e+02 1.576293e+02 3.382412e-01
3.418000e+02 1.578685e+02 3.248610e-01
3.420000e+02 1.664128e+02 3.597093e-01
3.420000e+02 1.664504e+02 3.585846e-01
3.420000e+02 1.664295e+02 3.524130e-01
3.420000e+02 1.662353e+02 3.619108e-01
3.420000e+02 1.663631e+02 3.555057e-01
3.422000e+02 1.759372e+02 3.684476e-01
3.422000e+02 1.766394e+02 3.716427e-01
3.422000e+02 1.759902e+02 3.746418e-01
3.422000e+02 1.756981e+02 3.871823e-01
3.422000e+02 1.770950e+02 3.887430e-01
3.424000e+02 1.872658e+02 4.121756e-01
3.424000e+02 1.869075e+02 3.975609e-01
3.424000e+02 1.866862e+02 4.185350e-01
3.424000e+02 1.861486e+02 3.963267e-01
3.424000e+02 1.863619e+02 3.871135e-01
3.426000e+02 1.999857e+02 4.168797e-01
3.426000e+02 1.989645e+02 4.208968e-01
3.426000e+02 1.983891e+02 4.478670e-01
3.426000e+02 1.992937e+02 4.312087e-01
3.426000e+02 1.987156e+02 4.413106e-01
3.428000e+02 2.123774e+02 4.506627e-01
3.428000e+02 2.127897e+02 4.628827e-01
3.428000e+02 2.130376e+02 4.670924e-01
3.428000e+02 2.128861e+02 4.672045e-01
3.428000e+02 2.121141e+02 4.575170e-01
3.430000e+02 2.288739e+02 4.833806e-01
3.430000e+02 2.278490e+02 4.975852e-01
3.430000e+02 2.289647e+02 5.212052e-01
3.430000e+02 2.272947e+02 4.933524e-01
3.430000e+02 2.282086e+02 5.114201e-01
3.432000e+02 2.460259e+02 5.431377e-01
3.432000e+02 2.449167e+02 5.364929e-01
3.432000e+02 2.452627e+02 5.111020e-01
3.432000e+02 2.455335e+02 5.491101e-01
3.432000e+02 2.447168e+02 5.433915e-01
3.434000e+02 2.641066e+02 5.770070e-01
3.434000e+02 2.648919e+02 5.784595e-01
3.434000e+02 2.648898e+02 5.955554e-01
3.434000e+02 2.642656e+02 5.865771e-01
3.434000e+02 2.637053e+02 5.867262e-01
3.436000e+02 2.862308e+02 6.295635e-01
3.436000e+02 2.858210e+02 6.513204e-01
3.436000e+02 2.869271e+02 6.629171e-01
3.436000e+02 2.858631e+02 6.409431e-01
3.436000e+02 2.863174e+02 6.307343e-01
3.438000e+02 3.097386e+02 6.664183e-01
3.438000e+02 3.098250e+02 7.122141e-01
3.438000e+02 3.101881e+02 7.268832e-01
3.438000e+02 3.114156e+02 6.823357e-01
3.438000e+02 3.110584e+02 7.023780e-01
3.440000e+02 3.354726e+02 7.490900e-01
3.440000e+02 3.376830e+02 7.551165e-01
3.440000e+02 3.359736e+02 7.550447e-01
3.440000e+02 3.363209e+02 7.652851e-01
3.440000e+02 3.355860e+02 7.601789e-01
3.442000e+02 3.645747e+02 6.949849e-01
3.442000e+02 3.654046e+02 6.824563e-01
3.442000e+02 3.648848e+02 7.082979e-01
3.442000e+02 3.648695e+02 6.865028e-01
3.442000e+02 3.644108e+02 6.880597e-01
3.444000e+02 3.944511e+02 7.360421e-01
3.444000e+02 3.940608e+02 7.243467e-01
3.444000e+02 3.944600e+02 7.525747e-01
3.444000e+02 3.959236e+02 7.489907e-01
3.444000e+02 3.946139e+02 7.371179e-01
3.446000e+02 4.242168e+02 8.229158e-01
3.446000e+02 4.247587e+02 7.979914e-01
3.446000e+02 4.249265e+02 7.833120e-01
3.446000e+02 4.240653e+02 7.947335e-01
3.446000e+02 4.241020e+02 7.905915e-01
3.448000e+02 4.543982e+02 8.422642e-01
3.448000e+02 4.547080e+02 8.089065e-01
3.448000e+02 4.552008e+02 8.150602e-01
3.448000e+02 4.561869e+02 8.319444e-01
3.448000e+02 4.550695e+02 8.349114e-01
3.450000e+02 4.849631e+02 8.819285e-01
3.450000e+02 4.861356e+02 8.877124e-01
3.450000e+02 4.857117e+02 8.922321e-01
3.450000e+02 4.862920e+02 8.855540e-01
3.450000e+02 4.860188e+02 8.781126e-01
3.452000e+02 5.181692e+02 9.020139e-01
3.452000e+02 5.154290e+02 9.041481e-01
3.452000e+02 5.169858e+02 9.577140e-01
3.452000e+02 5.146220e+02 9.206523e-01
3.452000e+02 5.161585e+02 9.192949e-01
3.454000e+02 5.458070e+02 9.818892e-01
3.454000e+02 5.461710e+02 9.681048e-01
3.454000e+02 5.474461e+02 1.002190e+00
3.454000e+02 5.462300e+02 9.739287e-01
3.454000e+02 5.462964e+02 9.816719e-01
3.456000e+02 5.761087e+02 1.019158e+00
3.456000e+02 5.759005e+02 1.031221e+00
3.456000e+02 5.754584e+02 1.028701e+00
3.456000e+02 5.756600e+02 1.011445e+00
3.456000e+02 5.751805e+02 1.020602e+00
3.458000e+02 6.026498e+02 1.057803e+00
3.458000e+02 6.028537e+02 1.082017e+00
3.458000e+02 6.042736e+02 1.092872e+00
3.458000e+02 6.026998e+02 1.083288e+00
3.458000e+02 6.039993e+02 1.066735e+00
3.460000e+02 6.312389e+02 1.106822e+00
3.460000e+02 6.312478e+02 1.105599e+00
3.460000e+02 6.309852e+02 1.134465e+00
3.460000e+02 6.338133e+02 1.127002e+00
3.460000e+02 6.296875e+02 1.095570e+00
3.462000e+02 6.596135e+02 1.142385e+00
3.462000e+02 6.574087e+02 1.155519e+00
3.462000e+02 6.575488e+02 1.166005e+00
3.462000e+02 6.554228e+02 1.168781e+00
3.462000e+02 6.578287e+02 1.164865e+00
3.464000e+02 6.840413e+02 1.203109e+00
3.464000e+02 6.840352e+02 1.219642e+00
3.464000e+02 6.837529e+02 1.181990e+00
3.464000e+02 6.845946e+02 1.206742e+00
3.464000e+02 6.831877e+02 1.211303e+00
3.466000e+02 7.087987e+02 1.233170e+00
3.466000e+02 7.073381e+02 1.227229e+00
3.466000e+02 7.117330e+02 1.238472e+00
3.466000e+02 7.110436e+02 1.241032e+00
3.466000e+02 7.085233e+02 1.261152e+00
3.468000e+02 7.344881e+02 1.264188e+00
3.468000e+02 7.331112e+02 1.278524e+00
3.468000e+02 7.351673e+02 1.309005e+00
3.468000e+02 7.320834e+02 1.277779e+00
3.468000e+02 7.332061e+02 1.328177e+00
3.470000e+02 7.598212e+02 1.309888e+00
3.470000e+02 7.570136e+02 1.371445e+00
3.470000e+02 7.530558e+02 1.350738e+00
3.470000e+02 7.570656e+02 1.333260e+00
3.470000e+02 7.592299e+02 1.345361e+00
3.472000e+02 7.807410e+02 1.424896e+00
3.472000e+02 7.827263e+02 1.384523e+00
3.472000e+02 7.799748e+02 1.369884e+00
3.472000e+02 7.787727e+02 1.379660e+00
3.472000e+02 7.804009e+02 1.392288e+00
3.474000e+02 8.024334e+02 1.421666e+00
3.474000e+02 7.996490e+02 1.434473e+00
3.474000e+02 8.013979e+02 1.415143e+00
3.474000e+02 8.019718e+02 1.452390e+00
3.474000e+02 8.009324e+02 1.455001e+00
3.476000e+02 8.228246e+02 1.470514e+00
3.476000e+02 8.255634e+02 1.504487e+00
3.476000e+02 8.236809e+02 1.474737e+00
3.476000e+02 8.252643e+02 1.499631e+00
3.476000e+02 8.240916e+02 1.468367e+00
3.478000e+02 8.471145e+02 1.502875e+00
3.478000e+02 8.466349e+02 1.515041e+00
3.478000e+02 8.464330e+02 1.540334e+00
3.478000e+02 8.461118e+02 1.515077e+00
3.478000e+02 8.434411e+02 1.534324e+00
3.480000e+02 8.698922e+02 1.582556e+00
3.480000e+02 8.653246e+02 1.536710e+00
3.480000e+02 8.670682e+02 1.575765e+00
3.480000e+02 8.666905e+02 1.550978e+00
3.480000e+02 8.665006e+02 1.576135e+00
3.482000e+02 8.867588e+02 1.593182e+00
3.482000e+02 8.831333e+02 1.607199e+00
3.482000e+02 8.901254e+02 1.609944e+00
3.482000e+02 8.881861e+02 1.597736e+00
3.482000e+02 8.859324e+02 1.623092e+00
3.484000e+02 9.067210e+02 1.674580e+00
3.484000e+02 9.072071e+02 1.661665e+00
3.484000e+02 9.063279e+02 1.659038e+00
3.484000e+02 9.042864e+02 1.627842e+00
3.484000e+02 9.048162e+02 1.621726e+00
3.486000e+02 9.247639e+02 1.668712e+00
3.486000e+02 9.236509e+02 1.664125e+00
3.486000e+02 9.256409e+02 1.693080e+00
3.486000e+02 9.250982e+02 1.686388e+00
3.486000e+02 9.250189e+02 1.664617e+00
3.488000e+02 9.410531e+02 1.755405e+00
3.488000e+02 9.430652e+02 1.724709e+00
3.488000e+02 9.439992e+02 1.736232e+00
3.488000e+02 9.434898e+02 1.788986e+00
3.488000e+02 9.439959e+02 1.713963e+00
3.490000e+02 9.636821e+02 1.766444e+00
3.490000e+02 9.613715e+02 1.791406e+00
3.490000e+02 9.620114e+02 1.784622e+00
3.490000e+02 9.623058e+02 1.776188e+00
3.490000e+02 9.576691e+02 1.768878e+00
3.492000e+02 9.800769e+02 1.816846e+00
3.492000e+02 9.815937e+02 1.812383e+00
3.492000e+02 9.817658e+02 1.803594e+00
3.492000e+02 9.785751e+02 1.859772e+00
3.492000e+02 9.799883e+02 1.807321e+00
3.494000e+02 9.966837e+02 1.807941e+00
3.494000e+02 9.932730e+02 1.847567e+00
3.494000e+02 9.967087e+02 1.822026e+00
3.494000e+02 9.952151e+02 1.840782e+00
3.494000e+02 9.954508e+02 1.842991e+00
3.496000e+02 1.015369e+03 1.904429e+00
3.496000e+02 1.011876e+03 1.879549e+00
3.496000e+02 1.014180e+03 1.924222e+00
3.496000e+02 1.011998e+03 1.853072e+00
3.496000e+02 1.012585e+03 1.870827e+00
3.498000e+02 1.033510e+03 1.897558e+00
3.498000e+02 1.031834e+03 1.934352e+00
3.498000e+02 1.028158e+03 1.949882e+00
3.498000e+02 1.031364e+03 1.907328e+00
3.498000e+02 1.027345e+03 1.858199e+00
3.500000e+02 1.047511e+03 1.976938e+00
3.500000e+02 1.044121e+03 1.957091e+00
3.500000e+02 1.045321e+03 1.963735e+00
3.500000e+02 1.045228e+03 1.942213e+00
3.500000e+02 1.046315e+03 1.989227e+00
3.510000e+02 1.124911e+03 2.129342e+00
3.510000e+02 1.121047e+03 2.114494e+00
3.510000e+02 1.122357e+03 2.135168e+00
3.510000e+02 1.124266e+03 2.100436e+00
3.510000e+02 1.126129e+03 2.092803e+00
3.520000e+02 1.193559e+03 2.209813e+00
3.520000e+02 1.195625e+03 2.253541e+00
3.520000e+02 1.189172e+03 2.277856e+00
3.520000e+02 1.192736e+03 2.219784e+00
3.520000e+02 1.193151e+03 2.253626e+00
3.530000e+02 1.253392e+03 2.366057e+00
3.530000e+02 1.253690e+03 2.384832e+00
3.530000e+02 1.258221e+03 2.398052e+00
3.530000e+02 1.253105e+03 2.428330e+00
3.530000e+02 1.258965e+03 2.419877e+00
3.540000e+02 1.316129e+03 2.558339e+00
3.540000e+02 1.315310e+03 2.481709e+00
3.540000e+02 1.313202e+03 2.537717e+00
3.540000e+02 1.316850e+03 2.566004e+00
3.540000e+02 1.313946e+03 2.553966e+00
3.550000e+02 1.368899e+03 2.611993e+00
3.550000e+02 1.361849e+03 2.682103e+00
3.550000e+02 1.364854e+03 2.664099e+00
3.550000e+02 1.364998e+03 2.678835e+00
3.550000e+02 1.369715e+03 2.640237e+00
3.560000e+02 1.415511e+03 2.789626e+00
3.560000e+02 1.419855e+03 2.721007e+00
3.560000e+02 1.420182e+03 2.816017e+00
3.560000e+02 1.414668e+03 2.860563e+00
3.560000e+02 1.413983e+03 2.765050e+00
3.570000e+02 1.458623e+03 2.893607e+00
3.570000e+02 1.463403e+03 2.891705e+00
3.570000e+02 1.461219e+03 2.880649e+00
3.570000e+02 1.466092e+03 2.848920e+00
3.570000e+02 1.467048e+03 2.914639e+00
3.580000e+02 1.510178e+03 2.989930e+00
3.580000e+02 1.508194e+03 2.959460e+00
3.580000e+02 1.503294e+03 2.944665e+00
3.580000e+02 1.504625e+03 2.999701e+00
3.580000e+02 1.507733e+03 3.039274e+00
3.590000e+02 1.548025e+03 3.068243e+00
3.590000e+02 1.548428e+03 3.061300e+00
3.590000e+02 1.545722e+03 3.020806e+00
3.590000e+02 1.540372e+03 3.060942e+00
3.590000e+02 1.545578e+03 3.102606e+00
3.600000e+02 1.581723e+03 3.169302e+00
3.600000e+02 1.585345e+03 3.093296e+00
3.600000e+02 1.584218e+03 3.245336e+00
3.600000e+02 1.586295e+03 3.140569e+00
3.600000e+02 1.584111e+03 3.091764e+00
3.650000e+02 1.741229e+03 3.503855e+00
3.650000e+02 1.741278e+03 3.514432e+00
3.650000e+02 1.745872e+03 3.486936e+00
3.650000e+02 1.743806e+03 3.425975e+00
3.650000e+02 1.742156e+03 3.590524e+00
3.700000e+02 1.857363e+03 3.839327e+00
3.700000e+02 1.859644e+03 3.849566e+00
3.700000e+02 1.852265e+03 3.763921e+00
3.700000e+02 1.859549e+03 3.819669e+00
3.700000e+02 1.863313e+03 3.828248e+00
3.750000e+02 1.956515e+03 4.117720e+00
3.750000e+02 1.942117e+03 4.042089e+00
3.750000e+02 1.945586e+03 4.155826e+00
3.750000e+02 1.943137e+03 4.054426e+00
3.750000e+02 1.944951e+03 4.107537e+00
3.800000e+02 2.013915e+03 4.180126e+00
3.800000e+02 2.015219e+03 4.038032e+00
3.800000e+02 2.015078e+03 4.171440e+00
3.800000e+02 2.005188e+03 4.084668e+00
3.800000e+02 2.009203e+03 4.197829e+00
3.850000e+02 2.055470e+03 4.276406e+00
3.850000e+02 2.051238e+03 4.350090e+00
3.850000e+02 2.060902e+03 4.253619e+00
3.850000e+02 2.056483e+03 4.318051e+00
3.850000e+02 2.058811e+03 4.260545e+00
3.900000e+02 2.082613e+03 4.414633e+00
3.900000e+02 2.091087e+03 4.370484e+00
3.900000e+02 2.095038e+03 4.461476e+00
3.900000e+02 2.090663e+03 4.409630e+00
3.900000e+02 2.083867e+03 4.333993e+00
3.950000e+02 2.106098e+03 4.472006e+00
3.950000e+02 2.115527e+03 4.391281e+00
3.950000e+02 2.113981e+03 4.465039e+00
3.950000e+02 2.113943e+03 4.450386e+00
3.950000e+02 2.113557e+03 4.469996e+00
