3.000000e+02 8.869523e-01 1.803090e-03
3.000000e+02 8.874995e-01 1.842600e-03
3.000000e+02 8.845665e-01 1.818630e-03
3.000000e+02 8.857672e-01 1.819574e-03
3.000000e+02 8.854972e-01 1.819978e-03
3.050000e+02 1.189626e+00 2.458024e-03
3.050000e+02 1.189959e+00 2.452972e-03
3.050000e+02 1.187341e+00 2.491400e-03
3.050000e+02 1.187858e+00 2.481136e-03
3.050000e+02 1.185089e+00 2.446628e-03
3.100000e+02 1.586655e+00 3.294251e-03
3.100000e+02 1.583258e+00 3.327266e-03
3.100000e+02 1.579587e+00 3.340577e-03
3.100000e+02 1.576950e+00 3.264207e-03
3.100000e+02 1.576929e+00 3.291441e-03
3.150000e+02 2.105063e+00 4.526869e-03
3.150000e+02 2.097160e+00 4.453584e-03
3.150000e+02 2.101232e+00 4.467720e-03
3.150000e+02 2.107093e+00 4.489498e-03
3.150000e+02 2.114368e+00 4.549925e-03
3.200000e+02 2.820426e+00 6.059929e-03
3.200000e+02 2.823777e+00 5.946935e-03
3.200000e+02 2.828314e+00 5.996488e-03
3.200000e+02 2.828564e+00 5.996588e-03
3.200000e+02 2.820861e+00 6.069396e-03
3.250000e+02 3.873323e+00 8.363083e-03
3.250000e+02 3.862097e+00 8.388110e-03
3.250000e+02 3.885709e+00 8.293721e-03
3.250000e+02 3.865157e+00 8.299981e-03
3.250000e+02 3.874894e+00 8.428312e-03
3.300000e+02 5.554907e+00 1.240783e-02
3.300000e+02 5.531762e+00 1.227862e-02
3.300000e+02 5.544992e+00 1.211766e-02
3.300000e+02 5.533950e+00 1.216428e-02
3.300000e+02 5.557816e+00 1.216201e-02
3.310000e+02 6.006175e+00 1.342485e-02
3.310000e+02 6.010837e+00 1.356906e-02
3.310000e+02 6.021284e+00 1.350969e-02
3.310000e+02 6.003098e+00 1.319677e-02
3.310000e+02 5.994462e+00 1.352548e-02
3.320000e+02 6.517364e+00 1.468056e-02
3.320000e+02 6.525657e+00 1.478441e-02
3.320000e+02 6.505864e+00 1.474456e-02
3.320000e+02 6.516821e+00 1.475443e-02
3.320000e+02 6.519154e+00 1.457758e-02
3.330000e+02 7.107567e+00 1.626636e-02
3.330000e+02 7.110303e+00 1.616347e-02
3.330000e+02 7.131382e+00 1.604914e-02
3.330000e+02 7.107799e+00 1.602715e-02
3.330000e+02 7.147946e+00 1.617951e-02
3.340000e+02 7.796737e+00 1.798622e-02
3.340000e+02 7.799690e+00 1.760481e-02
3.340000e+02 7.840177e+00 1.793266e-02
3.340000e+02 7.828612e+00 1.806807e-02
3.340000e+02 7.818156e+00 1.783144e-02
3.350000e+02 8.654128e+00 1.970919e-02
3.350000e+02 8.631649e+00 1.969125e-02
3.350000e+02 8.615110e+00 1.978012e-02
3.350000e+02 8.656052e+00 1.994897e-02
3.350000e+02 8.625480e+00 1.953075e-02
3.360000e+02 9.614842e+00 2.214268e-02
3.360000e+02 9.621047e+00 2.290501e-02
3.360000e+02 9.582953e+00 2.245836e-02
3.360000e+02 9.595084e+00 2.228036e-02
3.360000e+02 9.596781e+00 2.295209e-02
3.370000e+02 1.078725e+01 2.552085e-02
3.370000e+02 1.081629e+01 2.536413e-02
3.370000e+02 1.077843e+01 2.502191e-02
3.370000e+02 1.083118e+01 2.601208e-02
3.370000e+02 1.078492e+01 2.567924e-02
3.380000e+02 1.228990e+01 2.906822e-02
3.380000e+02 1.228305e+01 2.989565e-02
3.380000e+02 1.231486e+01 2.851182e-02
3.380000e+02 1.226842e+01 2.987886e-02
3.380000e+02 1.225375e+01 2.985450e-02
3.390000e+02 1.418072e+01 3.482713e-02
3.390000e+02 1.418872e+01 3.512123e-02
3.390000e+02 1.421573e+01 3.432968e-02
3.390000e+02 1.426036e+01 3.493152e-02
3.390000e+02 1.423399e+01 3.396581e-02
3.400000e+02 1.689077e+01 4.300791e-02
3.400000e+02 1.685749e+01 4.125387e-02
3.400000e+02 1.682324e+01 4.193964e-02
3.400000e+02 1.671323e+01 4.061840e-02
3.400000e+02 1.684287e+01 4.271008e-02
3.402000e+02 1.757086e+01 4.271833e-02
3.402000e+02 1.741246e+01 4.396207e-02
3.402000e+02 1.748826e+01 4.478996e-02
3.402000e+02 1.745873e+01 4.499954e-02
3.402000e+02 1.747130e+01 4.433792e-02
3.404000e+02 1.817280e+01 4.551759e-02
3.404000e+02 1.808357e+01 4.440970e-02
3.404000e+02 1.814777e+01 4.404357e-02
3.404000e+02 1.809574e+01 4.562770e-02
3.404000e+02 1.823356e+01 4.515429e-02
3.406000e+02 1.886243e+01 4.700255e-02
3.406000e+02 1.890159e+01 4.697777e-02
3.406000e+02 1.892243e+01 4.714369e-02
3.406000e+02 1.895528e+01 4.731288e-02
3.406000e+02 1.888901e+01 4.590234e-02
3.408000e+02 1.969775e+01 4.951550e-02
3.408000e+02 1.973144e+01 4.836991e-02
3.408000e+02 1.977462e+01 4.996947e-02
3.408000e+02 1.969815e+01 4.883718e-02
3.408000e+02 1.968571e+01 4.889069e-02
3.410000e+02 2.057922e+01 5.127139e-02
3.410000e+02 2.052023e+01 5.396324e-02
3.410000e+02 2.066818e+01 5.262349e-02
3.410000e+02 2.057579e+01 5.055204e-02
3.410000e+02 2.054949e+01 5.264278e-02
3.412000e+02 2.162843e+01 5.322095e-02
3.412000e+02 2.148498e+01 5.374252e-02
3.412000e+02 2.147232e+01 5.518002e-02
3.412000e+02 2.148116e+01 5.422883e-02
3.412000e+02 2.147820e+01 5.471007e-02
3.414000e+02 2.252280e+01 5.574902e-02
3.414000e+02 2.253378e+01 5.621899e-02
3.414000e+02 2.265896e+01 5.736803e-02
3.414000e+02 2.255026e+01 5.551006e-02
3.414000e+02 2.261453e+01 5.569066e-02
3.416000e+02 2.376470e+01 5.849540e-02
3.416000e+02 2.368694e+01 6.073383e-02
3.416000e+02 2.367427e+01 5.815606e-02
3.416000e+02 2.371595e+01 5.791589e-02
3.416000e+02 2.369372e+01 5.998771e-02
3.418000e+02 2.502294e+01 6.286288e-02
3.418000e+02 2.495861e+01 6.145352e-02
3.418000e+02 2.488512e+01 6.354234e-02
3.418000e+02 2.502119e+01 6.426067e-02
3.418000e+02 2.505390e+01 6.392401e-02
3.420000e+02 2.637237e+01 6.487629e-02
3.420000e+02 2.640930e+01 6.793957e-02
3.420000e+02 2.641098e+01 6.683121e-02
3.420000e+02 2.641195e+01 6.754417e-02
3.420000e+02 2.630156e+01 6.734317e-02
3.422000e+02 2.790550e+01 6.799566e-02
3.422000e+02 2.801569e+01 7.601650e-02
3.422000e+02 2.793796e+01 7.114418e-02
3.422000e+02 2.801163e+01 6.901412e-02
3.422000e+02 2.791923e+01 7.136709e-02
3.424000e+02 2.973052e+01 7.406951e-02
3.424000e+02 2.966898e+01 7.515573e-02
3.424000e+02 2.970484e+01 7.565095e-02
3.424000e+02 2.965478e+01 7.851544e-02
3.424000e+02 2.960542e+01 7.552247e-02
3.426000e+02 3.160349e+01 7.795973e-02
3.426000e+02 3.169456e+01 8.343464e-02
3.426000e+02 3.170986e+01 8.134701e-02
3.426000e+02 3.166364e+01 7.813364e-02
3.426000e+02 3.166323e+01 8.231117e-02
3.428000e+02 3.391981e+01 8.580660e-02
3.428000e+02 3.398346e+01 8.810739e-02
3.428000e+02 3.388940e+01 8.680038e-02
3.428000e+02 3.380151e+01 8.955238e-02
3.428000e+02 3.381150e+01 9.047047e-02
3.430000e+02 3.645972e+01 9.460931e-02
3.430000e+02 3.635281e+01 9.502359e-02
3.430000e+02 3.638051e+01 9.497265e-02
3.430000e+02 3.629602e+01 9.388950e-02
3.430000e+02 3.630427e+01 9.443415e-02
3.432000e+02 3.934130e+01 9.974164e-02
3.432000e+02 3.935146e+01 1.022112e-01
3.432000e+02 3.918870e+01 1.051343e-01
3.432000e+02 3.925984e+01 1.008876e-01
3.432000e+02 3.932971e+01 1.026469e-01
3.434000e+02 4.268838e+01 1.150122e-01
3.434000e+02 4.236965e+01 1.165121e-01
3.434000e+02 4.232023e+01 1.092660e-01
3.434000e+02 4.241625e+01 1.134903e-01
3.434000e+02 4.235218e+01 1.108788e-01
3.436000e+02 4.591708e+01 1.180561e-01
3.436000e+02 4.591299e+01 1.218812e-01
3.436000e+02 4.594089e+01 1.161798e-01
3.436000e+02 4.612255e+01 1.237916e-01
3.436000e+02 4.580227e+01 1.234511e-01
3.438000e+02 4.994186e+01 1.312725e-01
3.438000e+02 4.988147e+01 1.342176e-01
3.438000e+02 4.998562e+01 1.318654e-01
3.438000e+02 4.994277e+01 1.276347e-01
3.438000e+02 4.966472e+01 1.366126e-01
3.440000e+02 5.439619e+01 1.530001e-01
3.440000e+02 5.428767e+01 1.436077e-01
3.440000e+02 5.447435e+01 1.439965e-01
3.440000e+02 5.430410e+01 1.382240e-01
3.440000e+02 5.398162e+01 1.370317e-01
3.442000e+02 5.874013e+01 1.267307e-01
3.442000e+02 5.904146e+01 1.279920e-01
3.442000e+02 5.879563e+01 1.273302e-01
3.442000e+02 5.911957e+01 1.312954e-01
3.442000e+02 5.906144e+01 1.309616e-01
3.444000e+02 6.361805e+01 1.384554e-01
3.444000e+02 6.390515e+01 1.371383e-01
3.444000e+02 6.363024e+01 1.391939e-01
3.444000e+02 6.369241e+01 1.363518e-01
3.444000e+02 6.389093e+01 1.347713e-01
3.446000e+02 6.878663e+01 1.484946e-01
3.446000e+02 6.872100e+01 1.459057e-01
3.446000e+02 6.877635e+01 1.469052e-01
3.446000e+02 6.860957e+01 1.455500e-01
3.446000e+02 6.880146e+01 1.496965e-01
3.448000e+02 7.354269e+01 1.561933e-01
3.448000e+02 7.382602e+01 1.550228e-01
3.448000e+02 7.371217e+01 1.543965e-01
3.448000e+02 7.378625e+01 1.556294e-01
3.448000e+02 7.400067e+01 1.537194e-01
3.450000e+02 7.885699e+01 1.649750e-01
3.450000e+02 7.845589e+01 1.616433e-01
3.450000e+02 7.877009e+01 1.665408e-01
3.450000e+02 7.905522e+01 1.644699e-01
3.450000e+02 7.858729e+01 1.645902e-01
3.452000e+02 8.375949e+01 1.739555e-01
3.452000e+02 8.388818e+01 1.733206e-01
3.452000e+02 8.371035e+01 1.715904e-01
3.452000e+02 8.394749e+01 1.737428e-01
3.452000e+02 8.366024e+01 1.724000e-01
3.454000e+02 8.857048e+01 1.811629e-01
3.454000e+02 8.867616e+01 1.785870e-01
3.454000e+02 8.876335e+01 1.771900e-01
3.454000e+02 8.864650e+01 1.778826e-01
3.454000e+02 8.869768e+01 1.819272e-01
3.456000e+02 9.366589e+01 1.868373e-01
3.456000e+02 9.348336e+01 1.921965e-01
3.456000e+02 9.354432e+01 1.939702e-01
3.456000e+02 9.326133e+01 1.901796e-01
3.456000e+02 9.322833e+01 1.852021e-01
3.458000e+02 9.800864e+01 1.951547e-01
3.458000e+02 9.781274e+01 1.972549e-01
3.458000e+02 9.832100e+01 1.969988e-01
3.458000e+02 9.749859e+01 1.999325e-01
3.458000e+02 9.803836e+01 1.926006e-01
3.460000e+02 1.024840e+02 2.094474e-01
3.460000e+02 1.024154e+02 2.085394e-01
3.460000e+02 1.024854e+02 1.992634e-01
3.460000e+02 1.026124e+02 2.099763e-01
3.460000e+02 1.022912e+02 2.081933e-01
3.462000e+02 1.067765e+02 2.174759e-01
3.462000e+02 1.068158e+02 2.137969e-01
3.462000e+02 1.069029e+02 2.153793e-01
3.462000e+02 1.064583e+02 2.150650e-01
3.462000e+02 1.066916e+02 2.187085e-01
3.464000e+02 1.110414e+02 2.265606e-01
3.464000e+02 1.112041e+02 2.196597e-01
3.464000e+02 1.110873e+02 2.221826e-01
3.464000e+02 1.110237e+02 2.213326e-01
3.464000e+02 1.109876e+02 2.243555e-01
3.466000e+02 1.149519e+02 2.357267e-01
3.466000e+02 1.146462e+02 2.282523e-01
3.466000e+02 1.152650e+02 2.338448e-01
3.466000e+02 1.148635e+02 2.292751e-01
3.466000e+02 1.150722e+02 2.334463e-01
3.468000e+02 1.192915e+02 2.364031e-01
3.468000e+02 1.192109e+02 2.380683e-01
3.468000e+02 1.189867e+02 2.349080e-01
3.468000e+02 1.189636e+02 2.373538e-01
3.468000e+02 1.191273e+02 2.364383e-01
3.470000e+02 1.231753e+02 2.499623e-01
3.470000e+02 1.227836e+02 2.462276e-01
3.470000e+02 1.233608e+02 2.445119e-01
3.470000e+02 1.229955e+02 2.444903e-01
3.470000e+02 1.230642e+02 2.406415e-01
3.472000e+02 1.266162e+02 2.516434e-01
3.472000e+02 1.262700e+02 2.578232e-01
3.472000e+02 1.266867e+02 2.518572e-01
3.472000e+02 1.267595e+02 2.589898e-01
3.472000e+02 1.267487e+02 2.513142e-01
3.474000e+02 1.302010e+02 2.641634e-01
3.474000e+02 1.301145e+02 2.589555e-01
3.474000e+02 1.303616e+02 2.610854e-01
3.474000e+02 1.301544e+02 2.658143e-01
3.474000e+02 1.301249e+02 2.545151e-01
3.476000e+02 1.339412e+02 2.641367e-01
3.476000e+02 1.336013e+02 2.694316e-01
3.476000e+02 1.337182e+02 2.688774e-01
3.476000e+02 1.335624e+02 2.656086e-01
3.476000e+02 1.336331e+02 2.719069e-01
3.478000e+02 1.370403e+02 2.700537e-01
3.478000e+02 1.371981e+02 2.822563e-01
3.478000e+02 1.369314e+02 2.715836e-01
3.478000e+02 1.372243e+02 2.720390e-01
3.478000e+02 1.368319e+02 2.728849e-01
3.480000e+02 1.397885e+02 2.851700e-01
3.480000e+02 1.401953e+02 2.854105e-01
3.480000e+02 1.404775e+02 2.836805e-01
3.480000e+02 1.403758e+02 2.846384e-01
3.480000e+02 1.401814e+02 2.888495e-01
3.482000e+02 1.434707e+02 2.885137e-01
3.482000e+02 1.435042e+02 2.879834e-01
3.482000e+02 1.435889e+02 2.925377e-01
3.482000e+02 1.436305e+02 2.988503e-01
3.482000e+02 1.434990e+02 2.951131e-01
3.484000e+02 1.466911e+02 2.919808e-01
3.484000e+02 1.462488e+02 3.005581e-01
3.484000e+02 1.462452e+02 2.975282e-01
3.484000e+02 1.462458e+02 3.017965e-01
3.484000e+02 1.464965e+02 2.990870e-01
3.486000e+02 1.494264e+02 3.049031e-01
3.486000e+02 1.498618e+02 3.105838e-01
3.486000e+02 1.496940e+02 3.017247e-01
3.486000e+02 1.496910e+02 3.062937e-01
3.486000e+02 1.491143e+02 3.025386e-01
3.488000e+02 1.523886e+02 3.144621e-01
3.488000e+02 1.533060e+02 3.052992e-01
3.488000e+02 1.526376e+02 3.060787e-01
3.488000e+02 1.528187e+02 3.090850e-01
3.488000e+02 1.518786e+02 3.087124e-01
3.490000e+02 1.556709e+02 3.226654e-01
3.490000e+02 1.556996e+02 3.097962e-01
3.490000e+02 1.561687e+02 3.183238e-01
3.490000e+02 1.551937e+02 3.163607e-01
3.490000e+02 1.554842e+02 3.134913e-01
3.492000e+02 1.581718e+02 3.261269e-01
3.492000e+02 1.584419e+02 3.203850e-01
3.492000e+02 1.591543e+02 3.229006e-01
3.492000e+02 1.580567e+02 3.197971e-01
3.492000e+02 1.580090e+02 3.280124e-01
3.494000e+02 1.612728e+02 3.358904e-01
3.494000e+02 1.608188e+02 3.227880e-01
3.494000e+02 1.609508e+02 3.181333e-01
3.494000e+02 1.608077e+02 3.273531e-01
3.494000e+02 1.607247e+02 3.306099e-01
3.496000e+02 1.634167e+02 3.382195e-01
3.496000e+02 1.639355e+02 3.349809e-01
3.496000e+02 1.634004e+02 3.296575e-01
3.496000e+02 1.634651e+02 3.319696e-01
3.496000e+02 1.641295e+02 3.376652e-01
3.498000e+02 1.659196e+02 3.476459e-01
3.498000e+02 1.667318e+02 3.441935e-01
3.498000e+02 1.657260e+02 3.374857e-01
3.498000e+02 1.666040e+02 3.531243e-01
3.498000e+02 1.654598e+02 3.487809e-01
3.500000e+02 1.690175e+02 3.538202e-01
3.500000e+02 1.685279e+02 3.518916e-01
3.500000e+02 1.684457e+02 3.434234e-01
3.500000e+02 1.689776e+02 3.401991e-01
3.500000e+02 1.689273e+02 3.539641e-01
3.510000e+02 1.802549e+02 3.717354e-01
3.510000e+02 1.805964e+02 3.752615e-01
3.510000e+02 1.810143e+02 3.752466e-01
3.510000e+02 1.803204e+02 3.794112e-01
3.510000e+02 1.804971e+02 3.625414e-01
3.520000e+02 1.906970e+02 4.032599e-01
3.520000e+02 1.908737e+02 4.031053e-01
3.520000e+02 1.910922e+02 4.074088e-01
3.520000e+02 1.904121e+02 4.000853e-01
3.520000e+02 1.908534e+02 4.089386e-01
3.530000e+02 2.001628e+02 4.278981e-01
3.530000e+02 1.998692e+02 4.179873e-01
3.530000e+02 2.009010e+02 4.301886e-01
3.530000e+02 2.005881e+02 4.118009e-01
3.530000e+02 2.011831e+02 4.358256e-01
3.540000e+02 2.097103e+02 4.475443e-01
3.540000e+02 2.092524e+02 4.414269e-01
3.540000e+02 2.084919e+02 4.511923e-01
3.540000e+02 2.088982e+02 4.303510e-01
3.540000e+02 2.093079e+02 4.508895e-01
3.550000e+02 2.170388e+02 4.680592e-01
3.550000e+02 2.170564e+02 4.627583e-01
3.550000e+02 2.163781e+02 4.498886e-01
3.550000e+02 2.167528e+02 4.622350e-01
3.550000e+02 2.169711e+02 4.599025e-01
3.560000e+02 2.235379e+02 4.683151e-01
3.560000e+02 2.240741e+02 4.911797e-01
3.560000e+02 2.239004e+02 4.831419e-01
3.560000e+02 2.232093e+02 4.817745e-01
3.560000e+02 2.236667e+02 4.652130e-01
3.570000e+02 2.303860e+02 5.000987e-01
3.570000e+02 2.302611e+02 5.083340e-01
3.570000e+02 2.311764e+02 4.933293e-01
3.570000e+02 2.300879e+02 4.920751e-01
3.570000e+02 2.297485e+02 4.987649e-01
3.580000e+02 2.360652e+02 5.056631e-01
3.580000e+02 2.367574e+02 5.155963e-01
3.580000e+02 2.354458e+02 5.117985e-01
3.580000e+02 2.362464e+02 4.978370e-01
3.580000e+02 2.366978e+02 5.034392e-01
3.590000e+02 2.429405e+02 5.277387e-01
3.590000e+02 2.421328e+02 5.123686e-01
3.590000e+02 2.423856e+02 5.083407e-01
3.590000e+02 2.428488e+02 5.384986e-01
3.590000e+02 2.420479e+02 5.232389e-01
3.600000e+02 2.475933e+02 5.348970e-01
3.600000e+02 2.470624e+02 5.344193e-01
3.600000e+02 2.475813e+02 5.442542e-01
3.600000e+02 2.469142e+02 5.329494e-01
3.600000e+02 2.466856e+02 5.289622e-01
3.650000e+02 2.660891e+02 5.855269e-01
3.650000e+02 2.672899e+02 5.883613e-01
3.650000e+02 2.677817e+02 5.631829e-01
3.650000e+02 2.673920e+02 5.818848e-01
3.650000e+02 2.666854e+02 5.811878e-01
3.700000e+02 2.798903e+02 6.293232e-01
3.700000e+02 2.778794e+02 6.152837e-01
3.700000e+02 2.790257e+02 6.157564e-01
3.700000e+02 2.804392e+02 6.101473e-01
3.700000e+02 2.803267e+02 6.134694e-01
3.750000e+02 2.861188e+02 6.480953e-01
3.750000e+02 2.856054e+02 6.374603e-01
3.750000e+02 2.864732e+02 6.235173e-01
3.750000e+02 2.881151e+02 6.316228e-01
3.750000e+02 2.875256e+02 6.511733e-01
3.800000e+02 2.918761e+02 6.474029e-01
3.800000e+02 2.916714e+02 6.427264e-01
3.800000e+02 2.918924e+02 6.574794e-01
3.800000e+02 2.913242e+02 6.442316e-01
3.800000e+02 2.903462e+02 6.544862e-01
3.850000e+02 2.921115e+02 6.482395e-01
3.850000e+02 2.937269e+02 6.433036e-01
3.850000e+02 2.929032e+02 6.506872e-01
3.850000e+02 2.923245e+02 6.454322e-01
3.850000e+02 2.923874e+02 6.480044e-01
3.900000e+02 2.914474e+02 6.410245e-01
3.900000e+02 2.912773e+02 6.531707e-01
3.900000e+02 2.916877e+02 6.460527e-01
3.900000e+02 2.927006e+02 6.464485e-01
3.900000e+02 2.928392e+02 6.451781e-01
3.950000e+02 2.894399e+02 6.459392e-01
3.950000e+02 2.906948e+02 6.443278e-01
3.950000e+02 2.900287e+02 6.413638e-01
3.950000e+02 2.916234e+02 6.436794e-01
3.950000e+02 2.906963e+02 6.363408e-01
