3.000000e+02 2.387524e+00 4.172300e-03
3.000000e+02 2.385373e+00 4.165637e-03
3.000000e+02 2.387319e+00 4.250377e-03
3.000000e+02 2.382538e+00 4.143080e-03
3.000000e+02 2.392586e+00 4.160835e-03
3.050000e+02 3.239040e+00 5.628651e-03
3.050000e+02 3.232029e+00 5.716334e-03
3.050000e+02 3.232185e+00 5.716967e-03
3.050000e+02 3.227014e+00 5.746004e-03
3.050000e+02 3.232835e+00 5.645854e-03
3.100000e+02 4.347084e+00 7.633984e-03
3.100000e+02 4.349889e+00 7.651651e-03
3.100000e+02 4.334991e+00 7.657033e-03
3.100000e+02 4.334951e+00 7.620238e-03
3.100000e+02 4.329773e+00 7.682829e-03
3.150000e+02 5.781305e+00 1.034070e-02
3.150000e+02 5.796502e+00 1.013111e-02
3.150000e+02 5.790740e+00 1.026794e-02
3.150000e+02 5.793382e+00 1.018674e-02
3.150000e+02 5.796615e+00 1.033040e-02
3.200000e+02 7.808574e+00 1.397513e-02
3.200000e+02 7.764423e+00 1.396527e-02
3.200000e+02 7.765963e+00 1.406660e-02
3.200000e+02 7.768973e+00 1.407199e-02
3.200000e+02 7.783066e+00 1.396432e-02
3.250000e+02 1.064330e+01 1.950329e-02
3.250000e+02 1.061022e+01 1.932729e-02
3.250000e+02 1.057450e+01 1.939780e-02
3.250000e+02 1.061559e+01 1.951659e-02
3.250000e+02 1.061093e+01 1.930359e-02
3.300000e+02 1.497788e+01 2.762167e-02
3.300000e+02 1.497790e+01 2.800121e-02
3.300000e+02 1.494468e+01 2.818256e-02
3.300000e+02 1.496850e+01 2.759865e-02
3.300000e+02 1.495382e+01 2.811657e-02
3.310000e+02 1.619560e+01 3.073504e-02
3.310000e+02 1.614021e+01 3.080536e-02
3.310000e+02 1.611481e+01 3.092194e-02
3.310000e+02 1.616545e+01 3.110358e-02
3.310000e+02 1.615244e+01 3.060800e-02
3.320000e+02 1.745930e+01 3.328219e-02
3.320000e+02 1.752863e+01 3.315460e-02
3.320000e+02 1.747398e+01 3.310262e-02
3.320000e+02 1.750499e+01 3.244084e-02
3.320000e+02 1.748019e+01 3.332205e-02
3.330000e+02 1.904730e+01 3.550802e-02
3.330000e+02 1.900481e+01 3.670933e-02
3.330000e+02 1.902313e+01 3.654699e-02
3.330000e+02 1.899949e+01 3.581701e-02
3.330000e+02 1.900017e+01 3.640110e-02
3.340000e+02 2.077456e+01 3.941002e-02
3.340000e+02 2.075991e+01 4.080474e-02
3.340000e+02 2.061343e+01 4.091805e-02
3.340000e+02 2.067457e+01 4.001149e-02
3.340000e+02 2.070536e+01 4.096749e-02
3.350000e+02 2.274858e+01 4.458270e-02
3.350000e+02 2.273821e+01 4.437007e-02
3.350000e+02 2.280930e+01 4.450241e-02
3.350000e+02 2.280506e+01 4.395895e-02
3.350000e+02 2.276838e+01 4.453429e-02
3.360000e+02 2.515569e+01 5.086721e-02
3.360000e+02 2.513239e+01 5.050637e-02
3.360000e+02 2.511821e+01 5.076781e-02
3.360000e+02 2.511808e+01 5.115635e-02
3.360000e+02 2.516014e+01 4.970983e-02
3.370000e+02 2.805106e+01 5.650744e-02
3.370000e+02 2.804895e+01 5.715644e-02
3.370000e+02 2.808806e+01 5.662794e-02
3.370000e+02 2.797118e+01 5.791084e-02
3.370000e+02 2.789706e+01 5.582851e-02
3.380000e+02 3.151316e+01 6.545704e-02
3.380000e+02 3.164031e+01 6.422132e-02
3.380000e+02 3.179378e+01 6.415813e-02
3.380000e+02 3.169748e+01 6.440315e-02
3.380000e+02 3.153984e+01 6.580391e-02
3.390000e+02 3.612868e+01 7.512534e-02
3.390000e+02 3.606831e+01 7.572526e-02
3.390000e+02 3.599392e+01 7.425490e-02
3.390000e+02 3.609511e+01 7.371970e-02
3.390000e+02 3.608953e+01 7.453264e-02
3.400000e+02 4.217001e+01 9.000215e-02
3.400000e+02 4.210981e+01 8.970985e-02
3.400000e+02 4.229930e+01 8.948102e-02
3.400000e+02 4.231323e+01 9.262098e-02
3.400000e+02 4.210699e+01 8.898584e-02
3.402000e+02 4.365409e+01 9.102014e-02
3.402000e+02 4.369471e+01 9.160204e-02
3.402000e+02 4.360948e+01 9.285279e-02
3.402000e+02 4.363145e+01 9.239908e-02
3.402000e+02 4.356675e+01 9.567679e-02
3.404000e+02 4.506652e+01 9.688530e-02
3.404000e+02 4.515636e+01 9.688222e-02
3.404000e+02 4.538946e+01 9.773309e-02
3.404000e+02 4.534720e+01 9.699876e-02
3.404000e+02 4.522238e+01 9.793039e-02
3.406000e+02 4.696390e+01 9.776286e-02
3.406000e+02 4.685580e+01 9.978244e-02
3.406000e+02 4.688152e+01 1.028458e-01
3.406000e+02 4.697294e+01 1.012999e-01
3.406000e+02 4.697236e+01 1.014208e-01
3.408000e+02 4.880690e+01 1.066688e-01
3.408000e+02 4.874627e+01 1.032462e-01
3.408000e+02 4.862371e+01 1.024374e-01
3.408000e+02 4.853129e+01 1.062438e-01
3.408000e+02 4.860948e+01 1.053906e-01
3.410000e+02 5.080667e+01 1.105044e-01
3.410000e+02 5.067398e+01 1.073946e-01
3.410000e+02 5.083638e+01 1.109310e-01
3.410000e+02 5.059350e+01 1.076707e-01
3.410000e+02 5.073218e+01 1.071579e-01
3.412000e+02 5.267186e+01 1.131310e-01
3.412000e+02 5.273717e+01 1.182079e-01
3.412000e+02 5.272854e+01 1.215262e-01
3.412000e+02 5.294093e+01 1.171926e-01
3.412000e+02 5.281627e+01 1.182737e-01
3.414000e+02 5.499227e+01 1.197655e-01
3.414000e+02 5.546132e+01 1.235282e-01
3.414000e+02 5.536450e+01 1.230495e-01
3.414000e+02 5.508515e+01 1.217734e-01
3.414000e+02 5.519519e+01 1.219525e-01
3.416000e+02 5.774524e+01 1.280154e-01
3.416000e+02 5.788244e+01 1.245369e-01
3.416000e+02 5.783496e+01 1.268951e-01
3.416000e+02 5.777638e+01 1.286843e-01
3.416000e+02 5.797356e+01 1.294178e-01
3.418000e+02 6.096442e+01 1.339028e-01
3.418000e+02 6.072863e+01 1.353057e-01
3.418000e+02 6.057038e+01 1.332108e-01
3.418000e+02 6.074787e+01 1.348645e-01
3.418000e+02 6.063282e+01 1.316909e-01
3.420000e+02 6.383150e+01 1.459611e-01
3.420000e+02 6.378716e+01 1.452474e-01
3.420000e+02 6.384612e+01 1.444686e-01
3.420000e+02 6.379832e+01 1.432201e-01
3.420000e+02 6.373776e+01 1.404623e-01
3.422000e+02 6.730023e+01 1.482370e-01
3.422000e+02 6.704188e+01 1.514375e-01
3.422000e+02 6.715322e+01 1.500156e-01
3.422000e+02 6.714342e+01 1.522850e-01
3.422000e+02 6.716426e+01 1.527011e-01
3.424000e+02 7.104043e+01 1.635614e-01
3.424000e+02 7.076327e+01 1.570515e-01
3.424000e+02 7.115454e+01 1.601460e-01
3.424000e+02 7.117545e+01 1.618703e-01
3.424000e+02 7.099206e+01 1.621552e-01
3.426000e+02 7.576200e+01 1.712827e-01
3.426000e+02 7.519863e+01 1.752338e-01
3.426000e+02 7.551046e+01 1.664824e-01
3.426000e+02 7.533824e+01 1.684006e-01
3.426000e+02 7.555818e+01 1.720806e-01
3.428000e+02 8.055709e+01 1.868688e-01
3.428000e+02 8.006473e+01 1.845839e-01
3.428000e+02 8.084587e+01 1.917471e-01
3.428000e+02 8.045087e+01 1.944785e-01
3.428000e+02 8.011351e+01 1.808193e-01
3.430000e+02 8.576154e+01 1.902737e-01
3.430000e+02 8.571541e+01 1.917733e-01
3.430000e+02 8.582985e+01 1.997723e-01
3.430000e+02 8.601728e+01 2.026908e-01
3.430000e+02 8.579179e+01 1.975319e-01
3.432000e+02 9.217902e+01 2.132717e-01
3.432000e+02 9.172345e+01 2.137550e-01
3.432000e+02 9.211486e+01 2.098266e-01
3.432000e+02 9.191410e+01 2.161889e-01
3.432000e+02 9.194616e+01 2.111604e-01
3.434000e+02 9.895851e+01 2.327335e-01
3.434000e+02 9.924762e+01 2.267025e-01
3.434000e+02 9.894794e+01 2.261401e-01
3.434000e+02 9.879755e+01 2.327570e-01
3.434000e+02 9.873735e+01 2.270007e-01
3.436000e+02 1.073477e+02 2.493475e-01
3.436000e+02 1.068608e+02 2.480127e-01
3.436000e+02 1.070439e+02 2.449637e-01
3.436000e+02 1.068364e+02 2.516386e-01
3.436000e+02 1.069059e+02 2.559106e-01
3.438000e+02 1.153188e+02 2.837108e-01
3.438000e+02 1.152290e+02 2.741116e-01
3.438000e+02 1.155027e+02 2.723536e-01
3.438000e+02 1.155461e+02 2.644758e-01
3.438000e+02 1.150142e+02 2.684042e-01
3.440000e+02 1.253138e+02 2.813209e-01
3.440000e+02 1.245283e+02 2.834496e-01
3.440000e+02 1.245610e+02 2.990605e-01
3.440000e+02 1.246048e+02 2.848554e-01
3.440000e+02 1.247439e+02 2.963745e-01
3.442000e+02 1.325403e+02 2.672727e-01
3.442000e+02 1.326232e+02 2.695506e-01
3.442000e+02 1.328957e+02 2.627135e-01
3.442000e+02 1.323046e+02 2.591125e-01
3.442000e+02 1.321287e+02 2.631813e-01
3.444000e+02 1.414421e+02 2.759867e-01
3.444000e+02 1.414350e+02 2.755822e-01
3.444000e+02 1.417063e+02 2.793685e-01
3.444000e+02 1.419002e+02 2.695712e-01
3.444000e+02 1.419840e+02 2.761129e-01
3.446000e+02 1.518595e+02 2.950939e-01
3.446000e+02 1.513518e+02 2.863018e-01
3.446000e+02 1.513217e+02 2.826688e-01
3.446000e+02 1.514892e+02 2.875782e-01
3.446000e+02 1.521925e+02 2.894233e-01
3.448000e+02 1.621185e+02 3.028794e-01
3.448000e+02 1.621101e+02 3.087549e-01
3.448000e+02 1.615846e+02 3.148664e-01
3.448000e+02 1.615310e+02 3.075690e-01
3.448000e+02 1.621013e+02 3.065641e-01
3.450000e+02 1.714509e+02 3.178866e-01
3.450000e+02 1.723131e+02 3.172013e-01
3.450000e+02 1.716813e+02 3.257952e-01
3.450000e+02 1.720073e+02 3.193832e-01
3.450000e+02 1.719591e+02 3.198925e-01
3.452000e+02 1.819183e+02 3.359393e-01
3.452000e+02 1.815526e+02 3.387774e-01
3.452000e+02 1.820077e+02 3.333341e-01
3.452000e+02 1.818926e+02 3.213951e-01
3.452000e+02 1.822699e+02 3.394053e-01
3.454000e+02 1.914437e+02 3.474803e-01
3.454000e+02 1.919324e+02 3.536678e-01
3.454000e+02 1.919782e+02 3.498971e-01
3.454000e+02 1.915729e+02 3.522055e-01
3.454000e+02 1.918451e+02 3.410192e-01
3.456000e+02 2.020181e+02 3.649626e-01
3.456000e+02 2.016312e+02 3.621421e-01
3.456000e+02 2.009981e+02 3.589395e-01
3.456000e+02 2.009632e+02 3.764372e-01
3.456000e+02 2.015402e+02 3.654304e-01
3.458000e+02 2.109868e+02 3.869096e-01
3.458000e+02 2.100079e+02 3.838734e-01
3.458000e+02 2.112122e+02 3.878064e-01
3.458000e+02 2.104645e+02 3.845087e-01
3.458000e+02 2.104651e+02 3.858025e-01
3.460000e+02 2.196047e+02 3.998617e-01
3.460000e+02 2.199017e+02 3.985088e-01
3.460000e+02 2.199656e+02 3.956414e-01
3.460000e+02 2.199018e+02 4.018773e-01
3.460000e+02 2.205464e+02 3.968724e-01
3.462000e+02 2.290994e+02 4.064240e-01
3.462000e+02 2.285230e+02 4.177252e-01
3.462000e+02 2.284216e+02 4.065350e-01
3.462000e+02 2.289863e+02 4.230247e-01
3.462000e+02 2.289259e+02 4.080833e-01
3.464000e+02 2.378214e+02 4.240303e-01
3.464000e+02 2.374907e+02 4.188603e-01
3.464000e+02 2.372800e+02 4.188683e-01
3.464000e+02 2.375945e+02 4.311783e-01
3.464000e+02 2.380584e+02 4.380757e-01
3.466000e+02 2.455408e+02 4.390484e-01
3.466000e+02 2.460511e+02 4.502215e-01
3.466000e+02 2.464875e+02 4.377443e-01
3.466000e+02 2.458681e+02 4.436133e-01
3.466000e+02 2.456314e+02 4.329202e-01
3.468000e+02 2.534787e+02 4.617212e-01
3.468000e+02 2.542385e+02 4.499186e-01
3.468000e+02 2.540319e+02 4.638909e-01
3.468000e+02 2.537282e+02 4.561128e-01
3.468000e+02 2.538435e+02 4.674793e-01
3.470000e+02 2.624302e+02 4.642755e-01
3.470000e+02 2.611154e+02 4.847962e-01
3.470000e+02 2.626062e+02 4.676558e-01
3.470000e+02 2.609824e+02 4.613799e-01
3.470000e+02 2.620201e+02 4.801642e-01
3.472000e+02 2.693486e+02 4.838404e-01
3.472000e+02 2.690153e+02 4.872213e-01
3.472000e+02 2.691688e+02 4.936028e-01
3.472000e+02 2.700775e+02 4.787892e-01
3.472000e+02 2.695050e+02 4.967763e-01
3.474000e+02 2.771324e+02 4.925231e-01
3.474000e+02 2.776476e+02 4.979899e-01
3.474000e+02 2.766751e+02 5.098959e-01
3.474000e+02 2.774260e+02 4.988143e-01
3.474000e+02 2.775177e+02 5.020404e-01
3.476000e+02 2.841576e+02 5.246849e-01
3.476000e+02 2.842678e+02 5.131463e-01
3.476000e+02 2.847231e+02 5.044991e-01
3.476000e+02 2.845194e+02 5.171151e-01
3.476000e+02 2.845834e+02 5.301825e-01
3.478000e+02 2.914686e+02 5.302909e-01
3.478000e+02 2.917473e+02 5.316088e-01
3.478000e+02 2.909053e+02 5.188357e-01
3.478000e+02 2.917288e+02 5.324353e-01
3.478000e+02 2.925682e+02 5.266067e-01
3.480000e+02 2.979838e+02 5.452430e-01
3.480000e+02 2.981953e+02 5.370093e-01
3.480000e+02 2.981797e+02 5.479281e-01
3.480000e+02 2.991207e+02 5.453415e-01
3.480000e+02 2.987670e+02 5.562882e-01
3.482000e+02 3.045031e+02 5.670094e-01
3.482000e+02 3.055388e+02 5.567539e-01
3.482000e+02 3.052191e+02 5.493704e-01
3.482000e+02 3.055898e+02 5.570662e-01
3.482000e+02 3.066077e+02 5.591053e-01
3.484000e+02 3.114112e+02 5.625192e-01
3.484000e+02 3.126182e+02 5.605074e-01
3.484000e+02 3.109254e+02 5.603421e-01
3.484000e+02 3.118073e+02 5.722854e-01
3.484000e+02 3.109143e+02 5.594717e-01
3.486000e+02 3.181029e+02 5.845322e-01
3.486000e+02 3.186520e+02 5.767838e-01
3.486000e+02 3.183277e+02 5.979512e-01
3.486000e+02 3.181684e+02 6.038367e-01
3.486000e+02 3.179685e+02 5.819219e-01
3.488000e+02 3.239629e+02 6.007529e-01
3.488000e+02 3.243688e+02 6.057119e-01
3.488000e+02 3.248517e+02 6.080449e-01
3.488000e+02 3.245593e+02 5.991251e-01
3.488000e+02 3.247881e+02 5.830242e-01
3.490000e+02 3.301496e+02 6.270413e-01
3.490000e+02 3.304376e+02 6.306184e-01
3.490000e+02 3.300537e+02 6.052699e-01
3.490000e+02 3.302494e+02 6.101095e-01
3.490000e+02 3.304383e+02 6.086639e-01
3.492000e+02 3.373954e+02 6.284641e-01
3.492000e+02 3.360989e+02 6.266332e-01
3.492000e+02 3.363166e+02 6.318223e-01
3.492000e+02 3.367687e+02 6.189901e-01
3.492000e+02 3.369447e+02 6.259685e-01
3.494000e+02 3.427730e+02 6.452698e-01
3.494000e+02 3.424536e+02 6.365171e-01
3.494000e+02 3.418138e+02 6.379927e-01
3.494000e+02 3.426033e+02 6.385725e-01
3.494000e+02 3.428368e+02 6.441618e-01
3.496000e+02 3.482705e+02 6.490096e-01
3.496000e+02 3.487336e+02 6.565460e-01
3.496000e+02 3.488409e+02 6.393934e-01
3.496000e+02 3.484248e+02 6.565409e-01
3.496000e+02 3.483100e+02 6.440397e-01
3.498000e+02 3.545594e+02 6.563720e-01
3.498000e+02 3.539885e+02 6.625976e-01
3.498000e+02 3.531121e+02 6.495310e-01
3.498000e+02 3.531379e+02 6.399477e-01
3.498000e+02 3.538788e+02 6.654700e-01
3.500000e+02 3.594399e+02 6.787214e-01
3.500000e+02 3.603623e+02 6.726088e-01
3.500000e+02 3.590971e+02 6.733926e-01
3.500000e+02 3.607360e+02 6.632572e-01
3.500000e+02 3.596528e+02 6.680055e-01
3.510000e+02 3.848081e+02 7.344415e-01
3.510000e+02 3.856853e+02 7.155930e-01
3.510000e+02 3.861573e+02 7.221317e-01
3.510000e+02 3.857224e+02 7.474470e-01
3.510000e+02 3.864523e+02 7.444692e-01
3.520000e+02 4.101835e+02 7.880319e-01
3.520000e+02 4.094397e+02 7.730128e-01
3.520000e+02 4.099350e+02 7.723376e-01
3.520000e+02 4.086884e+02 7.812894e-01
3.520000e+02 4.097285e+02 7.768703e-01
3.530000e+02 4.326186e+02 8.248503e-01
3.530000e+02 4.316532e+02 8.550922e-01
3.530000e+02 4.304731e+02 8.376032e-01
3.530000e+02 4.312959e+02 8.393987e-01
3.530000e+02 4.313382e+02 8.355243e-01
3.540000e+02 4.531238e+02 8.643391e-01
3.540000e+02 4.522903e+02 8.909638e-01
3.540000e+02 4.513766e+02 8.771432e-01
3.540000e+02 4.524242e+02 8.488691e-01
3.540000e+02 4.517896e+02 8.579895e-01
3.550000e+02 4.705062e+02 9.167956e-01
3.550000e+02 4.721778e+02 9.257440e-01
3.550000e+02 4.709288e+02 9.404204e-01
3.550000e+02 4.695491e+02 8.940499e-01
3.550000e+02 4.698905e+02 9.091399e-01
3.560000e+02 4.877462e+02 9.572369e-01
3.560000e+02 4.867970e+02 9.313492e-01
3.560000e+02 4.889776e+02 9.327114e-01
3.560000e+02 4.876668e+02 9.430515e-01
3.560000e+02 4.882724e+02 9.543442e-01
3.570000e+02 5.050132e+02 9.882853e-01
3.570000e+02 5.038073e+02 9.733435e-01
3.570000e+02 5.043093e+02 9.660087e-01
3.570000e+02 5.042343e+02 9.856552e-01
3.570000e+02 5.040202e+02 9.851478e-01
3.580000e+02 5.202884e+02 1.059890e+00
3.580000e+02 5.192001e+02 1.045116e+00
3.580000e+02 5.195746e+02 1.025143e+00
3.580000e+02 5.200053e+02 1.006786e+00
3.580000e+02 5.212352e+02 1.043517e+00
3.590000e+02 5.361466e+02 1.052250e+00
3.590000e+02 5.357188e+02 1.038040e+00
3.590000e+02 5.351295e+02 1.043743e+00
3.590000e+02 5.348073e+02 1.059621e+00
3.590000e+02 5.340710e+02 1.037232e+00
3.600000e+02 5.470263e+02 1.074782e+00
3.600000e+02 5.487879e+02 1.066318e+00
3.600000e+02 5.481303e+02 1.091238e+00
3.600000e+02 5.503416e+02 1.085447e+00
3.600000e+02 5.484001e+02 1.076558e+00
3.650000e+02 6.063521e+02 1.196280e+00
3.650000e+02 6.076027e+02 1.200539e+00
3.650000e+02 6.077269e+02 1.228397e+00
3.650000e+02 6.064059e+02 1.197131e+00
3.650000e+02 6.073371e+02 1.217000e+00
3.700000e+02 6.518164e+02 1.338340e+00
3.700000e+02 6.537402e+02 1.360712e+00
3.700000e+02 6.538451e+02 1.292359e+00
3.700000e+02 6.494409e+02 1.339852e+00
3.700000e+02 6.521899e+02 1.303102e+00
3.750000e+02 6.893085e+02 1.375833e+00
3.750000e+02 6.858177e+02 1.375156e+00
3.750000e+02 6.883736e+02 1.374313e+00
3.750000e+02 6.857080e+02 1.405562e+00
3.750000e+02 6.869817e+02 1.391476e+00
3.800000e+02 7.145488e+02 1.467881e+00
3.800000e+02 7.152658e+02 1.476831e+00
3.800000e+02 7.140466e+02 1.441724e+00
3.800000e+02 7.162478e+02 1.470223e+00
3.800000e+02 7.144515e+02 1.454155e+00
3.850000e+02 7.384047e+02 1.554696e+00
3.850000e+02 7.365592e+02 1.531523e+00
3.850000e+02 7.371275e+02 1.523561e+00
3.850000e+02 7.396771e+02 1.495177e+00
3.850000e+02 7.381268e+02 1.517306e+00
3.900000e+02 7.536125e+02 1.589352e+00
3.900000e+02 7.556783e+02 1.536186e+00
3.900000e+02 7.560493e+02 1.582471e+00
3.900000e+02 7.542250e+02 1.565094e+00
3.900000e+02 7.545154e+02 1.573992e+00
3.950000e+02 7.710971e+02 1.601375e+00
3.950000e+02 7.694704e+02 1.607025e+00
3.950000e+02 7.640643e+02 1.604203e+00
3.950000e+02 7.704497e+02 1.562049e+00
3.950000e+02 7.697869e+02 1.584317e+00
