3.000000e+02 -6.067140e-02 8.950104e-05
3.000000e+02 -6.078149e-02 8.898060e-05
3.000000e+02 -6.068855e-02 8.955353e-05
3.000000e+02 -6.057511e-02 8.989753e-05
3.000000e+02 -6.074679e-02 8.992455e-05
3.050000e+02 -8.114625e-02 1.244951e-04
3.050000e+02 -8.109575e-02 1.249816e-04
3.050000e+02 -8.130338e-02 1.233006e-04
3.050000e+02 -8.116141e-02 1.245084e-04
3.050000e+02 -8.120681e-02 1.249151e-04
3.100000e+02 -1.077742e-01 1.723864e-04
3.100000e+02 -1.074706e-01 1.709333e-04
3.100000e+02 -1.077564e-01 1.716265e-04
3.100000e+02 -1.079572e-01 1.714841e-04
3.100000e+02 -1.075738e-01 1.710850e-04
3.150000e+02 -1.423449e-01 2.327975e-04
3.150000e+02 -1.426964e-01 2.331412e-04
3.150000e+02 -1.427537e-01 2.335735e-04
3.150000e+02 -1.419637e-01 2.358398e-04
3.150000e+02 -1.423879e-01 2.334893e-04
3.200000e+02 -1.895676e-01 3.199527e-04
3.200000e+02 -1.901203e-01 3.184588e-04
3.200000e+02 -1.898508e-01 3.174623e-04
3.200000e+02 -1.906776e-01 3.196113e-04
3.200000e+02 -1.904404e-01 3.171714e-04
3.250000e+02 -2.594602e-01 4.353493e-04
3.250000e+02 -2.593581e-01 4.382528e-04
3.250000e+02 -2.598712e-01 4.385126e-04
3.250000e+02 -2.583218e-01 4.410662e-04
3.250000e+02 -2.589078e-01 4.375001e-04
3.300000e+02 -3.666436e-01 6.292462e-04
3.300000e+02 -3.675019e-01 6.252566e-04
3.300000e+02 -3.672990e-01 6.183062e-04
3.300000e+02 -3.667806e-01 6.269176e-04
3.300000e+02 -3.673280e-01 6.269039e-04
3.310000e+02 -3.968002e-01 6.708617e-04
3.310000e+02 -3.973796e-01 6.741326e-04
3.310000e+02 -3.982760e-01 6.787805e-04
3.310000e+02 -3.976492e-01 6.775948e-04
3.310000e+02 -3.982224e-01 6.765677e-04
3.320000e+02 -4.304447e-01 7.255798e-04
3.320000e+02 -4.305884e-01 7.417854e-04
3.320000e+02 -4.324259e-01 7.295328e-04
3.320000e+02 -4.301133e-01 7.331166e-04
3.320000e+02 -4.312362e-01 7.276842e-04
3.330000e+02 -4.697262e-01 8.016882e-04
3.330000e+02 -4.694729e-01 7.953422e-04
3.330000e+02 -4.700102e-01 7.911254e-04
3.330000e+02 -4.705832e-01 7.900260e-04
3.330000e+02 -4.691907e-01 8.068777e-04
3.340000e+02 -5.116804e-01 8.751237e-04
3.340000e+02 -5.133538e-01 8.734088e-04
3.340000e+02 -5.158519e-01 8.713799e-04
3.340000e+02 -5.130527e-01 8.610850e-04
3.340000e+02 -5.139200e-01 8.656471e-04
3.350000e+02 -5.673624e-01 9.583729e-04
3.350000e+02 -5.690860e-01 9.616519e-04
3.350000e+02 -5.672919e-01 9.558469e-04
3.350000e+02 -5.658230e-01 9.594602e-04
3.350000e+02 -5.676675e-01 9.630663e-04
3.360000e+02 -6.297744e-01 1.054385e-03
3.360000e+02 -6.286449e-01 1.061624e-03
3.360000e+02 -6.294187e-01 1.059779e-03
3.360000e+02 -6.311795e-01 1.060068e-03
3.360000e+02 -6.294200e-01 1.071443e-03
3.370000e+02 -7.062138e-01 1.178452e-03
3.370000e+02 -7.047463e-01 1.177266e-03
3.370000e+02 -7.055216e-01 1.178988e-03
3.370000e+02 -7.043136e-01 1.186562e-03
3.370000e+02 -7.061559e-01 1.180110e-03
3.380000e+02 -8.008558e-01 1.382916e-03
3.380000e+02 -8.012202e-01 1.341784e-03
3.380000e+02 -8.008584e-01 1.337044e-03
3.380000e+02 -7.982312e-01 1.341494e-03
3.380000e+02 -8.007743e-01 1.328662e-03
3.390000e+02 -9.220112e-01 1.543445e-03
3.390000e+02 -9.203109e-01 1.544408e-03
3.390000e+02 -9.254060e-01 1.619841e-03
3.390000e+02 -9.227605e-01 1.516689e-03
3.390000e+02 -9.225658e-01 1.543376e-03
3.400000e+02 -1.091112e+00 1.797001e-03
3.400000e+02 -1.090802e+00 1.777233e-03
3.400000e+02 -1.086813e+00 1.817577e-03
3.400000e+02 -1.091313e+00 1.798515e-03
3.400000e+02 -1.088865e+00 1.800430e-03
3.402000e+02 -1.131235e+00 1.852346e-03
3.402000e+02 -1.131534e+00 1.865723e-03
3.402000e+02 -1.128789e+00 1.850914e-03
3.402000e+02 -1.133145e+00 1.869561e-03
3.402000e+02 -1.131082e+00 1.836288e-03
3.404000e+02 -1.176227e+00 1.934423e-03
3.404000e+02 -1.173727e+00 2.051227e-03
3.404000e+02 -1.171834e+00 1.933907e-03
3.404000e+02 -1.172670e+00 1.932421e-03
3.404000e+02 -1.171054e+00 1.926281e-03
3.406000e+02 -1.223727e+00 1.995456e-03
3.406000e+02 -1.221498e+00 2.001736e-03
3.406000e+02 -1.221410e+00 2.012456e-03
3.406000e+02 -1.220409e+00 2.000720e-03
3.406000e+02 -1.221746e+00 2.002987e-03
3.408000e+02 -1.275416e+00 2.084631e-03
3.408000e+02 -1.274513e+00 2.076161e-03
3.408000e+02 -1.270020e+00 2.099680e-03
3.408000e+02 -1.269891e+00 2.104141e-03
3.408000e+02 -1.270495e+00 2.078936e-03
3.410000e+02 -1.324312e+00 2.187751e-03
3.410000e+02 -1.328695e+00 2.180395e-03
3.410000e+02 -1.324238e+00 2.160820e-03
3.410000e+02 -1.330295e+00 2.186314e-03
3.410000e+02 -1.328886e+00 2.232591e-03
3.412000e+02 -1.386475e+00 2.252772e-03
3.412000e+02 -1.387030e+00 2.266270e-03
3.412000e+02 -1.390974e+00 2.334921e-03
3.412000e+02 -1.384639e+00 2.284587e-03
3.412000e+02 -1.387505e+00 2.286630e-03
3.414000e+02 -1.455852e+00 2.357061e-03
3.414000e+02 -1.460078e+00 2.387220e-03
3.414000e+02 -1.456353e+00 2.409705e-03
3.414000e+02 -1.455139e+00 2.359935e-03
3.414000e+02 -1.456427e+00 2.565867e-03
3.416000e+02 -1.527914e+00 2.488299e-03
3.416000e+02 -1.526129e+00 2.495736e-03
3.416000e+02 -1.529334e+00 2.511639e-03
3.416000e+02 -1.532016e+00 2.474548e-03
3.416000e+02 -1.528465e+00 2.506152e-03
3.418000e+02 -1.611850e+00 2.632100e-03
3.418000e+02 -1.609392e+00 2.620369e-03
3.418000e+02 -1.610047e+00 2.665171e-03
3.418000e+02 -1.612385e+00 2.614631e-03
3.418000e+02 -1.606824e+00 2.682692e-03
3.420000e+02 -1.699739e+00 2.764668e-03
3.420000e+02 -1.701290e+00 2.780349e-03
3.420000e+02 -1.706079e+00 2.779652e-03
3.420000e+02 -1.704538e+00 2.759263e-03
3.420000e+02 -1.701675e+00 2.804128e-03
3.422000e+02 -1.810625e+00 3.170879e-03
3.422000e+02 -1.803674e+00 2.929755e-03
3.422000e+02 -1.800311e+00 2.955939e-03
3.422000e+02 -1.801367e+00 2.953952e-03
3.422000e+02 -1.804837e+00 2.969088e-03
3.424000e+02 -1.916996e+00 3.146007e-03
3.424000e+02 -1.919017e+00 3.131391e-03
3.424000e+02 -1.920445e+00 3.114966e-03
3.424000e+02 -1.916676e+00 3.146289e-03
3.424000e+02 -1.914675e+00 3.134343e-03
3.426000e+02 -2.047357e+00 3.313629e-03
3.426000e+02 -2.054276e+00 3.392828e-03
3.426000e+02 -2.051778e+00 3.322660e-03
3.426000e+02 -2.052995e+00 3.324713e-03
3.426000e+02 -2.045910e+00 3.378457e-03
3.428000e+02 -2.192018e+00 3.636083e-03
3.428000e+02 -2.200404e+00 3.598584e-03
3.428000e+02 -2.195822e+00 3.631734e-03
3.428000e+02 -2.195304e+00 3.597653e-03
3.428000e+02 -2.189547e+00 3.630610e-03
3.430000e+02 -2.355905e+00 3.917131e-03
3.430000e+02 -2.366016e+00 3.891882e-03
3.430000e+02 -2.361863e+00 3.861255e-03
3.430000e+02 -2.370771e+00 3.876781e-03
3.430000e+02 -2.363781e+00 3.865089e-03
3.432000e+02 -2.562345e+00 4.156218e-03
3.432000e+02 -2.552223e+00 4.239492e-03
3.432000e+02 -2.556597e+00 4.162474e-03
3.432000e+02 -2.556559e+00 4.181706e-03
3.432000e+02 -2.560283e+00 4.123201e-03
3.434000e+02 -2.774873e+00 4.540215e-03
3.434000e+02 -2.779719e+00 4.492348e-03
3.434000e+02 -2.781047e+00 4.531404e-03
3.434000e+02 -2.774182e+00 4.598811e-03
3.434000e+02 -2.774970e+00 4.464483e-03
3.436000e+02 -3.034627e+00 4.992483e-03
3.436000e+02 -3.023811e+00 5.017251e-03
3.436000e+02 -3.025980e+00 5.018923e-03
3.436000e+02 -3.024882e+00 5.030310e-03
3.436000e+02 -3.026914e+00 4.925884e-03
3.438000e+02 -3.297433e+00 5.436152e-03
3.438000e+02 -3.304182e+00 5.444685e-03
3.438000e+02 -3.301577e+00 5.469966e-03
3.438000e+02 -3.305543e+00 5.405034e-03
3.438000e+02 -3.294008e+00 5.389786e-03
3.440000e+02 -3.597900e+00 6.028384e-03
3.440000e+02 -3.602200e+00 5.920431e-03
3.440000e+02 -3.608870e+00 5.923480e-03
3.440000e+02 -3.618913e+00 5.927525e-03
3.440000e+02 -3.622362e+00 5.971302e-03
3.442000e+02 -3.939098e+00 6.045622e-03
3.442000e+02 -3.933257e+00 6.028206e-03
3.442000e+02 -3.944967e+00 5.949105e-03
3.442000e+02 -3.929603e+00 6.013768e-03
3.442000e+02 -3.937394e+00 6.059716e-03
3.444000e+02 -4.292631e+00 6.564454e-03
3.444000e+02 -4.279240e+00 6.499258e-03
3.444000e+02 -4.290275e+00 6.486265e-03
3.444000e+02 -4.277231e+00 6.592604e-03
3.444000e+02 -4.279694e+00 6.505934e-03
3.446000e+02 -4.643270e+00 7.089353e-03
3.446000e+02 -4.634673e+00 6.955973e-03
3.446000e+02 -4.644264e+00 6.945899e-03
3.446000e+02 -4.646339e+00 7.029573e-03
3.446000e+02 -4.631994e+00 7.033816e-03
3.448000e+02 -4.997755e+00 7.516356e-03
3.448000e+02 -4.993951e+00 7.547580e-03
3.448000e+02 -5.001729e+00 7.549676e-03
3.448000e+02 -5.003882e+00 7.550968e-03
3.448000e+02 -5.003982e+00 7.577217e-03
3.450000e+02 -5.338032e+00 8.190612e-03
3.450000e+02 -5.376199e+00 8.104411e-03
3.450000e+02 -5.353982e+00 8.014008e-03
3.450000e+02 -5.345834e+00 8.122990e-03
3.450000e+02 -5.362644e+00 8.062878e-03
3.452000e+02 -5.714311e+00 8.636870e-03
3.452000e+02 -5.696986e+00 8.623681e-03
3.452000e+02 -5.693136e+00 8.548033e-03
3.452000e+02 -5.683947e+00 8.694566e-03
3.452000e+02 -5.680600e+00 8.697130e-03
3.454000e+02 -6.031701e+00 9.182040e-03
3.454000e+02 -6.047007e+00 9.245326e-03
3.454000e+02 -6.033206e+00 9.172541e-03
3.454000e+02 -6.040745e+00 9.165244e-03
3.454000e+02 -6.050531e+00 9.274456e-03
3.456000e+02 -6.382071e+00 9.851015e-03
3.456000e+02 -6.385877e+00 9.731144e-03
3.456000e+02 -6.369044e+00 9.761744e-03
3.456000e+02 -6.385757e+00 9.744598e-03
3.456000e+02 -6.405403e+00 9.789702e-03
3.458000e+02 -6.679334e+00 1.027177e-02
3.458000e+02 -6.705910e+00 1.040587e-02
3.458000e+02 -6.703863e+00 1.026076e-02
3.458000e+02 -6.674494e+00 1.042128e-02
3.458000e+02 -6.696792e+00 1.035276e-02
3.460000e+02 -7.029724e+00 1.086767e-02
3.460000e+02 -7.004682e+00 1.101299e-02
3.460000e+02 -7.015745e+00 1.091539e-02
3.460000e+02 -6.987917e+00 1.092801e-02
3.460000e+02 -6.999577e+00 1.088472e-02
3.462000e+02 -7.334512e+00 1.143269e-02
3.462000e+02 -7.320250e+00 1.151542e-02
3.462000e+02 -7.311892e+00 1.140814e-02
3.462000e+02 -7.310889e+00 1.148504e-02
3.462000e+02 -7.306319e+00 1.157087e-02
3.464000e+02 -7.623610e+00 1.203774e-02
3.464000e+02 -7.618397e+00 1.201456e-02
3.464000e+02 -7.612299e+00 1.205871e-02
3.464000e+02 -7.602318e+00 1.207691e-02
3.464000e+02 -7.604133e+00 1.211872e-02
3.466000e+02 -7.895341e+00 1.259556e-02
3.466000e+02 -7.892365e+00 1.270549e-02
3.466000e+02 -7.865527e+00 1.261614e-02
3.466000e+02 -7.888610e+00 1.264856e-02
3.466000e+02 -7.880375e+00 1.270387e-02
3.468000e+02 -8.178407e+00 1.314611e-02
3.468000e+02 -8.154822e+00 1.316227e-02
3.468000e+02 -8.180360e+00 1.314916e-02
3.468000e+02 -8.143649e+00 1.330573e-02
3.468000e+02 -8.157299e+00 1.323346e-02
3.470000e+02 -8.434836e+00 1.393939e-02
3.470000e+02 -8.434167e+00 1.374095e-02
3.470000e+02 -8.407260e+00 1.384740e-02
3.470000e+02 -8.414832e+00 1.370708e-02
3.470000e+02 -8.443129e+00 1.387606e-02
3.472000e+02 -8.702306e+00 1.437143e-02
3.472000e+02 -8.678339e+00 1.443806e-02
3.472000e+02 -8.647617e+00 1.433525e-02
3.472000e+02 -8.683986e+00 1.438423e-02
3.472000e+02 -8.688303e+00 1.447116e-02
3.474000e+02 -8.939864e+00 1.501761e-02
3.474000e+02 -8.916160e+00 1.492214e-02
3.474000e+02 -8.908572e+00 1.490702e-02
3.474000e+02 -8.901018e+00 1.512376e-02
3.474000e+02 -8.942144e+00 1.506927e-02
3.476000e+02 -9.172951e+00 1.546352e-02
3.476000e+02 -9.163632e+00 1.560827e-02
3.476000e+02 -9.174952e+00 1.557556e-02
3.476000e+02 -9.184244e+00 1.561521e-02
3.476000e+02 -9.150754e+00 1.567917e-02
3.478000e+02 -9.405300e+00 1.594986e-02
3.478000e+02 -9.407857e+00 1.608571e-02
3.478000e+02 -9.395369e+00 1.610463e-02
3.478000e+02 -9.411813e+00 1.609370e-02
3.478000e+02 -9.410860e+00 1.611735e-02
3.480000e+02 -9.634231e+00 1.657663e-02
3.480000e+02 -9.606474e+00 1.690705e-02
3.480000e+02 -9.660072e+00 1.672713e-02
3.480000e+02 -9.661212e+00 1.665660e-02
3.480000e+02 -9.656206e+00 1.671631e-02
3.482000e+02 -9.870625e+00 1.714779e-02
3.482000e+02 -9.850892e+00 1.728088e-02
3.482000e+02 -9.838013e+00 1.725151e-02
3.482000e+02 -9.856261e+00 1.716049e-02
3.482000e+02 -9.850675e+00 1.727034e-02
3.484000e+02 -1.006944e+01 1.790945e-02
3.484000e+02 -1.006570e+01 1.778896e-02
3.484000e+02 -1.008656e+01 1.774057e-02
3.484000e+02 -1.006458e+01 1.790353e-02
3.484000e+02 -1.004298e+01 1.783715e-02
3.486000e+02 -1.031811e+01 1.837927e-02
3.486000e+02 -1.031773e+01 1.835575e-02
3.486000e+02 -1.029325e+01 1.829613e-02
3.486000e+02 -1.028156e+01 1.838764e-02
3.486000e+02 -1.033021e+01 1.829702e-02
3.488000e+02 -1.046406e+01 1.910659e-02
3.488000e+02 -1.047525e+01 1.918491e-02
3.488000e+02 -1.052173e+01 1.884236e-02
3.488000e+02 -1.051977e+01 1.873787e-02
3.488000e+02 -1.049172e+01 1.895210e-02
3.490000e+02 -1.067748e+01 1.953285e-02
3.490000e+02 -1.069259e+01 1.939240e-02
3.490000e+02 -1.071712e+01 1.952621e-02
3.490000e+02 -1.069607e+01 1.961380e-02
3.490000e+02 -1.068720e+01 1.960615e-02
3.492000e+02 -1.086444e+01 2.005018e-02
3.492000e+02 -1.086783e+01 2.027363e-02
3.492000e+02 -1.085672e+01 2.016958e-02
3.492000e+02 -1.087140e+01 1.996621e-02
3.492000e+02 -1.087554e+01 2.017039e-02
3.494000e+02 -1.107811e+01 2.060433e-02
3.494000e+02 -1.106872e+01 2.079866e-02
3.494000e+02 -1.104487e+01 2.076107e-02
3.494000e+02 -1.107368e+01 2.047432e-02
3.494000e+02 -1.104529e+01 2.067835e-02
3.496000e+02 -1.124099e+01 2.106648e-02
3.496000e+02 -1.122294e+01 2.119015e-02
3.496000e+02 -1.122734e+01 2.120980e-02
3.496000e+02 -1.125527e+01 2.122208e-02
3.496000e+02 -1.123628e+01 2.114744e-02
3.498000e+02 -1.147082e+01 2.205350e-02
3.498000e+02 -1.147340e+01 2.174789e-02
3.498000e+02 -1.145594e+01 2.180924e-02
3.498000e+02 -1.145774e+01 2.173567e-02
3.498000e+02 -1.141043e+01 2.172189e-02
3.500000e+02 -1.166015e+01 2.229428e-02
3.500000e+02 -1.167583e+01 2.234420e-02
3.500000e+02 -1.162485e+01 2.213306e-02
3.500000e+02 -1.159969e+01 2.232139e-02
3.500000e+02 -1.158178e+01 2.215042e-02
3.510000e+02 -1.247170e+01 2.504619e-02
3.510000e+02 -1.243628e+01 2.509615e-02
3.510000e+02 -1.244824e+01 2.521131e-02
3.510000e+02 -1.242987e+01 2.500260e-02
3.510000e+02 -1.247395e+01 2.501931e-02
3.520000e+02 -1.317572e+01 2.779824e-02
3.520000e+02 -1.324624e+01 2.785407e-02
3.520000e+02 -1.323691e+01 2.777193e-02
3.520000e+02 -1.318069e+01 2.758497e-02
3.520000e+02 -1.316481e+01 2.783385e-02
3.530000e+02 -1.385504e+01 3.029722e-02
3.530000e+02 -1.388393e+01 3.020822e-02
3.530000e+02 -1.381957e+01 3.020454e-02
3.530000e+02 -1.387853e+01 3.026061e-02
3.530000e+02 -1.387614e+01 3.033421e-02
3.540000e+02 -1.451518e+01 3.286545e-02
3.540000e+02 -1.446847e+01 3.282185e-02
3.540000e+02 -1.445880e+01 3.280382e-02
3.540000e+02 -1.444352e+01 3.295741e-02
3.540000e+02 -1.448810e+01 3.276657e-02
3.550000e+02 -1.510065e+01 3.545691e-02
3.550000e+02 -1.509835e+01 3.511574e-02
3.550000e+02 -1.502581e+01 3.531001e-02
3.550000e+02 -1.504372e+01 3.514790e-02
3.550000e+02 -1.502747e+01 3.525170e-02
3.560000e+02 -1.553072e+01 3.764875e-02
3.560000e+02 -1.559277e+01 3.798070e-02
3.560000e+02 -1.555485e+01 3.743668e-02
3.560000e+02 -1.552481e+01 3.773608e-02
3.560000e+02 -1.557958e+01 3.803586e-02
3.570000e+02 -1.608693e+01 3.985582e-02
3.570000e+02 -1.606069e+01 3.983333e-02
3.570000e+02 -1.600464e+01 3.986179e-02
3.570000e+02 -1.604464e+01 3.931592e-02
3.570000e+02 -1.610216e+01 4.079564e-02
3.580000e+02 -1.646044e+01 4.210061e-02
3.580000e+02 -1.648272e+01 4.246720e-02
3.580000e+02 -1.649574e+01 4.186769e-02
3.580000e+02 -1.645347e+01 4.187213e-02
3.580000e+02 -1.651828e+01 4.208694e-02
3.590000e+02 -1.694915e+01 4.404067e-02
3.590000e+02 -1.693326e+01 4.372888e-02
3.590000e+02 -1.687563e+01 4.459523e-02
3.590000e+02 -1.687804e+01 4.446103e-02
3.590000e+02 -1.688380e+01 4.467796e-02
3.600000e+02 -1.720235e+01 4.651426e-02
3.600000e+02 -1.737805e+01 4.649113e-02
3.600000e+02 -1.722161e+01 4.680940e-02
3.600000e+02 -1.731792e+01 4.655819e-02
3.600000e+02 -1.732003e+01 4.690075e-02
3.650000e+02 -1.883172e+01 5.602670e-02
3.650000e+02 -1.881958e+01 5.551588e-02
3.650000e+02 -1.888427e+01 5.566340e-02
3.650000e+02 -1.870595e+01 5.614813e-02
3.650000e+02 -1.877439e+01 5.639770e-02
3.700000e+02 -1.979154e+01 6.470122e-02
3.700000e+02 -1.991309e+01 6.520593e-02
3.700000e+02 -1.992005e+01 6.497530e-02
3.700000e+02 -1.988671e+01 6.524852e-02
3.700000e+02 -1.988977e+01 6.450557e-02
3.750000e+02 -2.069812e+01 7.249756e-02
3.750000e+02 -2.069354e+01 7.221477e-02
3.750000e+02 -2.071381e+01 7.121341e-02
3.750000e+02 -2.074022e+01 7.131188e-02
3.750000e+02 -2.075204e+01 7.217280e-02
3.800000e+02 -2.102604e+01 7.833255e-02
3.800000e+02 -2.113198e+01 7.871178e-02
3.800000e+02 -2.109159e+01 7.741948e-02
3.800000e+02 -2.108974e+01 7.782066e-02
3.800000e+02 -2.105335e+01 7.933632e-02
3.850000e+02 -2.141517e+01 8.289073e-02
3.850000e+02 -2.147533e+01 8.264653e-02
3.850000e+02 -2.139401e+01 8.313483e-02
3.850000e+02 -2.130434e+01 8.375946e-02
3.850000e+02 -2.132430e+01 8.338193e-02
3.900000e+02 -2.157821e+01 8.681833e-02
3.900000e+02 -2.153428e+01 8.738998e-02
3.900000e+02 -2.158469e+01 8.777210e-02
3.900000e+02 -2.159517e+01 8.868816e-02
3.900000e+02 -2.174505e+01 8.698929e-02
3.950000e+02 -2.157283e+01 8.959377e-02
3.950000e+02 -2.169675e+01 9.139152e-02
3.950000e+02 -2.158477e+01 9.098926e-02
3.950000e+02 -2.163127e+01 9.061328e-02
3.950000e+02 -2.153323e+01 9.027237e-02
