3.000000e+02 -2.426481e-01 3.579742e-04
3.000000e+02 -2.424708e-01 3.581548e-04
3.000000e+02 -2.433465e-01 3.560854e-04
3.000000e+02 -2.425264e-01 3.587569e-04
3.000000e+02 -2.423717e-01 3.639800e-04
3.050000e+02 -3.254464e-01 4.995513e-04
3.050000e+02 -3.255238e-01 4.964312e-04
3.050000e+02 -3.238553e-01 4.946288e-04
3.050000e+02 -3.249402e-01 4.967096e-04
3.050000e+02 -3.242069e-01 5.001848e-04
3.100000e+02 -4.304619e-01 6.924998e-04
3.100000e+02 -4.310883e-01 6.836701e-04
3.100000e+02 -4.302858e-01 6.862441e-04
3.100000e+02 -4.297330e-01 6.900257e-04
3.100000e+02 -4.304034e-01 6.869396e-04
3.150000e+02 -5.699171e-01 9.374545e-04
3.150000e+02 -5.679253e-01 9.401817e-04
3.150000e+02 -5.701600e-01 9.343691e-04
3.150000e+02 -5.689025e-01 9.325596e-04
3.150000e+02 -5.680356e-01 9.365116e-04
3.200000e+02 -7.619035e-01 1.288591e-03
3.200000e+02 -7.595094e-01 1.291120e-03
3.200000e+02 -7.623381e-01 1.272838e-03
3.200000e+02 -7.622088e-01 1.279638e-03
3.200000e+02 -7.611223e-01 1.271612e-03
3.250000e+02 -1.035601e+00 1.760705e-03
3.250000e+02 -1.036118e+00 1.750533e-03
3.250000e+02 -1.037897e+00 1.742383e-03
3.250000e+02 -1.036672e+00 1.748491e-03
3.250000e+02 -1.037784e+00 1.767836e-03
3.300000e+02 -1.467199e+00 2.495591e-03
3.300000e+02 -1.470334e+00 2.506120e-03
3.300000e+02 -1.468364e+00 2.504336e-03
3.300000e+02 -1.471452e+00 2.525598e-03
3.300000e+02 -1.466861e+00 2.491790e-03
3.310000e+02 -1.586211e+00 2.705793e-03
3.310000e+02 -1.588586e+00 2.858588e-03
3.310000e+02 -1.585452e+00 2.693497e-03
3.310000e+02 -1.582324e+00 2.700079e-03
3.310000e+02 -1.585480e+00 2.705407e-03
3.320000e+02 -1.727097e+00 2.910092e-03
3.320000e+02 -1.717143e+00 2.950029e-03
3.320000e+02 -1.722840e+00 2.920271e-03
3.320000e+02 -1.727371e+00 2.911295e-03
3.320000e+02 -1.725963e+00 2.920374e-03
3.330000e+02 -1.874625e+00 3.166267e-03
3.330000e+02 -1.877677e+00 3.197348e-03
3.330000e+02 -1.877472e+00 3.200759e-03
3.330000e+02 -1.871835e+00 3.204549e-03
3.330000e+02 -1.876152e+00 3.181393e-03
3.340000e+02 -2.055427e+00 3.525256e-03
3.340000e+02 -2.061211e+00 3.492038e-03
3.340000e+02 -2.057153e+00 3.485771e-03
3.340000e+02 -2.058541e+00 3.465046e-03
3.340000e+02 -2.061331e+00 3.481579e-03
3.350000e+02 -2.256214e+00 3.829336e-03
3.350000e+02 -2.266472e+00 3.848058e-03
3.350000e+02 -2.267628e+00 3.811544e-03
3.350000e+02 -2.267491e+00 3.835650e-03
3.350000e+02 -2.267633e+00 3.841219e-03
3.360000e+02 -2.517176e+00 4.226632e-03
3.360000e+02 -2.516255e+00 4.287281e-03
3.360000e+02 -2.520399e+00 4.217237e-03
3.360000e+02 -2.516481e+00 4.227892e-03
3.360000e+02 -2.519852e+00 4.246210e-03
3.370000e+02 -2.821684e+00 4.749599e-03
3.370000e+02 -2.826570e+00 4.705787e-03
3.370000e+02 -2.821760e+00 4.699800e-03
3.370000e+02 -2.828846e+00 4.692357e-03
3.370000e+02 -2.826913e+00 4.700107e-03
3.380000e+02 -3.204111e+00 5.356057e-03
3.380000e+02 -3.202310e+00 5.284555e-03
3.380000e+02 -3.212956e+00 5.343809e-03
3.380000e+02 -3.204017e+00 5.385592e-03
3.380000e+02 -3.204684e+00 5.344072e-03
3.390000e+02 -3.695986e+00 6.173252e-03
3.390000e+02 -3.694073e+00 6.142357e-03
3.390000e+02 -3.687556e+00 6.137203e-03
3.390000e+02 -3.688981e+00 6.119117e-03
3.390000e+02 -3.695026e+00 6.106344e-03
3.400000e+02 -4.368131e+00 7.153209e-03
3.400000e+02 -4.364201e+00 7.131836e-03
3.400000e+02 -4.365653e+00 7.152871e-03
3.400000e+02 -4.360336e+00 7.183688e-03
3.400000e+02 -4.362091e+00 7.161431e-03
3.402000e+02 -4.512346e+00 7.472265e-03
3.402000e+02 -4.524383e+00 7.532676e-03
3.402000e+02 -4.535723e+00 7.398354e-03
3.402000e+02 -4.525076e+00 7.482780e-03
3.402000e+02 -4.536034e+00 7.441646e-03
3.404000e+02 -4.695953e+00 7.682818e-03
3.404000e+02 -4.696077e+00 7.810269e-03
3.404000e+02 -4.691306e+00 7.867533e-03
3.404000e+02 -4.682672e+00 7.719392e-03
3.404000e+02 -4.701430e+00 7.756390e-03
3.406000e+02 -4.873102e+00 8.095516e-03
3.406000e+02 -4.881256e+00 8.005345e-03
3.406000e+02 -4.875255e+00 7.986008e-03
3.406000e+02 0.000000e+00 0.000000e+00
3.406000e+02 -4.875591e+00 8.018898e-03
3.408000e+02 -5.078766e+00 8.349057e-03
3.408000e+02 -5.117468e+00 8.315538e-03
3.408000e+02 -5.104371e+00 8.292905e-03
3.408000e+02 -5.096106e+00 8.349275e-03
3.408000e+02 -5.080257e+00 8.421292e-03
3.410000e+02 -5.314803e+00 8.768222e-03
3.410000e+02 -5.317537e+00 8.716048e-03
3.410000e+02 -5.318853e+00 8.727400e-03
3.410000e+02 -5.314619e+00 8.696198e-03
3.410000e+02 -5.310883e+00 8.719138e-03
3.412000e+02 -5.539630e+00 9.067241e-03
3.412000e+02 -5.554950e+00 9.035861e-03
3.412000e+02 -5.569038e+00 9.041483e-03
3.412000e+02 -5.555635e+00 9.094007e-03
3.412000e+02 -5.564821e+00 9.105408e-03
3.414000e+02 -5.815937e+00 9.658284e-03
3.414000e+02 -5.829922e+00 9.477219e-03
3.414000e+02 -5.825254e+00 9.506161e-03
3.414000e+02 -5.830049e+00 9.510946e-03
3.414000e+02 -5.819688e+00 9.555373e-03
3.416000e+02 -6.122996e+00 9.922837e-03
3.416000e+02 -6.137257e+00 9.958898e-03
3.416000e+02 -6.124972e+00 1.014854e-02
3.416000e+02 -6.108431e+00 9.881173e-03
3.416000e+02 -6.124313e+00 1.005724e-02
3.418000e+02 -6.449250e+00 1.050019e-02
3.418000e+02 -6.437829e+00 1.047977e-02
3.418000e+02 -6.456974e+00 1.045889e-02
3.418000e+02 -6.456959e+00 1.044999e-02
3.418000e+02 -6.436592e+00 1.050600e-02
3.420000e+02 -6.794855e+00 1.099238e-02
3.420000e+02 -6.799007e+00 1.116918e-02
3.420000e+02 -6.820582e+00 1.104331e-02
3.420000e+02 -6.793629e+00 1.123326e-02
3.420000e+02 -6.806025e+00 1.121713e-02
3.422000e+02 -7.216416e+00 1.192337e-02
3.422000e+02 -7.206279e+00 1.161097e-02
3.422000e+02 -7.212249e+00 1.175109e-02
3.422000e+02 -7.244724e+00 1.180555e-02
3.422000e+02 -7.210683e+00 1.184838e-02
3.424000e+02 -7.683563e+00 1.260812e-02
3.424000e+02 -7.667522e+00 1.246565e-02
3.424000e+02 -7.678313e+00 1.254264e-02
3.424000e+02 -7.705633e+00 1.246983e-02
3.424000e+02 -7.694368e+00 1.255510e-02
3.426000e+02 -8.200552e+00 1.329823e-02
3.426000e+02 -8.187571e+00 1.331480e-02
3.426000e+02 -8.215710e+00 1.336898e-02
3.426000e+02 -8.219041e+00 1.336366e-02
3.426000e+02 -8.202393e+00 1.341115e-02
3.428000e+02 -8.776959e+00 1.431293e-02
3.428000e+02 -8.772523e+00 1.441451e-02
3.428000e+02 -8.803992e+00 1.435279e-02
3.428000e+02 -8.789389e+00 1.437472e-02
3.428000e+02 -8.769226e+00 1.434899e-02
3.430000e+02 -9.452488e+00 1.552068e-02
3.430000e+02 -9.464807e+00 1.548715e-02
3.430000e+02 -9.447427e+00 1.562073e-02
3.430000e+02 -9.475854e+00 1.553267e-02
3.430000e+02 -9.457667e+00 1.549929e-02
3.432000e+02 -1.024612e+01 1.665000e-02
3.432000e+02 -1.022795e+01 1.674531e-02
3.432000e+02 -1.010122e+01 1.664333e-02
3.432000e+02 -1.021753e+01 1.668082e-02
3.432000e+02 -1.021152e+01 1.663521e-02
3.434000e+02 -1.108940e+01 1.808114e-02
3.434000e+02 -1.109509e+01 1.812717e-02
3.434000e+02 0.000000e+00 0.000000e+00
3.434000e+02 -1.110589e+01 1.828356e-02
3.434000e+02 -1.109225e+01 1.821815e-02
3.436000e+02 -1.208160e+01 1.971813e-02
3.436000e+02 -1.212123e+01 1.973404e-02
3.436000e+02 -1.211670e+01 1.978526e-02
3.436000e+02 -1.204389e+01 1.994087e-02
3.436000e+02 -1.211442e+01 1.980012e-02
3.438000e+02 -1.322961e+01 2.157481e-02
3.438000e+02 -1.322325e+01 2.130524e-02
3.438000e+02 -1.322386e+01 2.152632e-02
3.438000e+02 -1.318709e+01 2.171905e-02
3.438000e+02 -1.321044e+01 2.128376e-02
3.440000e+02 -1.443436e+01 2.377563e-02
3.440000e+02 -1.444767e+01 2.379571e-02
3.440000e+02 -1.439141e+01 2.369030e-02
3.440000e+02 -1.447086e+01 2.352032e-02
3.440000e+02 -1.443583e+01 2.367282e-02
3.442000e+02 -1.576503e+01 2.388129e-02
3.442000e+02 -1.576393e+01 2.406462e-02
3.442000e+02 -1.571366e+01 2.427388e-02
3.442000e+02 -1.572248e+01 2.384652e-02
3.442000e+02 -1.571520e+01 2.446819e-02
3.444000e+02 -1.711869e+01 2.585923e-02
3.444000e+02 -1.711119e+01 2.610743e-02
3.444000e+02 -1.716402e+01 2.643160e-02
3.444000e+02 -1.713753e+01 2.568710e-02
3.444000e+02 -1.712324e+01 2.621787e-02
3.446000e+02 -1.854539e+01 2.822178e-02
3.446000e+02 -1.852765e+01 2.823194e-02
3.446000e+02 -1.858527e+01 2.812846e-02
3.446000e+02 -1.855809e+01 2.812832e-02
3.446000e+02 -1.858574e+01 2.805781e-02
3.448000e+02 -1.991210e+01 3.011629e-02
3.448000e+02 -2.001478e+01 3.027309e-02
3.448000e+02 -1.999617e+01 3.010739e-02
3.448000e+02 -2.000791e+01 3.003740e-02
3.448000e+02 -1.998185e+01 3.021220e-02
3.450000e+02 -2.139331e+01 3.226778e-02
3.450000e+02 -2.142002e+01 3.233717e-02
3.450000e+02 -2.139117e+01 3.259244e-02
3.450000e+02 -2.136459e+01 3.260041e-02
3.450000e+02 -2.138062e+01 3.256112e-02
3.452000e+02 -2.279139e+01 3.428609e-02
3.452000e+02 -2.283499e+01 3.423498e-02
3.452000e+02 -2.286659e+01 3.435816e-02
3.452000e+02 -2.272247e+01 3.421027e-02
3.452000e+02 -2.275669e+01 3.465395e-02
3.454000e+02 -2.416310e+01 3.693480e-02
3.454000e+02 -2.417388e+01 3.660978e-02
3.454000e+02 -2.414799e+01 3.706677e-02
3.454000e+02 -2.414826e+01 3.691882e-02
3.454000e+02 -2.419683e+01 3.627086e-02
3.456000e+02 -2.550886e+01 3.922990e-02
3.456000e+02 -2.551889e+01 3.908508e-02
3.456000e+02 -2.550860e+01 3.950622e-02
3.456000e+02 -2.553329e+01 3.922682e-02
3.456000e+02 -2.555252e+01 3.937103e-02
3.458000e+02 -2.683336e+01 4.134557e-02
3.458000e+02 -2.678009e+01 4.149102e-02
3.458000e+02 -2.676911e+01 4.139010e-02
3.458000e+02 -2.679990e+01 4.151163e-02
3.458000e+02 -2.683222e+01 4.160166e-02
3.460000e+02 -2.805772e+01 4.364540e-02
3.460000e+02 -2.804157e+01 4.368793e-02
3.460000e+02 -2.800337e+01 4.412746e-02
3.460000e+02 -2.802270e+01 4.389574e-02
3.460000e+02 -2.809271e+01 4.324338e-02
3.462000e+02 -2.923911e+01 4.599538e-02
3.462000e+02 -2.929601e+01 4.589450e-02
3.462000e+02 -2.921513e+01 4.581539e-02
3.462000e+02 -2.925988e+01 4.624016e-02
3.462000e+02 -2.926110e+01 4.596769e-02
3.464000e+02 -3.049531e+01 4.801570e-02
3.464000e+02 -3.056517e+01 4.854165e-02
3.464000e+02 -3.041095e+01 4.824650e-02
3.464000e+02 -3.040696e+01 4.832187e-02
3.464000e+02 -3.034222e+01 4.844085e-02
3.466000e+02 -3.153442e+01 5.080906e-02
3.466000e+02 -3.161046e+01 5.066529e-02
3.466000e+02 -3.153897e+01 5.076836e-02
3.466000e+02 -3.157339e+01 5.085467e-02
3.466000e+02 -3.156145e+01 5.101545e-02
3.468000e+02 -3.261060e+01 5.253041e-02
3.468000e+02 -3.262258e+01 5.283635e-02
3.468000e+02 -3.270847e+01 5.241042e-02
3.468000e+02 -3.270288e+01 5.272952e-02
3.468000e+02 -3.269842e+01 5.273973e-02
3.470000e+02 -3.362728e+01 5.502741e-02
3.470000e+02 -3.366522e+01 5.544861e-02
3.470000e+02 -3.375530e+01 5.513100e-02
3.470000e+02 -3.371191e+01 5.522971e-02
3.470000e+02 -3.361776e+01 5.516064e-02
3.472000e+02 -3.478099e+01 5.793848e-02
3.472000e+02 -3.476648e+01 5.719971e-02
3.472000e+02 -3.463043e+01 5.810543e-02
3.472000e+02 -3.471966e+01 5.776373e-02
3.472000e+02 -3.478320e+01 5.714761e-02
3.474000e+02 -3.578585e+01 5.947728e-02
3.474000e+02 -3.569732e+01 6.045782e-02
3.474000e+02 -3.578255e+01 5.979557e-02
3.474000e+02 -3.575482e+01 5.974920e-02
3.474000e+02 -3.580081e+01 5.972914e-02
3.476000e+02 -3.673353e+01 6.226342e-02
3.476000e+02 -3.658622e+01 6.196087e-02
3.476000e+02 -3.661404e+01 6.256300e-02
3.476000e+02 -3.669336e+01 6.185089e-02
3.476000e+02 -3.671748e+01 6.223356e-02
3.478000e+02 -3.761649e+01 6.421232e-02
3.478000e+02 -3.762829e+01 6.400262e-02
3.478000e+02 -3.755451e+01 6.380036e-02
3.478000e+02 -3.767607e+01 6.424606e-02
3.478000e+02 -3.759587e+01 6.502736e-02
3.480000e+02 -3.854688e+01 6.679062e-02
3.480000e+02 -3.853051e+01 6.672627e-02
3.480000e+02 -3.853975e+01 6.665151e-02
3.480000e+02 -3.861281e+01 6.683265e-02
3.480000e+02 -3.833573e+01 6.622845e-02
3.482000e+02 -3.952537e+01 6.884774e-02
3.482000e+02 -3.950511e+01 6.881553e-02
3.482000e+02 -3.939648e+01 6.869248e-02
3.482000e+02 -3.942878e+01 6.934013e-02
3.482000e+02 -3.940759e+01 6.926537e-02
3.484000e+02 -4.038470e+01 7.142140e-02
3.484000e+02 -4.034109e+01 7.074962e-02
3.484000e+02 -4.025799e+01 7.096901e-02
3.484000e+02 -4.038877e+01 7.168770e-02
3.484000e+02 -4.026806e+01 7.169920e-02
3.486000e+02 -4.123141e+01 7.350693e-02
3.486000e+02 -4.105261e+01 7.395287e-02
3.486000e+02 -4.106506e+01 7.365293e-02
3.486000e+02 -4.124768e+01 7.339247e-02
3.486000e+02 -4.123415e+01 7.410611e-02
3.488000e+02 -4.187733e+01 7.581263e-02
3.488000e+02 -4.188436e+01 7.507760e-02
3.488000e+02 -4.194267e+01 7.566456e-02
3.488000e+02 -4.191951e+01 7.661180e-02
3.488000e+02 -4.179913e+01 7.605348e-02
3.490000e+02 -4.265759e+01 7.784688e-02
3.490000e+02 -4.269523e+01 7.778062e-02
3.490000e+02 -4.276684e+01 7.840174e-02
3.490000e+02 -4.282749e+01 7.813273e-02
3.490000e+02 -4.285526e+01 7.718082e-02
3.492000e+02 -4.351607e+01 8.044589e-02
3.492000e+02 -4.342365e+01 8.036966e-02
3.492000e+02 -4.352887e+01 7.984524e-02
3.492000e+02 -4.346274e+01 8.126976e-02
3.492000e+02 -4.366182e+01 8.023621e-02
3.494000e+02 -4.431894e+01 8.252272e-02
3.494000e+02 -4.431856e+01 8.275232e-02
3.494000e+02 -4.411420e+01 8.245909e-02
3.494000e+02 -4.426556e+01 8.198908e-02
3.494000e+02 -4.441415e+01 8.285595e-02
3.496000e+02 -4.510620e+01 8.490318e-02
3.496000e+02 -4.520828e+01 8.507833e-02
3.496000e+02 -4.509419e+01 8.498792e-02
3.496000e+02 -4.511043e+01 8.514452e-02
3.496000e+02 -4.489950e+01 8.482025e-02
3.498000e+02 -4.578649e+01 8.702003e-02
3.498000e+02 -4.573775e+01 8.616755e-02
3.498000e+02 -4.556607e+01 8.718677e-02
3.498000e+02 -4.569978e+01 8.772087e-02
3.498000e+02 -4.582511e+01 8.677203e-02
3.500000e+02 -4.633798e+01 8.932579e-02
3.500000e+02 -4.638591e+01 8.869875e-02
3.500000e+02 -4.657723e+01 8.917389e-02
3.500000e+02 -4.644698e+01 8.948442e-02
3.500000e+02 -4.644540e+01 8.981029e-02
3.510000e+02 -4.964863e+01 9.963729e-02
3.510000e+02 -4.976436e+01 1.010406e-01
3.510000e+02 -4.971806e+01 1.006403e-01
3.510000e+02 -4.979565e+01 1.009278e-01
3.510000e+02 -4.978598e+01 1.007838e-01
3.520000e+02 -5.275889e+01 1.130241e-01
3.520000e+02 -5.260075e+01 1.111753e-01
3.520000e+02 -5.278505e+01 1.106566e-01
3.520000e+02 -5.273950e+01 1.112564e-01
3.520000e+02 -5.260824e+01 1.108457e-01
3.530000e+02 -5.527262e+01 1.212965e-01
3.530000e+02 -5.523980e+01 1.199192e-01
3.530000e+02 -5.547866e+01 1.225774e-01
3.530000e+02 -5.551594e+01 1.204310e-01
3.530000e+02 -5.547748e+01 1.215360e-01
3.540000e+02 -5.790555e+01 1.311168e-01
3.540000e+02 -5.793994e+01 1.317667e-01
3.540000e+02 -5.800094e+01 1.300930e-01
3.540000e+02 -5.803149e+01 1.324081e-01
3.540000e+02 -5.782789e+01 1.302770e-01
3.550000e+02 -6.017792e+01 1.411380e-01
3.550000e+02 -5.994230e+01 1.420587e-01
3.550000e+02 -6.017568e+01 1.397213e-01
3.550000e+02 -6.018840e+01 1.393837e-01
3.550000e+02 -6.004144e+01 1.414512e-01
3.560000e+02 -6.212942e+01 1.502896e-01
3.560000e+02 -6.213197e+01 1.507374e-01
3.560000e+02 -6.229688e+01 1.493099e-01
3.560000e+02 -6.213657e+01 1.503419e-01
3.560000e+02 -6.224767e+01 1.505099e-01
3.570000e+02 -6.440152e+01 1.596663e-01
3.570000e+02 -6.410811e+01 1.590448e-01
3.570000e+02 -6.417828e+01 1.595043e-01
3.570000e+02 -6.434051e+01 1.585717e-01
3.570000e+02 -6.400012e+01 1.583364e-01
3.580000e+02 -6.599589e+01 1.691771e-01
3.580000e+02 -6.598232e+01 1.706718e-01
3.580000e+02 -6.587485e+01 1.701458e-01
3.580000e+02 -6.594869e+01 1.690080e-01
3.580000e+02 -6.575156e+01 1.691568e-01
3.590000e+02 -6.733240e+01 1.776135e-01
3.590000e+02 -6.734371e+01 1.795259e-01
3.590000e+02 -6.793359e+01 1.760861e-01
3.590000e+02 -6.752360e+01 1.778746e-01
3.590000e+02 -6.749807e+01 1.769494e-01
3.600000e+02 -6.918002e+01 1.845215e-01
3.600000e+02 -6.915789e+01 1.858745e-01
3.600000e+02 -6.895724e+01 1.833458e-01
3.600000e+02 -6.912633e+01 1.846619e-01
3.600000e+02 -6.928965e+01 1.860664e-01
3.650000e+02 -7.508322e+01 2.238676e-01
3.650000e+02 -7.513127e+01 2.246164e-01
3.650000e+02 -7.511860e+01 2.254036e-01
3.650000e+02 -7.513654e+01 2.232033e-01
3.650000e+02 -7.527050e+01 2.286774e-01
3.700000e+02 -7.958328e+01 2.594263e-01
3.700000e+02 -7.904742e+01 2.595993e-01
3.700000e+02 -7.917713e+01 2.606878e-01
3.700000e+02 -7.945435e+01 2.622955e-01
3.700000e+02 -7.987323e+01 2.560086e-01
3.750000e+02 -8.206912e+01 2.883313e-01
3.750000e+02 -8.259946e+01 2.838511e-01
3.750000e+02 -8.216486e+01 2.911462e-01
3.750000e+02 -8.224898e+01 2.910386e-01
3.750000e+02 -8.198579e+01 2.877503e-01
3.800000e+02 -8.372108e+01 3.150500e-01
3.800000e+02 -8.418633e+01 3.113593e-01
3.800000e+02 -8.417383e+01 3.122601e-01
3.800000e+02 -8.437160e+01 3.165826e-01
3.800000e+02 -8.455788e+01 3.113047e-01
3.850000e+02 -8.555035e+01 3.344468e-01
3.850000e+02 -8.617423e+01 3.285068e-01
3.850000e+02 -8.518036e+01 3.317743e-01
3.850000e+02 -8.625481e+01 3.310938e-01
3.850000e+02 -8.562987e+01 3.323442e-01
3.900000e+02 -8.652743e+01 3.504076e-01
3.900000e+02 -8.618727e+01 3.466869e-01
3.900000e+02 -8.664770e+01 3.471132e-01
3.900000e+02 -8.632121e+01 3.464501e-01
3.900000e+02 -8.674019e+01 3.490805e-01
3.950000e+02 -8.616849e+01 3.604285e-01
3.950000e+02 -8.688248e+01 3.641508e-01
3.950000e+02 -8.675494e+01 3.617564e-01
3.950000e+02 -8.711340e+01 3.683917e-01
3.950000e+02 -8.689490e+01 3.590666e-01
