3.000000e+02 1.816320e+00 3.132739e-03
3.000000e+02 1.823747e+00 3.150871e-03
3.000000e+02 1.823934e+00 3.144831e-03
3.000000e+02 1.824099e+00 3.129938e-03
3.000000e+02 1.820684e+00 3.155947e-03
3.050000e+02 2.459247e+00 4.266276e-03
3.050000e+02 2.461126e+00 4.312929e-03
3.050000e+02 2.458800e+00 4.386271e-03
3.050000e+02 2.464797e+00 4.276296e-03
3.050000e+02 2.456218e+00 4.275332e-03
3.100000e+02 3.276074e+00 5.645539e-03
3.100000e+02 3.274657e+00 5.773676e-03
3.100000e+02 3.277222e+00 5.727214e-03
3.100000e+02 3.284730e+00 5.734756e-03
3.100000e+02 3.275590e+00 5.681276e-03
3.150000e+02 4.376958e+00 7.646335e-03
3.150000e+02 4.363074e+00 7.649850e-03
3.150000e+02 4.374903e+00 7.802804e-03
3.150000e+02 4.380627e+00 7.739765e-03
3.150000e+02 4.377200e+00 7.693668e-03
3.200000e+02 5.886829e+00 1.052616e-02
3.200000e+02 5.881271e+00 1.046118e-02
3.200000e+02 5.863440e+00 1.040529e-02
3.200000e+02 5.884425e+00 1.040760e-02
3.200000e+02 5.894421e+00 1.052247e-02
3.250000e+02 8.083397e+00 1.488404e-02
3.250000e+02 8.095151e+00 1.479936e-02
3.250000e+02 8.090871e+00 1.464658e-02
3.250000e+02 8.077759e+00 1.459078e-02
3.250000e+02 8.084189e+00 1.478481e-02
3.300000e+02 1.159119e+01 2.123677e-02
3.300000e+02 1.155167e+01 2.154800e-02
3.300000e+02 1.155653e+01 2.149994e-02
3.300000e+02 1.153159e+01 2.201495e-02
3.300000e+02 1.159756e+01 2.149379e-02
3.310000e+02 1.253444e+01 2.392866e-02
3.310000e+02 1.253210e+01 2.337512e-02
3.310000e+02 1.252762e+01 2.329745e-02
3.310000e+02 1.251815e+01 2.340299e-02
3.310000e+02 1.253639e+01 2.371557e-02
3.320000e+02 1.359084e+01 2.589219e-02
3.320000e+02 1.359433e+01 2.601275e-02
3.320000e+02 1.355644e+01 2.580578e-02
3.320000e+02 1.360608e+01 2.591233e-02
3.320000e+02 1.360754e+01 2.588054e-02
3.330000e+02 1.482357e+01 2.862097e-02
3.330000e+02 1.486925e+01 2.869645e-02
3.330000e+02 1.486438e+01 2.839488e-02
3.330000e+02 1.488456e+01 2.817370e-02
3.330000e+02 1.490238e+01 2.818556e-02
3.340000e+02 1.630931e+01 3.142948e-02
3.340000e+02 1.633767e+01 3.132624e-02
3.340000e+02 1.636137e+01 3.182861e-02
3.340000e+02 1.631907e+01 3.238494e-02
3.340000e+02 1.634808e+01 3.109597e-02
3.350000e+02 1.803570e+01 3.472248e-02
3.350000e+02 1.802967e+01 3.579573e-02
3.350000e+02 1.807288e+01 3.565085e-02
3.350000e+02 1.803769e+01 3.516759e-02
3.350000e+02 1.804385e+01 3.590122e-02
3.360000e+02 2.011270e+01 3.972529e-02
3.360000e+02 2.007923e+01 4.012013e-02
3.360000e+02 2.005715e+01 3.996144e-02
3.360000e+02 2.005837e+01 4.003859e-02
3.360000e+02 2.005082e+01 3.956343e-02
3.370000e+02 2.251345e+01 4.670727e-02
3.370000e+02 2.248968e+01 4.627801e-02
3.370000e+02 2.258237e+01 4.575896e-02
3.370000e+02 2.253992e+01 4.542700e-02
3.370000e+02 2.261170e+01 4.719675e-02
3.380000e+02 2.564900e+01 5.322147e-02
3.380000e+02 2.578090e+01 5.401520e-02
3.380000e+02 2.566733e+01 5.466643e-02
3.380000e+02 2.565988e+01 5.340884e-02
3.380000e+02 2.561250e+01 5.271148e-02
3.390000e+02 2.972323e+01 6.253323e-02
3.390000e+02 2.972131e+01 6.285497e-02
3.390000e+02 2.973187e+01 6.287469e-02
3.390000e+02 2.968980e+01 6.316904e-02
3.390000e+02 2.969964e+01 6.166572e-02
3.400000e+02 3.514094e+01 7.479413e-02
3.400000e+02 3.527507e+01 7.521118e-02
3.400000e+02 3.522236e+01 7.729108e-02
3.400000e+02 3.497776e+01 7.477391e-02
3.400000e+02 3.505501e+01 7.505892e-02
3.402000e+02 3.650305e+01 8.167754e-02
3.402000e+02 3.664471e+01 7.768107e-02
3.402000e+02 3.650960e+01 7.962508e-02
3.402000e+02 3.650724e+01 8.036828e-02
3.402000e+02 3.656382e+01 7.810009e-02
3.404000e+02 3.789153e+01 8.319663e-02
3.404000e+02 3.809752e+01 8.162674e-02
3.404000e+02 3.791962e+01 8.130416e-02
3.404000e+02 3.802973e+01 8.214280e-02
3.404000e+02 3.791482e+01 8.387967e-02
3.406000e+02 3.953256e+01 8.356983e-02
3.406000e+02 3.959652e+01 8.319142e-02
3.406000e+02 3.946714e+01 8.814293e-02
3.406000e+02 3.953567e+01 8.663421e-02
3.406000e+02 3.959461e+01 8.263561e-02
3.408000e+02 4.125880e+01 9.150507e-02
3.408000e+02 4.139874e+01 9.073655e-02
3.408000e+02 4.139109e+01 8.998519e-02
3.408000e+02 4.125400e+01 8.860300e-02
3.408000e+02 4.124760e+01 8.803659e-02
3.410000e+02 4.330239e+01 9.831416e-02
3.410000e+02 4.309678e+01 9.330480e-02
3.410000e+02 4.317727e+01 9.541569e-02
3.410000e+02 4.319967e+01 9.426046e-02
3.410000e+02 4.302524e+01 9.415279e-02
3.412000e+02 4.488177e+01 9.827583e-02
3.412000e+02 4.514438e+01 1.009978e-01
3.412000e+02 4.502373e+01 9.466101e-02
3.412000e+02 4.498451e+01 1.010920e-01
3.412000e+02 4.516475e+01 9.799373e-02
3.414000e+02 4.735880e+01 1.028491e-01
3.414000e+02 4.749654e+01 1.025190e-01
3.414000e+02 4.737283e+01 1.059182e-01
3.414000e+02 4.751983e+01 1.044909e-01
3.414000e+02 4.733087e+01 1.055229e-01
3.416000e+02 4.989641e+01 1.123028e-01
3.416000e+02 4.997041e+01 1.149102e-01
3.416000e+02 4.991268e+01 1.108037e-01
3.416000e+02 4.976695e+01 1.084610e-01
3.416000e+02 4.966544e+01 1.132152e-01
3.418000e+02 5.241807e+01 1.214307e-01
3.418000e+02 5.248805e+01 1.189599e-01
3.418000e+02 5.249732e+01 1.213637e-01
3.418000e+02 5.248478e+01 1.143910e-01
3.418000e+02 5.259469e+01 1.170699e-01
3.420000e+02 5.560155e+01 1.263399e-01
3.420000e+02 5.555604e+01 1.239632e-01
3.420000e+02 5.548147e+01 1.237400e-01
3.420000e+02 5.564599e+01 1.241999e-01
3.420000e+02 5.558583e+01 1.213753e-01
3.422000e+02 5.886699e+01 1.355302e-01
3.422000e+02 5.902855e+01 1.293765e-01
3.422000e+02 5.889067e+01 1.318400e-01
3.422000e+02 5.913063e+01 1.336365e-01
3.422000e+02 5.885263e+01 1.359540e-01
3.424000e+02 6.279621e+01 1.419445e-01
3.424000e+02 6.293155e+01 1.397721e-01
3.424000e+02 6.269949e+01 1.401877e-01
3.424000e+02 6.282326e+01 1.390715e-01
3.424000e+02 6.290269e+01 1.385703e-01
3.426000e+02 6.734293e+01 1.532328e-01
3.426000e+02 6.704043e+01 1.545470e-01
3.426000e+02 6.714743e+01 1.564739e-01
3.426000e+02 6.720705e+01 1.565341e-01
3.426000e+02 6.717607e+01 1.515357e-01
3.428000e+02 7.198543e+01 1.664217e-01
3.428000e+02 7.221532e+01 1.723089e-01
3.428000e+02 7.229418e+01 1.693892e-01
3.428000e+02 7.195598e+01 1.629035e-01
3.428000e+02 7.189209e+01 1.660973e-01
3.430000e+02 7.753873e+01 1.783097e-01
3.430000e+02 7.792000e+01 1.767241e-01
3.430000e+02 7.772178e+01 1.798344e-01
3.430000e+02 7.798786e+01 1.795318e-01
3.430000e+02 7.795685e+01 1.798786e-01
3.432000e+02 8.381785e+01 1.962903e-01
3.432000e+02 8.424691e+01 1.966569e-01
3.432000e+02 8.436629e+01 1.974736e-01
3.432000e+02 8.447852e+01 1.923906e-01
3.432000e+02 8.429542e+01 1.938387e-01
3.434000e+02 9.173390e+01 2.107160e-01
3.434000e+02 9.169022e+01 2.134898e-01
3.434000e+02 9.158885e+01 2.188310e-01
3.434000e+02 9.207522e+01 2.143774e-01
3.434000e+02 9.162728e+01 2.150991e-01
3.436000e+02 1.000637e+02 2.376510e-01
3.436000e+02 9.994327e+01 2.314144e-01
3.436000e+02 9.981594e+01 2.326090e-01
3.436000e+02 1.001195e+02 2.304577e-01
3.436000e+02 1.000547e+02 2.370880e-01
3.438000e+02 1.093833e+02 2.551465e-01
3.438000e+02 1.095888e+02 2.582180e-01
3.438000e+02 1.098795e+02 2.605489e-01
3.438000e+02 1.092721e+02 2.579083e-01
3.438000e+02 1.093517e+02 2.510637e-01
3.440000e+02 1.197441e+02 2.711472e-01
3.440000e+02 1.193337e+02 2.908529e-01
3.440000e+02 1.196241e+02 2.864330e-01
3.440000e+02 1.201687e+02 2.830406e-01
3.440000e+02 1.195665e+02 2.942882e-01
3.442000e+02 1.333486e+02 2.591400e-01
3.442000e+02 1.328947e+02 2.576151e-01
3.442000e+02 1.333226e+02 2.626946e-01
3.442000e+02 1.332162e+02 2.619541e-01
3.442000e+02 1.334765e+02 2.651299e-01
3.444000e+02 1.462647e+02 2.847097e-01
3.444000e+02 1.467494e+02 2.957021e-01
3.444000e+02 1.462546e+02 2.889019e-01
3.444000e+02 1.465528e+02 2.756524e-01
3.444000e+02 1.462813e+02 2.838682e-01
3.446000e+02 1.590999e+02 3.038717e-01
3.446000e+02 1.592074e+02 3.062845e-01
3.446000e+02 1.594022e+02 3.053833e-01
3.446000e+02 1.597792e+02 3.030704e-01
3.446000e+02 1.595583e+02 2.927443e-01
3.448000e+02 1.726652e+02 3.212978e-01
3.448000e+02 1.729026e+02 3.320583e-01
3.448000e+02 1.729565e+02 3.223689e-01
3.448000e+02 1.726452e+02 3.271527e-01
3.448000e+02 1.725181e+02 3.208290e-01
3.450000e+02 1.858073e+02 3.436207e-01
3.450000e+02 1.858753e+02 3.575034e-01
3.450000e+02 1.857257e+02 3.381833e-01
3.450000e+02 1.857211e+02 3.425788e-01
3.450000e+02 1.857695e+02 3.379645e-01
3.452000e+02 1.989303e+02 3.675906e-01
3.452000e+02 1.987238e+02 3.624476e-01
3.452000e+02 1.979782e+02 3.695776e-01
3.452000e+02 1.988631e+02 3.628400e-01
3.452000e+02 1.983985e+02 3.607071e-01
3.454000e+02 2.116244e+02 3.882473e-01
3.454000e+02 2.105881e+02 3.852167e-01
3.454000e+02 2.114275e+02 3.961768e-01
3.454000e+02 2.112547e+02 3.820725e-01
3.454000e+02 2.115357e+02 3.823096e-01
3.456000e+02 2.237426e+02 4.071433e-01
3.456000e+02 2.241876e+02 3.999483e-01
3.456000e+02 2.232920e+02 4.108292e-01
3.456000e+02 2.237479e+02 3.984407e-01
3.456000e+02 2.236035e+02 4.054281e-01
3.458000e+02 2.349714e+02 4.345268e-01
3.458000e+02 2.357367e+02 4.381901e-01
3.458000e+02 2.352118e+02 4.278062e-01
3.458000e+02 2.358802e+02 4.209453e-01
3.458000e+02 2.354128e+02 4.291689e-01
3.460000e+02 2.473381e+02 4.387566e-01
3.460000e+02 2.464022e+02 4.526848e-01
3.460000e+02 2.469507e+02 4.424341e-01
3.460000e+02 2.462948e+02 4.305669e-01
3.460000e+02 2.468734e+02 4.505258e-01
3.462000e+02 2.584425e+02 4.544980e-01
3.462000e+02 2.585565e+02 4.818017e-01
3.462000e+02 2.584690e+02 4.625863e-01
3.462000e+02 2.579380e+02 4.797627e-01
3.462000e+02 2.593397e+02 4.654201e-01
3.464000e+02 2.682628e+02 4.831222e-01
3.464000e+02 2.693937e+02 4.781050e-01
3.464000e+02 2.691628e+02 5.046058e-01
3.464000e+02 2.700800e+02 4.895538e-01
3.464000e+02 2.688281e+02 4.949209e-01
3.466000e+02 2.789205e+02 5.028852e-01
3.466000e+02 2.791393e+02 5.129497e-01
3.466000e+02 2.787022e+02 4.957336e-01
3.466000e+02 2.799993e+02 5.133659e-01
3.466000e+02 2.791258e+02 5.108957e-01
3.468000e+02 2.892613e+02 5.287166e-01
3.468000e+02 2.898233e+02 5.331018e-01
3.468000e+02 2.888193e+02 5.280173e-01
3.468000e+02 2.894829e+02 5.137519e-01
3.468000e+02 2.904650e+02 5.278443e-01
3.470000e+02 3.010191e+02 5.314051e-01
3.470000e+02 3.001088e+02 5.608424e-01
3.470000e+02 2.995618e+02 5.536053e-01
3.470000e+02 2.996818e+02 5.611638e-01
3.470000e+02 3.000008e+02 5.392092e-01
3.472000e+02 3.086774e+02 5.743056e-01
3.472000e+02 3.100755e+02 5.508915e-01
3.472000e+02 3.081223e+02 5.671465e-01
3.472000e+02 3.097431e+02 5.744063e-01
3.472000e+02 3.095239e+02 5.643670e-01
3.474000e+02 3.194091e+02 5.916121e-01
3.474000e+02 3.180538e+02 5.862124e-01
3.474000e+02 3.185272e+02 5.638382e-01
3.474000e+02 3.195169e+02 5.811707e-01
3.474000e+02 3.184713e+02 5.797894e-01
3.476000e+02 3.272264e+02 6.098298e-01
3.476000e+02 3.271393e+02 6.037714e-01
3.476000e+02 3.271823e+02 6.041277e-01
3.476000e+02 3.270179e+02 6.011909e-01
3.476000e+02 3.273950e+02 6.149812e-01
3.478000e+02 3.369860e+02 6.165702e-01
3.478000e+02 3.355740e+02 6.251006e-01
3.478000e+02 3.359916e+02 6.359219e-01
3.478000e+02 3.361275e+02 6.195754e-01
3.478000e+02 3.352307e+02 6.310362e-01
3.480000e+02 3.462158e+02 6.532305e-01
3.480000e+02 3.457591e+02 6.448462e-01
3.480000e+02 3.447128e+02 6.377539e-01
3.480000e+02 3.443513e+02 6.482230e-01
3.480000e+02 3.446960e+02 6.350677e-01
3.482000e+02 3.539571e+02 6.706736e-01
3.482000e+02 3.526743e+02 6.602239e-01
3.482000e+02 3.529766e+02 6.486986e-01
3.482000e+02 3.541401e+02 6.433263e-01
3.482000e+02 3.536014e+02 6.633037e-01
3.484000e+02 3.598337e+02 6.828940e-01
3.484000e+02 3.617854e+02 6.857856e-01
3.484000e+02 3.615870e+02 6.735186e-01
3.484000e+02 3.614024e+02 6.895487e-01
3.484000e+02 3.602873e+02 6.684197e-01
3.486000e+02 3.706707e+02 6.931981e-01
3.486000e+02 3.695521e+02 7.008771e-01
3.486000e+02 3.695392e+02 6.970220e-01
3.486000e+02 3.685119e+02 7.136904e-01
3.486000e+02 3.695802e+02 6.894435e-01
3.488000e+02 3.765062e+02 7.100871e-01
3.488000e+02 3.770440e+02 7.086010e-01
3.488000e+02 3.761866e+02 7.020793e-01
3.488000e+02 3.781931e+02 7.098069e-01
3.488000e+02 3.772575e+02 6.979821e-01
3.490000e+02 3.838750e+02 7.271484e-01
3.490000e+02 3.843454e+02 7.322550e-01
3.490000e+02 3.846967e+02 7.193387e-01
3.490000e+02 3.841834e+02 7.253544e-01
3.490000e+02 3.840118e+02 7.199204e-01
3.492000e+02 3.929690e+02 7.274207e-01
3.492000e+02 3.919859e+02 7.505163e-01
3.492000e+02 3.921832e+02 7.519191e-01
3.492000e+02 3.933731e+02 7.447989e-01
3.492000e+02 3.915513e+02 7.304598e-01
3.494000e+02 3.994197e+02 7.646575e-01
3.494000e+02 3.990577e+02 7.516452e-01
3.494000e+02 3.998233e+02 7.523291e-01
3.494000e+02 3.986132e+02 7.554619e-01
3.494000e+02 3.991391e+02 7.331549e-01
3.496000e+02 4.068323e+02 7.758089e-01
3.496000e+02 4.065766e+02 7.586886e-01
3.496000e+02 4.073205e+02 7.804483e-01
3.496000e+02 4.065114e+02 7.757392e-01
3.496000e+02 4.058527e+02 7.675488e-01
3.498000e+02 4.132746e+02 8.070136e-01
3.498000e+02 4.122957e+02 7.998847e-01
3.498000e+02 4.145560e+02 7.944671e-01
3.498000e+02 4.139745e+02 7.916782e-01
3.498000e+02 4.133480e+02 7.879153e-01
3.500000e+02 4.189213e+02 8.157538e-01
3.500000e+02 4.192866e+02 7.859453e-01
3.500000e+02 4.216843e+02 8.287622e-01
3.500000e+02 4.198920e+02 7.922179e-01
3.500000e+02 4.205636e+02 8.194877e-01
3.510000e+02 4.524343e+02 8.858022e-01
3.510000e+02 4.527319e+02 8.753486e-01
3.510000e+02 4.512540e+02 8.733133e-01
3.510000e+02 4.519560e+02 8.755000e-01
3.510000e+02 4.517540e+02 8.463396e-01
3.520000e+02 4.796486e+02 9.725617e-01
3.520000e+02 4.820920e+02 9.382840e-01
3.520000e+02 4.812874e+02 9.502425e-01
3.520000e+02 4.812324e+02 9.394855e-01
3.520000e+02 4.823629e+02 9.527936e-01
3.530000e+02 5.097387e+02 1.010458e+00
3.530000e+02 5.089516e+02 9.976253e-01
3.530000e+02 5.084503e+02 1.010050e+00
3.530000e+02 5.101229e+02 1.009686e+00
3.530000e+02 5.107517e+02 1.023627e+00
3.540000e+02 5.326539e+02 1.066141e+00
3.540000e+02 5.342870e+02 1.076319e+00
3.540000e+02 5.331667e+02 1.049731e+00
3.540000e+02 5.334982e+02 1.067719e+00
3.540000e+02 5.344168e+02 1.083555e+00
3.550000e+02 5.574879e+02 1.119916e+00
3.550000e+02 5.577119e+02 1.129164e+00
3.550000e+02 5.561582e+02 1.123067e+00
3.550000e+02 5.582523e+02 1.095059e+00
3.550000e+02 5.576374e+02 1.123850e+00
3.560000e+02 5.758520e+02 1.171982e+00
3.560000e+02 5.765957e+02 1.129770e+00
3.560000e+02 5.770504e+02 1.158107e+00
3.560000e+02 5.759907e+02 1.166993e+00
3.560000e+02 5.777568e+02 1.160248e+00
3.570000e+02 5.972047e+02 1.225200e+00
3.570000e+02 5.992528e+02 1.225785e+00
3.570000e+02 5.969143e+02 1.199838e+00
3.570000e+02 5.974521e+02 1.170339e+00
3.570000e+02 6.007950e+02 1.190812e+00
3.580000e+02 6.160672e+02 1.267903e+00
3.580000e+02 6.149780e+02 1.255191e+00
3.580000e+02 6.164284e+02 1.245310e+00
3.580000e+02 6.155408e+02 1.226420e+00
3.580000e+02 6.150346e+02 1.245738e+00
3.590000e+02 6.333329e+02 1.304706e+00
3.590000e+02 6.339876e+02 1.304124e+00
3.590000e+02 6.334727e+02 1.295545e+00
3.590000e+02 6.345019e+02 1.293694e+00
3.590000e+02 6.348882e+02 1.312452e+00
3.600000e+02 6.497035e+02 1.335637e+00
3.600000e+02 6.499297e+02 1.331345e+00
3.600000e+02 6.507194e+02 1.335700e+00
3.600000e+02 6.522282e+02 1.341073e+00
3.600000e+02 6.494513e+02 1.309107e+00
3.650000e+02 7.222959e+02 1.503209e+00
3.650000e+02 7.194434e+02 1.480127e+00
3.650000e+02 7.213224e+02 1.510231e+00
3.650000e+02 7.235391e+02 1.527344e+00
3.650000e+02 7.245896e+02 1.497588e+00
3.700000e+02 7.762587e+02 1.624495e+00
3.700000e+02 7.781052e+02 1.606470e+00
3.700000e+02 7.757929e+02 1.596274e+00
3.700000e+02 7.758712e+02 1.619878e+00
3.700000e+02 7.753352e+02 1.617571e+00
3.750000e+02 8.181302e+02 1.702823e+00
3.750000e+02 8.198217e+02 1.696748e+00
3.750000e+02 8.180324e+02 1.756063e+00
3.750000e+02 8.196059e+02 1.680817e+00
3.750000e+02 8.180981e+02 1.722135e+00
3.800000e+02 8.513238e+02 1.832286e+00
3.800000e+02 8.512734e+02 1.759625e+00
3.800000e+02 8.540782e+02 1.798997e+00
3.800000e+02 8.544195e+02 1.762373e+00
3.800000e+02 8.552755e+02 1.753075e+00
3.850000e+02 8.788347e+02 1.823111e+00
3.850000e+02 8.820889e+02 1.811892e+00
3.850000e+02 8.797449e+02 1.804593e+00
3.850000e+02 8.814296e+02 1.816634e+00
3.850000e+02 8.774069e+02 1.814280e+00
3.900000e+02 9.002196e+02 1.876392e+00
3.900000e+02 8.999056e+02 1.819392e+00
3.900000e+02 9.015628e+02 1.823821e+00
3.900000e+02 9.036312e+02 1.836243e+00
3.900000e+02 8.969179e+02 1.923516e+00
3.950000e+02 9.152800e+02 1.944435e+00
3.950000e+02 9.187045e+02 1.887934e+00
3.950000e+02 9.160233e+02 1.882349e+00
3.950000e+02 9.195853e+02 1.877599e+00
3.950000e+02 9.149086e+02 1.906074e+00
