3.000000e+02 2.603547e+00 4.516964e-03
3.000000e+02 2.612502e+00 4.514672e-03
3.000000e+02 2.605529e+00 4.540491e-03
3.000000e+02 2.608017e+00 4.472055e-03
3.000000e+02 2.601459e+00 4.521686e-03
3.050000e+02 3.526291e+00 6.113192e-03
3.050000e+02 3.533043e+00 6.201337e-03
3.050000e+02 3.532782e+00 6.237830e-03
3.050000e+02 3.542186e+00 6.124362e-03
3.050000e+02 3.534580e+00 6.200360e-03
3.100000e+02 4.727803e+00 8.338101e-03
3.100000e+02 4.735109e+00 8.434903e-03
3.100000e+02 4.741924e+00 8.313367e-03
3.100000e+02 4.724871e+00 8.303386e-03
3.100000e+02 4.732547e+00 8.253041e-03
3.150000e+02 6.338899e+00 1.111833e-02
3.150000e+02 6.325583e+00 1.125746e-02
3.150000e+02 6.309753e+00 1.102533e-02
3.150000e+02 6.319400e+00 1.113223e-02
3.150000e+02 6.327925e+00 1.117712e-02
3.200000e+02 8.491635e+00 1.493402e-02
3.200000e+02 8.492669e+00 1.468621e-02
3.200000e+02 8.448605e+00 1.503949e-02
3.200000e+02 8.473552e+00 1.499155e-02
3.200000e+02 8.495496e+00 1.496756e-02
3.250000e+02 1.159517e+01 2.085217e-02
3.250000e+02 1.158287e+01 2.121917e-02
3.250000e+02 1.158431e+01 2.112941e-02
3.250000e+02 1.158215e+01 2.098938e-02
3.250000e+02 1.153942e+01 2.080552e-02
3.300000e+02 1.627665e+01 3.011476e-02
3.300000e+02 1.633408e+01 3.001778e-02
3.300000e+02 1.632025e+01 2.998069e-02
3.300000e+02 1.633524e+01 3.047333e-02
3.300000e+02 1.639266e+01 3.051980e-02
3.310000e+02 1.768161e+01 3.290682e-02
3.310000e+02 1.766457e+01 3.345187e-02
3.310000e+02 1.762559e+01 3.304400e-02
3.310000e+02 1.762207e+01 3.348315e-02
3.310000e+02 1.763620e+01 3.312961e-02
3.320000e+02 1.910063e+01 3.595322e-02
3.320000e+02 1.919048e+01 3.617672e-02
3.320000e+02 1.916656e+01 3.605500e-02
3.320000e+02 1.906422e+01 3.567633e-02
3.320000e+02 1.906074e+01 3.591138e-02
3.330000e+02 2.080959e+01 3.870662e-02
3.330000e+02 2.078724e+01 3.946612e-02
3.330000e+02 2.074045e+01 3.913784e-02
3.330000e+02 2.073612e+01 4.011373e-02
3.330000e+02 2.078456e+01 3.883479e-02
3.340000e+02 2.258338e+01 4.449303e-02
3.340000e+02 2.268026e+01 4.279368e-02
3.340000e+02 2.261899e+01 4.312100e-02
3.340000e+02 2.263150e+01 4.254422e-02
3.340000e+02 2.263652e+01 4.391100e-02
3.350000e+02 2.495732e+01 4.828612e-02
3.350000e+02 2.491023e+01 4.897745e-02
3.350000e+02 2.486212e+01 4.893384e-02
3.350000e+02 2.490081e+01 4.916886e-02
3.350000e+02 2.482490e+01 4.820287e-02
3.360000e+02 2.746595e+01 5.354229e-02
3.360000e+02 2.749558e+01 5.402515e-02
3.360000e+02 2.744644e+01 5.370236e-02
3.360000e+02 2.755115e+01 5.416538e-02
3.360000e+02 2.752528e+01 5.317622e-02
3.370000e+02 3.055734e+01 6.103043e-02
3.370000e+02 3.071793e+01 6.176456e-02
3.370000e+02 3.078596e+01 6.011260e-02
3.370000e+02 3.067060e+01 6.205231e-02
3.370000e+02 3.064379e+01 5.990998e-02
3.380000e+02 3.461113e+01 6.946855e-02
3.380000e+02 3.457393e+01 6.974415e-02
3.380000e+02 3.467441e+01 6.995797e-02
3.380000e+02 3.467256e+01 7.060061e-02
3.380000e+02 3.460192e+01 6.866331e-02
3.390000e+02 3.957915e+01 8.287338e-02
3.390000e+02 3.953053e+01 8.264860e-02
3.390000e+02 3.946412e+01 8.152946e-02
3.390000e+02 3.970025e+01 8.380129e-02
3.390000e+02 3.964909e+01 8.283993e-02
3.400000e+02 4.621808e+01 9.480173e-02
3.400000e+02 4.637144e+01 9.499014e-02
3.400000e+02 4.624723e+01 9.709530e-02
3.400000e+02 4.624406e+01 9.717807e-02
3.400000e+02 4.634585e+01 9.915017e-02
3.402000e+02 4.781428e+01 1.001445e-01
3.402000e+02 4.769227e+01 1.045646e-01
3.402000e+02 4.788982e+01 1.011354e-01
3.402000e+02 4.767000e+01 1.040301e-01
3.402000e+02 4.788247e+01 1.010256e-01
3.404000e+02 4.952492e+01 1.058082e-01
3.404000e+02 4.949547e+01 1.049271e-01
3.404000e+02 4.975103e+01 1.064161e-01
3.404000e+02 4.956077e+01 1.062045e-01
3.404000e+02 4.966310e+01 1.084272e-01
3.406000e+02 5.146915e+01 1.092549e-01
3.406000e+02 5.161477e+01 1.115489e-01
3.406000e+02 5.151778e+01 1.118612e-01
3.406000e+02 5.136974e+01 1.105773e-01
3.406000e+02 5.152744e+01 1.087304e-01
3.408000e+02 5.338979e+01 1.158910e-01
3.408000e+02 5.349661e+01 1.152521e-01
3.408000e+02 5.362568e+01 1.130558e-01
3.408000e+02 5.346281e+01 1.168883e-01
3.408000e+02 5.347258e+01 1.094449e-01
3.410000e+02 5.572531e+01 1.175957e-01
3.410000e+02 5.574079e+01 1.213994e-01
3.410000e+02 5.560867e+01 1.212603e-01
3.410000e+02 5.594209e+01 1.223472e-01
3.410000e+02 5.583361e+01 1.189174e-01
3.412000e+02 5.795299e+01 1.239444e-01
3.412000e+02 5.797447e+01 1.272043e-01
3.412000e+02 5.810888e+01 1.291793e-01
3.412000e+02 5.822771e+01 1.288109e-01
3.412000e+02 5.809847e+01 1.264759e-01
3.414000e+02 6.080794e+01 1.312406e-01
3.414000e+02 6.069322e+01 1.292482e-01
3.414000e+02 6.067272e+01 1.358601e-01
3.414000e+02 6.072955e+01 1.307181e-01
3.414000e+02 6.074870e+01 1.321348e-01
3.416000e+02 6.378502e+01 1.386423e-01
3.416000e+02 6.389196e+01 1.388972e-01
3.416000e+02 6.350133e+01 1.384051e-01
3.416000e+02 6.364796e+01 1.412588e-01
3.416000e+02 6.351297e+01 1.363605e-01
3.418000e+02 6.676736e+01 1.497637e-01
3.418000e+02 6.693209e+01 1.491414e-01
3.418000e+02 6.703579e+01 1.455952e-01
3.418000e+02 6.687853e+01 1.474657e-01
3.418000e+02 6.708482e+01 1.396946e-01
3.420000e+02 7.027835e+01 1.523181e-01
3.420000e+02 7.041603e+01 1.588486e-01
3.420000e+02 7.033263e+01 1.545744e-01
3.420000e+02 7.040424e+01 1.546347e-01
3.420000e+02 7.052821e+01 1.580255e-01
3.422000e+02 7.433162e+01 1.671779e-01
3.422000e+02 7.464650e+01 1.590920e-01
3.422000e+02 7.437837e+01 1.632845e-01
3.422000e+02 7.443777e+01 1.652243e-01
3.422000e+02 7.421082e+01 1.673106e-01
3.424000e+02 7.856873e+01 1.745781e-01
3.424000e+02 7.863048e+01 1.770549e-01
3.424000e+02 7.864279e+01 1.724686e-01
3.424000e+02 7.883888e+01 1.770359e-01
3.424000e+02 7.892070e+01 1.755094e-01
3.426000e+02 8.383622e+01 1.901455e-01
3.426000e+02 8.368884e+01 1.859105e-01
3.426000e+02 8.359607e+01 1.835104e-01
3.426000e+02 8.368833e+01 1.866651e-01
3.426000e+02 8.362469e+01 1.837687e-01
3.428000e+02 8.919290e+01 2.067813e-01
3.428000e+02 8.943057e+01 2.011279e-01
3.428000e+02 8.974683e+01 2.107153e-01
3.428000e+02 8.947599e+01 1.991177e-01
3.428000e+02 8.947697e+01 2.150085e-01
3.430000e+02 9.593765e+01 2.218893e-01
3.430000e+02 9.593917e+01 2.248891e-01
3.430000e+02 9.608909e+01 2.279143e-01
3.430000e+02 9.582564e+01 2.164680e-01
3.430000e+02 9.571837e+01 2.227935e-01
3.432000e+02 1.031659e+02 2.514973e-01
3.432000e+02 1.029541e+02 2.319984e-01
3.432000e+02 1.030371e+02 2.358922e-01
3.432000e+02 1.036634e+02 2.513347e-01
3.432000e+02 1.032479e+02 2.393446e-01
3.434000e+02 1.120432e+02 2.547272e-01
3.434000e+02 1.115472e+02 2.545515e-01
3.434000e+02 1.120145e+02 2.580418e-01
3.434000e+02 1.120798e+02 2.725294e-01
3.434000e+02 1.112804e+02 2.564096e-01
3.436000e+02 1.215920e+02 2.911379e-01
3.436000e+02 1.209848e+02 2.771051e-01
3.436000e+02 1.211186e+02 2.805617e-01
3.436000e+02 1.214873e+02 2.744403e-01
3.436000e+02 1.210547e+02 2.781915e-01
3.438000e+02 1.317247e+02 3.084682e-01
3.438000e+02 1.315958e+02 3.102418e-01
3.438000e+02 1.315671e+02 3.049070e-01
3.438000e+02 1.318343e+02 3.060043e-01
3.438000e+02 1.318273e+02 3.215289e-01
3.440000e+02 1.432232e+02 3.273608e-01
3.440000e+02 1.436815e+02 3.485863e-01
3.440000e+02 1.431235e+02 3.342995e-01
3.440000e+02 1.436422e+02 3.322439e-01
3.440000e+02 1.432141e+02 3.211962e-01
3.442000e+02 1.532478e+02 2.942084e-01
3.442000e+02 1.535022e+02 3.030155e-01
3.442000e+02 1.537563e+02 2.990938e-01
3.442000e+02 1.536562e+02 3.014444e-01
3.442000e+02 1.532108e+02 3.016099e-01
3.444000e+02 1.648215e+02 3.196605e-01
3.444000e+02 1.650471e+02 3.212397e-01
3.444000e+02 1.654558e+02 3.155039e-01
3.444000e+02 1.655863e+02 3.207455e-01
3.444000e+02 1.652494e+02 3.193067e-01
3.446000e+02 1.776245e+02 3.396086e-01
3.446000e+02 1.780801e+02 3.455038e-01
3.446000e+02 1.780074e+02 3.323507e-01
3.446000e+02 1.773202e+02 3.360824e-01
3.446000e+02 1.780171e+02 3.344138e-01
3.448000e+02 1.903592e+02 3.511262e-01
3.448000e+02 1.902344e+02 3.576488e-01
3.448000e+02 1.896534e+02 3.605399e-01
3.448000e+02 1.897962e+02 3.555062e-01
3.448000e+02 1.899172e+02 3.549638e-01
3.450000e+02 2.027663e+02 3.749898e-01
3.450000e+02 2.034207e+02 3.809954e-01
3.450000e+02 2.016737e+02 3.735895e-01
3.450000e+02 2.023288e+02 3.703282e-01
3.450000e+02 2.030000e+02 3.782556e-01
3.452000e+02 2.147151e+02 3.983282e-01
3.452000e+02 2.159087e+02 3.977452e-01
3.452000e+02 2.157539e+02 3.937546e-01
3.452000e+02 2.154570e+02 3.986309e-01
3.452000e+02 2.150139e+02 3.884491e-01
3.454000e+02 2.274255e+02 4.250830e-01
3.454000e+02 2.274642e+02 4.126616e-01
3.454000e+02 2.279825e+02 4.110291e-01
3.454000e+02 2.269794e+02 4.077541e-01
3.454000e+02 2.271877e+02 4.073708e-01
3.456000e+02 2.394406e+02 4.302269e-01
3.456000e+02 2.391726e+02 4.400986e-01
3.456000e+02 2.400296e+02 4.457997e-01
3.456000e+02 2.396955e+02 4.294637e-01
3.456000e+02 2.396080e+02 4.345829e-01
3.458000e+02 2.513407e+02 4.568095e-01
3.458000e+02 2.509266e+02 4.445175e-01
3.458000e+02 2.509123e+02 4.469019e-01
3.458000e+02 2.518067e+02 4.475044e-01
3.458000e+02 2.511278e+02 4.576360e-01
3.460000e+02 2.619038e+02 4.757221e-01
3.460000e+02 2.623501e+02 4.665705e-01
3.460000e+02 2.630857e+02 4.737415e-01
3.460000e+02 2.618565e+02 4.651056e-01
3.460000e+02 2.619987e+02 4.781989e-01
3.462000e+02 2.728233e+02 4.849686e-01
3.462000e+02 2.723986e+02 5.001942e-01
3.462000e+02 2.736472e+02 4.873040e-01
3.462000e+02 2.732070e+02 4.889099e-01
3.462000e+02 2.720384e+02 4.819510e-01
3.464000e+02 2.831709e+02 5.210547e-01
3.464000e+02 2.828630e+02 5.152550e-01
3.464000e+02 2.836610e+02 5.135496e-01
3.464000e+02 2.832575e+02 5.052422e-01
3.464000e+02 2.835347e+02 5.095987e-01
3.466000e+02 2.938409e+02 5.254972e-01
3.466000e+02 2.937417e+02 5.328909e-01
3.466000e+02 2.930631e+02 5.188195e-01
3.466000e+02 2.932691e+02 5.304696e-01
3.466000e+02 2.944501e+02 5.338386e-01
3.468000e+02 3.033523e+02 5.368314e-01
3.468000e+02 3.029701e+02 5.489288e-01
3.468000e+02 3.029364e+02 5.499915e-01
3.468000e+02 3.035947e+02 5.349458e-01
3.468000e+02 3.034621e+02 5.353711e-01
3.470000e+02 3.130851e+02 5.571305e-01
3.470000e+02 3.143259e+02 5.610867e-01
3.470000e+02 3.132764e+02 5.640225e-01
3.470000e+02 3.128661e+02 5.681074e-01
3.470000e+02 3.133509e+02 5.534194e-01
3.472000e+02 3.227917e+02 5.679050e-01
3.472000e+02 3.223398e+02 5.897958e-01
3.472000e+02 3.234361e+02 5.903432e-01
3.472000e+02 3.227808e+02 5.686542e-01
3.472000e+02 3.229834e+02 5.861595e-01
3.474000e+02 3.319546e+02 6.077800e-01
3.474000e+02 3.321130e+02 6.033296e-01
3.474000e+02 3.316625e+02 5.840293e-01
3.474000e+02 3.319691e+02 6.036692e-01
3.474000e+02 3.310756e+02 6.043278e-01
3.476000e+02 3.400532e+02 6.219773e-01
3.476000e+02 3.399016e+02 6.031775e-01
3.476000e+02 3.403258e+02 6.050489e-01
3.476000e+02 3.402677e+02 6.223994e-01
3.476000e+02 3.405637e+02 6.234148e-01
3.478000e+02 3.491022e+02 6.319319e-01
3.478000e+02 3.494533e+02 6.184039e-01
3.478000e+02 3.484622e+02 6.273808e-01
3.478000e+02 3.501897e+02 6.435225e-01
3.478000e+02 3.484095e+02 6.492397e-01
3.480000e+02 3.570041e+02 6.666209e-01
3.480000e+02 3.568929e+02 6.395338e-01
3.480000e+02 3.576843e+02 6.565375e-01
3.480000e+02 3.573251e+02 6.403696e-01
3.480000e+02 3.564273e+02 6.673549e-01
3.482000e+02 3.645673e+02 6.543100e-01
3.482000e+02 3.638914e+02 6.754223e-01
3.482000e+02 3.651908e+02 6.625265e-01
3.482000e+02 3.663733e+02 6.552991e-01
3.482000e+02 3.645738e+02 6.716543e-01
3.484000e+02 3.737979e+02 7.027440e-01
3.484000e+02 3.738411e+02 6.870560e-01
3.484000e+02 3.736976e+02 6.814084e-01
3.484000e+02 3.737270e+02 6.868110e-01
3.484000e+02 3.739449e+02 6.841940e-01
3.486000e+02 3.805074e+02 7.060281e-01
3.486000e+02 3.822691e+02 6.879811e-01
3.486000e+02 3.808562e+02 7.089613e-01
3.486000e+02 3.829154e+02 7.073140e-01
3.486000e+02 3.813614e+02 7.117418e-01
3.488000e+02 3.872310e+02 7.095505e-01
3.488000e+02 3.880539e+02 7.152628e-01
3.488000e+02 3.891005e+02 7.055146e-01
3.488000e+02 3.895086e+02 7.241053e-01
3.488000e+02 3.888446e+02 7.114385e-01
3.490000e+02 3.969234e+02 7.472724e-01
3.490000e+02 3.962618e+02 7.398401e-01
3.490000e+02 3.970946e+02 7.341296e-01
3.490000e+02 3.956792e+02 7.419240e-01
3.490000e+02 3.954781e+02 7.610780e-01
3.492000e+02 4.033023e+02 7.463218e-01
3.492000e+02 4.051103e+02 7.705705e-01
3.492000e+02 4.029502e+02 7.284170e-01
3.492000e+02 4.039480e+02 7.358439e-01
3.492000e+02 4.040155e+02 7.498982e-01
3.494000e+02 4.097456e+02 7.627742e-01
3.494000e+02 4.105511e+02 7.664098e-01
3.494000e+02 4.098846e+02 7.813547e-01
3.494000e+02 4.094528e+02 7.922666e-01
3.494000e+02 4.105379e+02 7.558964e-01
3.496000e+02 4.173345e+02 7.682938e-01
3.496000e+02 4.179042e+02 7.784743e-01
3.496000e+02 4.170953e+02 7.715166e-01
3.496000e+02 4.172108e+02 7.750021e-01
3.496000e+02 4.174488e+02 7.703310e-01
3.498000e+02 4.241061e+02 7.875792e-01
3.498000e+02 4.241354e+02 7.950118e-01
3.498000e+02 4.240166e+02 8.085279e-01
3.498000e+02 4.242484e+02 7.768978e-01
3.498000e+02 4.246244e+02 7.969806e-01
3.500000e+02 4.318819e+02 8.113700e-01
3.500000e+02 4.311388e+02 7.951285e-01
3.500000e+02 4.305409e+02 8.156281e-01
3.500000e+02 4.309314e+02 7.919714e-01
3.500000e+02 4.314947e+02 7.985040e-01
3.510000e+02 4.610324e+02 8.706183e-01
3.510000e+02 4.624277e+02 8.580247e-01
3.510000e+02 4.624102e+02 8.617780e-01
3.510000e+02 4.609909e+02 8.985609e-01
3.510000e+02 4.624077e+02 8.465125e-01
3.520000e+02 4.918313e+02 9.543840e-01
3.520000e+02 4.900827e+02 9.275391e-01
3.520000e+02 4.915088e+02 9.126843e-01
3.520000e+02 4.901925e+02 9.270747e-01
3.520000e+02 4.904425e+02 9.190279e-01
3.530000e+02 5.185354e+02 9.980522e-01
3.530000e+02 5.165099e+02 9.868526e-01
3.530000e+02 5.157229e+02 9.727919e-01
3.530000e+02 5.174855e+02 9.970076e-01
3.530000e+02 5.170176e+02 1.026936e+00
3.540000e+02 5.399292e+02 1.016076e+00
3.540000e+02 5.408011e+02 1.035076e+00
3.540000e+02 5.415328e+02 1.043639e+00
3.540000e+02 5.415474e+02 1.040008e+00
3.540000e+02 5.411590e+02 1.037430e+00
3.550000e+02 5.622216e+02 1.097239e+00
3.550000e+02 5.626661e+02 1.105612e+00
3.550000e+02 5.648603e+02 1.064652e+00
3.550000e+02 5.646334e+02 1.102342e+00
3.550000e+02 5.627074e+02 1.071315e+00
3.560000e+02 5.875504e+02 1.158472e+00
3.560000e+02 5.855676e+02 1.142025e+00
3.560000e+02 5.851650e+02 1.139699e+00
3.560000e+02 5.850287e+02 1.156871e+00
3.560000e+02 5.860285e+02 1.130418e+00
3.570000e+02 6.044626e+02 1.196831e+00
3.570000e+02 6.055075e+02 1.180027e+00
3.570000e+02 6.024744e+02 1.162251e+00
3.570000e+02 6.062315e+02 1.178319e+00
3.570000e+02 6.061900e+02 1.178453e+00
3.580000e+02 6.240774e+02 1.183024e+00
3.580000e+02 6.241427e+02 1.192288e+00
3.580000e+02 6.218239e+02 1.231503e+00
3.580000e+02 6.248669e+02 1.211488e+00
3.580000e+02 6.227244e+02 1.194703e+00
3.590000e+02 6.400273e+02 1.266779e+00
3.590000e+02 6.428374e+02 1.252865e+00
3.590000e+02 6.397881e+02 1.233190e+00
3.590000e+02 6.402831e+02 1.247743e+00
3.590000e+02 6.420380e+02 1.269626e+00
3.600000e+02 6.572996e+02 1.268114e+00
3.600000e+02 6.567005e+02 1.305210e+00
3.600000e+02 6.569333e+02 1.295382e+00
3.600000e+02 6.565523e+02 1.308025e+00
3.600000e+02 6.588054e+02 1.288306e+00
3.650000e+02 7.264743e+02 1.460711e+00
3.650000e+02 7.261995e+02 1.431956e+00
3.650000e+02 7.259351e+02 1.416709e+00
3.650000e+02 7.256375e+02 1.429533e+00
3.650000e+02 7.298965e+02 1.441657e+00
3.700000e+02 7.810662e+02 1.595012e+00
3.700000e+02 7.818182e+02 1.581892e+00
3.700000e+02 7.799136e+02 1.599564e+00
3.700000e+02 7.814079e+02 1.594028e+00
3.700000e+02 7.801963e+02 1.578833e+00
3.750000e+02 8.231753e+02 1.670406e+00
3.750000e+02 8.237620e+02 1.674585e+00
3.750000e+02 8.223272e+02 1.670504e+00
3.750000e+02 8.220312e+02 1.664000e+00
3.750000e+02 8.232195e+02 1.658109e+00
3.800000e+02 8.547901e+02 1.750172e+00
3.800000e+02 8.543081e+02 1.731191e+00
3.800000e+02 8.577607e+02 1.751251e+00
3.800000e+02 8.556775e+02 1.769441e+00
3.800000e+02 8.533488e+02 1.766704e+00
3.850000e+02 8.826018e+02 1.823268e+00
3.850000e+02 8.810178e+02 1.817986e+00
3.850000e+02 8.845685e+02 1.797549e+00
3.850000e+02 8.798929e+02 1.854211e+00
3.850000e+02 8.800787e+02 1.843744e+00
3.900000e+02 9.050212e+02 1.866973e+00
3.900000e+02 9.026160e+02 1.918361e+00
3.900000e+02 9.035391e+02 1.845769e+00
3.900000e+02 9.023068e+02 1.842372e+00
3.900000e+02 8.980980e+02 1.846538e+00
3.950000e+02 9.193969e+02 1.889025e+00
3.950000e+02 9.203124e+02 1.899170e+00
3.950000e+02 9.161841e+02 1.882361e+00
3.950000e+02 9.194608e+02 1.924465e+00
3.950000e+02 9.157892e+02 1.929342e+00
